1,0.4544828832,0.2618588209,-0.8513960838,-0.2333816290,0.9574291110,0.1698895693,0.8596384525,0.1214883029,0.4962482154,1,-202.0,109.8,2685.6,1,0.4544828832,0.2618588209,-0.8513960838,-0.2333816290,0.9574291110,0.1698895693,0.8596384525,0.1214883029,0.4962482154,1,-255.5,-85.8,2660.8,1,0.4610785544,0.2434894592,-0.8532991409,-0.2082978934,0.9644461274,0.1626519561,0.8625651002,0.1027450860,0.4954037666,1,-303.9,-277.4,2640.4,1,-0.0274583176,0.3443081379,-0.9384551048,0.7054229379,0.6718407869,0.2258504778,0.7082545757,-0.6558062434,-0.2613304853,1,-322.8,-55.4,2534.8,1,-0.9213057160,0.3443081379,0.1806866825,0.1073469892,0.6718407869,-0.7328755856,-0.3737277091,-0.6558062434,-0.6559311748,1,-316.2,-225.6,2363.9,1,0.7381180525,0.6369077563,0.2225539535,-0.5864327550,0.7687702179,-0.2551253736,-0.3335841894,0.0577997044,0.9409467578,1,-188.2,-116.2,2786.8,1,-0.0129159372,0.6369077563,0.7708318233,0.0856028944,0.7687702179,-0.6337700486,-0.9962456226,0.0577997044,-0.0644505396,1,-47.9,-227.6,2723.4,1,0.8037994504,-0.5466448665,-0.2347035557,-0.1906939745,0.1369513273,-0.9720494747,0.5635088086,0.8260893822,0.0058395169,1,-394.7,-451.8,2539.6,1,0.8037994504,0.3992863595,-0.4409952164,-0.1906939745,0.8751105070,0.4447666705,0.5635088086,-0.2734080851,0.7795549035,1,-182.5,-505.0,2219.0,1,0.6363290548,-0.7224034667,0.2705892920,0.0774096698,-0.2892015576,-0.9541332126,0.7675240040,0.6280889511,-0.1281063259,0,-310.0,-488.1,2699.0,1,0.6363290548,0.0561848804,-0.7693689466,0.0774096698,0.9876593351,0.1361499578,0.7675240040,-0.1461927742,0.6241270900,0,-32.7,-377.2,2458.0,0,-82.3,-252.8,2458.8,1,-50.9,-207.7,2491.9,1,-334.5,-838.2,2323.1,1,-53.6,-744.4,2512.3,0,
2,0.4629268944,0.2588497996,-0.8477590680,-0.2233120203,0.9596192837,0.1710628867,0.8578056097,0.1101251841,0.5020378828,1,-203.3,110.1,2680.7,1,0.4629268944,0.2588497996,-0.8477590680,-0.2233120203,0.9596192837,0.1710628867,0.8578056097,0.1101251841,0.5020378828,1,-255.8,-84.3,2658.4,1,0.4682246447,0.2398286611,-0.8504397869,-0.2028557956,0.9659302831,0.1607117653,0.8600088358,0.0972674340,0.5009229779,1,-303.4,-276.2,2639.0,1,-0.0242558122,0.3381001949,-0.9407975078,0.7119136453,0.6665273309,0.2211793363,0.7018479705,-0.6644017100,-0.2568652928,1,-324.1,-54.7,2532.8,1,-0.9238426089,0.3381001949,0.1794522256,0.1004443094,0.6665273309,-0.7386828065,-0.3693585992,-0.6644017100,-0.6497265697,1,-318.3,-225.0,2364.9,1,0.7345021367,0.6447921991,0.2115411609,-0.5988322496,0.7625027299,-0.2449275553,-0.3192280829,0.0532221384,0.9461822510,1,-187.4,-113.9,2784.0,1,-0.0189633854,0.6447921991,0.7641226649,0.0855666175,0.7625027299,-0.6413017511,-0.9961519837,0.0532221384,-0.0696323216,1,-47.9,-227.6,2723.4,1,0.8196698427,-0.5214359760,-0.2371620834,-0.1726321131,0.1699119359,-0.9702206254,0.5462046266,0.8362023830,0.0492550991,1,-394.5,-450.0,2540.9,1,0.8196698427,0.3664864600,-0.4402601719,-0.1726321131,0.8908675313,0.4201823175,0.5462046266,-0.2684077322,0.7934845686,1,-197.7,-514.1,2225.3,1,0.6414983273,-0.7165195942,0.2740064263,0.0833146647,-0.2899986804,-0.9533936381,0.7625867128,0.6344292164,-0.1263370961,0,-308.1,-486.8,2698.6,1,0.6414983273,0.0506148338,-0.7654528022,0.0833146647,0.9873217940,0.1351087242,0.7625867128,-0.1504454613,0.6291483641,0,-33.1,-375.5,2455.0,0,-88.2,-250.0,2456.9,1,-52.4,-207.5,2489.4,1,-337.4,-853.7,2327.6,1,-51.9,-742.6,2511.0,0,
3,0.4548447728,0.2589614689,-0.8520887494,-0.2204283029,0.9597547054,0.1740180403,0.8628601432,0.1086732745,0.4936218262,1,-203.7,110.5,2678.7,1,0.4548447728,0.2589614689,-0.8520887494,-0.2204283029,0.9597547054,0.1740180403,0.8628601432,0.1086732745,0.4936218262,1,-256.0,-83.6,2656.8,1,0.4600252211,0.2404451519,-0.8547297120,-0.2004530281,0.9659072757,0.1638345569,0.8649829030,0.0959651321,0.4925396442,1,-303.8,-275.5,2637.7,1,-0.0103983553,0.3429635167,-0.9392911792,0.7190662026,0.6553146243,0.2313147634,0.6948637366,-0.6730072498,-0.2534276843,1,-323.2,-54.3,2530.4,1,-0.9229989052,0.3429635167,0.1744965911,0.1020037085,0.6553146243,-0.7484370470,-0.3710367680,-0.6730072498,-0.6398382187,1,-320.8,-223.6,2366.8,1,0.7366845608,0.6432778835,0.2085409760,-0.5998417139,0.7639975548,-0.2376924157,-0.3122270703,0.0500127599,0.9486901164,1,-188.8,-112.9,2783.1,1,-0.0241965484,0.6432778835,0.7652503252,0.0855758041,0.7639975548,-0.6395189762,-0.9960377812,0.0500127599,-0.0735351294,1,-47.9,-227.6,2723.4,1,0.8378279805,-0.5007731318,-0.2174178511,-0.1400986910,0.1876932830,-0.9721849561,0.5276519656,0.8449837565,0.0870970339,1,-394.0,-449.6,2540.8,1,0.8378279805,0.3345909417,-0.4313851595,-0.1400986910,0.8954880238,0.4224613607,0.5276519656,-0.2935134470,0.7971406579,1,-206.9,-519.7,2225.1,1,0.6346310973,-0.7227360010,0.2736715078,0.0851036534,-0.2866111994,-0.9542595744,0.7681151032,0.6288932562,-0.1203849092,0,-309.4,-485.9,2697.9,1,0.6346310973,0.0535577610,-0.7709571719,0.0851036534,0.9866851568,0.1385992318,0.7681151032,-0.1535706520,0.6216230989,0,-32.0,-375.8,2456.5,0,-91.6,-248.9,2459.0,1,-53.6,-207.7,2491.2,1,-334.5,-861.2,2337.0,1,-51.9,-742.8,2513.6,0,
4,0.4188111424,0.2600888312,-0.8700293303,-0.2349856198,0.9565109015,0.1728254408,0.8771424890,0.1320631653,0.4617145658,1,-203.7,111.2,2686.7,1,0.4188111424,0.2600888312,-0.8700293303,-0.2349856198,0.9565109015,0.1728254408,0.8771424890,0.1320631653,0.4617145658,1,-256.8,-83.9,2659.8,1,0.4242275953,0.2422363758,-0.8725551367,-0.2142875195,0.9630448222,0.1631734222,0.8798362613,0.1177550107,0.4604583979,1,-304.8,-275.3,2636.4,1,0.0134485075,0.3456531763,-0.9382659793,0.7180200219,0.6497120261,0.2496427894,0.6958925128,-0.6770510674,-0.2394482493,1,-318.7,-52.6,2531.4,1,-0.9276117086,0.3456531763,0.1416348815,0.1276789606,0.6497120261,-0.7493813038,-0.3510479331,-0.6770510674,-0.6468130946,1,-321.9,-223.3,2366.0,1,0.7495642304,0.6241288185,0.2204918563,-0.5733674765,0.7786442637,-0.2548782229,-0.3307615519,0.0646247491,0.9414990544,1,-194.9,-115.2,2788.2,1,-0.0037023891,0.6241288185,0.7813127041,0.0856585652,0.7786442637,-0.6215913296,-0.9963176847,0.0646247491,-0.0563448220,1,-47.9,-227.6,2723.4,1,0.8421285748,-0.4929463565,-0.2186855972,-0.1362126023,0.1979337186,-0.9707050920,0.5217908025,0.8472462296,0.0995401293,1,-393.8,-449.1,2539.3,1,0.8421285748,0.3269772828,-0.4288418591,-0.1362126023,0.8984019756,0.4175164402,0.5217908025,-0.2931888402,0.8011084199,1,-211.0,-522.5,2225.2,1,0.6042370796,-0.7487661242,0.2724827528,0.0713454261,-0.2897545397,-0.9544381499,0.7936040759,0.5961472988,-0.1216593832,0,-314.0,-486.3,2693.6,1,0.6042370796,0.0652127787,-0.7941315174,0.0713454261,0.9882140756,0.1354356706,0.7936040759,-0.1384929121,0.5924628973,0,-26.8,-375.1,2465.0,0,-86.3,-255.8,2455.1,1,-48.8,-208.1,2496.4,1,-335.8,-865.4,2337.1,1,-51.1,-742.6,2516.4,0,
5,0.4009037614,0.2593624592,-0.8786394596,-0.2409850806,0.9551667571,0.1719961166,0.8838565350,0.1427851170,0.4454324245,1,-204.0,111.7,2691.3,1,0.4009037614,0.2593624592,-0.8786394596,-0.2409850806,0.9551667571,0.1719961166,0.8838565350,0.1427851170,0.4454324245,1,-256.9,-83.0,2662.2,1,0.4063394666,0.2420958579,-0.8810663223,-0.2202056497,0.9617858529,0.1627188921,0.8867906928,0.1278966665,0.4441224337,1,-304.9,-274.1,2636.7,1,0.0009026538,0.3558939099,-0.9345259070,0.7189090848,0.6493618488,0.2479897439,0.6951035261,-0.6720630527,-0.2552692294,1,-316.2,-50.8,2532.7,1,-0.9222299457,0.3558939099,0.1511006504,0.1277645230,0.6493618488,-0.7496702075,-0.3649220765,-0.6720630527,-0.6443315744,1,-316.4,-225.6,2363.7,1,0.7509020567,0.6176369190,0.2338178307,-0.5646587014,0.7840557694,-0.2577151358,-0.3425005972,0.0614915416,0.9375031590,1,-197.5,-115.1,2791.6,1,-0.0094166622,0.6176369190,0.7864069939,0.0855544060,0.7840557694,-0.6147658229,-0.9962890148,0.0614915416,-0.0602247491,1,-47.9,-227.6,2723.4,1,0.8466708660,-0.4886675477,-0.2106003463,-0.1205945462,0.2092658877,-0.9703941345,0.5182715654,0.8470016718,0.1182486862,1,-391.7,-447.0,2532.4,1,0.8466708660,0.3129754364,-0.4303427339,-0.1205945462,0.9005537033,0.4176840484,0.5182715654,-0.3017439246,0.8002157211,1,-214.6,-522.8,2225.4,1,0.5886645913,-0.7610140443,0.2726382613,0.0654770806,-0.2912707925,-0.9543972015,0.8057212830,0.5796714425,-0.1216318309,0,-315.7,-485.4,2692.6,1,0.5886645913,0.0702860728,-0.8053160310,0.0654770806,0.9887939095,0.1341615915,0.8057212830,-0.1317059249,0.5774658322,0,-23.7,-373.6,2470.2,0,-79.5,-258.4,2457.4,1,-50.2,-207.3,2487.2,1,-334.2,-866.7,2340.6,1,-49.9,-741.3,2519.2,0,
6,0.4208967090,0.2578315437,-0.8696947098,-0.2521924078,0.9542169571,0.1608383656,0.8713466525,0.1516340673,0.4666499197,1,-204.8,109.4,2696.0,1,0.4208967090,0.2578315437,-0.8696947098,-0.2521924078,0.9542169571,0.1608383656,0.8713466525,0.1516340673,0.4666499197,1,-257.3,-84.8,2665.2,1,0.4266467690,0.2387263030,-0.8723430037,-0.2300091684,0.9614619017,0.1506214589,0.8746818304,0.1363847256,0.4651138484,1,-304.7,-275.9,2638.0,1,-0.0098925196,0.3413832188,-0.9398721457,0.7102841735,0.6639884710,0.2336999178,0.7038455009,-0.6652644277,-0.2490476370,1,-319.6,-51.2,2537.5,1,-0.9235424399,0.3413832188,0.1747194529,0.1053914949,0.6639884710,-0.7402782440,-0.3687303066,-0.6652644277,-0.6492004395,1,-317.2,-225.1,2365.2,1,0.7506543398,0.6120582819,0.2488025129,-0.5574837923,0.7888656855,-0.2586556673,-0.3545841277,0.0554576367,0.9333780408,1,-195.0,-118.4,2792.8,1,-0.0199796967,0.6120582819,0.7905601859,0.0855304599,0.7888656855,-0.6085848212,-0.9961352348,0.0554576367,-0.0681109279,1,-47.9,-227.6,2723.4,1,0.8439112306,-0.4891948998,-0.2202322185,-0.1246220618,0.2205253392,-0.9673871398,0.5218076706,0.8438346386,0.1251393259,1,-390.2,-445.0,2530.0,1,0.8439112306,0.3234193027,-0.4280348420,-0.1246220618,0.8942093253,0.4299523830,0.5218076706,-0.3094990551,0.7949384451,1,-212.2,-525.2,2223.0,1,0.6053605080,-0.7465720773,0.2759869993,0.0578413047,-0.3045597076,-0.9507353902,0.7938470244,0.5915010571,-0.1411857009,0,-313.0,-488.0,2691.1,1,0.6053605080,0.0614552908,-0.7935754061,0.0578413047,0.9909822941,0.1208655685,0.7938470244,-0.1190686747,0.5963468552,0,-26.6,-371.1,2464.1,0,-83.1,-251.8,2458.6,1,-52.7,-207.2,2486.2,1,-335.7,-866.8,2341.2,1,-49.4,-739.6,2508.4,0,
7,0.4444555342,0.2580316067,-0.8578338623,-0.2575333118,0.9539951086,0.1535248309,0.8579835892,0.1526858360,0.4904601574,1,-203.0,109.2,2695.4,1,0.4444555342,0.2580316067,-0.8578338623,-0.2575333118,0.9539951086,0.1535248309,0.8579835892,0.1526858360,0.4904601574,1,-255.4,-84.8,2664.3,1,0.4501748383,0.2398764044,-0.8601173759,-0.2355360687,0.9610267878,0.1447421610,0.8613160849,0.1374293864,0.4891296327,1,-303.1,-275.7,2637.0,1,-0.0089302007,0.3318769038,-0.9432804585,0.7133144736,0.6632058024,0.2265844196,0.7007871866,-0.6708321571,-0.2426551580,1,-321.2,-50.4,2538.6,1,-0.9275766015,0.3318769038,0.1716373563,0.1000409871,0.6632058024,-0.7417208552,-0.3599909246,-0.6708321571,-0.6483755112,1,-319.0,-224.2,2367.9,1,0.7440018058,0.6219725609,0.2441544682,-0.5691640377,0.7813415527,-0.2560423911,-0.3500193655,0.0515320450,0.9353239536,1,-189.7,-119.1,2790.1,1,-0.0249047484,0.6219725609,0.7826429009,0.0855161250,0.7813415527,-0.6182171106,-0.9960255027,0.0515320450,-0.0726478025,1,-47.9,-227.6,2723.4,1,0.8419568539,-0.4938234687,-0.2173638046,-0.1236220896,0.2155837417,-0.9686285257,0.5251916051,0.8424143791,0.1204647198,1,-391.3,-445.8,2530.8,1,0.8419568539,0.3266778588,-0.4294068217,-0.1236220896,0.8914986253,0.4358300269,0.5251916051,-0.3138659298,0.7909879684,1,-210.7,-524.7,2222.7,1,0.6259950995,-0.7298995852,0.2745481730,0.0533715151,-0.3111371696,-0.9488651752,0.7779984474,0.6086380482,-0.1558144987,0,-309.5,-488.3,2688.7,1,0.6259950995,0.0559042394,-0.7778205276,0.0533715151,0.9920170307,0.1142529175,0.7779984474,-0.1130352318,0.6180140972,0,-29.5,-368.9,2455.1,0,-87.4,-249.1,2457.8,1,-53.9,-207.2,2485.7,1,-335.5,-865.3,2342.6,1,-50.2,-737.8,2497.2,0,
8,0.4318420589,0.2550981641,-0.8651227355,-0.2465700507,0.9560224414,0.1588217020,0.8675918579,0.1447274685,0.4757502675,1,-204.7,108.4,2696.1,1,0.4318420589,0.2550981641,-0.8651227355,-0.2465700507,0.9560224414,0.1588217020,0.8675918579,0.1447274685,0.4757502675,1,-256.6,-85.9,2666.7,1,0.4374725223,0.2361152470,-0.8676792979,-0.2245732993,0.9630240798,0.1488338113,0.8707379699,0.1297468990,0.4743217230,1,-303.5,-277.2,2640.9,1,-0.0255908612,0.3346901238,-0.9419807196,0.7027922869,0.6761489511,0.2211460620,0.7109346390,-0.6563574672,-0.2525208890,1,-320.5,-53.1,2539.5,1,-0.9280584455,0.3346901238,0.1633709520,0.1157570407,0.6761489511,-0.7276145220,-0.3539884984,-0.6563574672,-0.6662484407,1,-314.2,-225.7,2364.9,1,0.7447326183,0.6161458492,0.2563935220,-0.5604864359,0.7860072851,-0.2608591616,-0.3622544706,0.0505652428,0.9307066202,1,-192.7,-118.7,2793.8,1,-0.0273458809,0.6161458492,0.7871572375,0.0855082572,0.7860072851,-0.6122751236,-0.9959621429,0.0505652428,-0.0741796196,1,-47.9,-227.6,2723.4,1,0.8435590267,-0.4886665344,-0.2227401882,-0.1260481328,0.2230124772,-0.9666319489,0.5220345259,0.8434870839,0.1265286803,1,-392.0,-445.1,2530.8,1,0.8435590267,0.3136525452,-0.4359245896,-0.1260481328,0.9046833515,0.4070134461,0.5220345259,-0.2883923948,0.8026890755,1,-215.4,-525.7,2225.8,1,0.6140205860,-0.7385164499,0.2785179019,0.0637151375,-0.3053417802,-0.9501088262,0.7867141366,0.6011321545,-0.1404314488,0,-310.3,-489.2,2694.9,1,0.6140205860,0.0559469350,-0.7873046994,0.0637151375,0.9907159209,0.1200931817,0.7867141366,-0.1239029095,0.6047552824,0,-26.9,-372.0,2464.2,0,-77.8,-255.2,2455.1,1,-54.5,-207.2,2485.5,1,-335.2,-871.2,2336.0,1,-47.7,-740.4,2510.3,0,
9,0.4261366725,0.2495714873,-0.8695525527,-0.2474472970,0.9566941857,0.1533170342,0.8701593876,0.1498344094,0.4694382548,1,-206.0,111.2,2696.9,1,0.4261366725,0.2495714873,-0.8695525527,-0.2474472970,0.9566941857,0.1533170342,0.8701593876,0.1498344094,0.4694382548,1,-256.8,-83.5,2666.4,1,0.4320153594,0.2313385010,-0.8716909885,-0.2239711881,0.9637823701,0.1447771937,0.8736129999,0.1326877028,0.4681819677,1,-302.8,-275.0,2640.1,1,-0.0308829043,0.3641558588,-0.9308258295,0.7025055885,0.6703643203,0.2389509231,0.7110078335,-0.6465308666,-0.2765243351,1,-319.9,-50.8,2538.8,1,-0.9160484672,0.3641558588,0.1680646092,0.1325402409,0.6703643203,-0.7300991416,-0.3785344064,-0.6465308666,-0.6623515487,1,-312.2,-225.0,2362.5,1,0.7415316105,0.6222705245,0.2508190572,-0.5665845275,0.7810305953,-0.2626275420,-0.3593227565,0.0526364185,0.9317277074,1,-193.7,-116.2,2794.0,1,-0.0231506117,0.6222705245,0.7824598551,0.0855729952,0.7810305953,-0.6186020374,-0.9960629344,0.0526364185,-0.0713308901,1,-47.9,-227.6,2723.4,1,0.8464208245,-0.4841759205,-0.2216877043,-0.1346190572,0.2082307190,-0.9687712193,0.5152179003,0.8498315215,0.1110715196,1,-390.5,-448.0,2535.3,1,0.8464208245,0.3208222091,-0.4250233769,-0.1346190572,0.9011318088,0.4121155143,0.5152179003,-0.2916069031,0.8059255481,1,-213.0,-524.4,2223.6,1,0.6080440283,-0.7416393757,0.2832905054,0.0652079955,-0.3089722991,-0.9488329887,0.7912208438,0.5954050422,-0.1395079494,0,-309.1,-487.1,2693.8,1,0.6080440283,0.0528378189,-0.7921430469,0.0652079955,0.9910875559,0.1161611304,0.7912208438,-0.1222851425,0.5991793871,0,-24.5,-368.5,2465.3,0,-76.6,-259.1,2459.9,1,-53.3,-207.6,2490.7,1,-335.5,-868.6,2335.0,1,-44.1,-737.1,2510.7,0,
10,0.4604441524,0.2602684498,-0.8486763239,-0.2495775670,0.9554432631,0.1576044858,0.8518815637,0.1392425001,0.5048854351,1,-202.4,110.1,2686.8,1,0.4604441524,0.2602684498,-0.8486763239,-0.2495775670,0.9554432631,0.1576044858,0.8518815637,0.1392425001,0.5048854351,1,-255.0,-82.9,2658.7,1,0.4661190510,0.2404888123,-0.8514094949,-0.2278420031,0.9625170231,0.1471361071,0.8548806906,0.1254039109,0.5034409761,1,-302.7,-274.2,2633.8,1,-0.0382081755,0.3633853793,-0.9308550954,0.7085501552,0.6667150855,0.2311875373,0.7046253085,-0.6507242322,-0.2829507291,1,-323.0,-49.6,2533.9,1,-0.9157440066,0.3633853793,0.1713593006,0.1271428615,0.6667150855,-0.7343879342,-0.3811136782,-0.6507242322,-0.6567422152,1,-313.8,-220.5,2364.0,1,0.7392713428,0.6383976340,0.2143043429,-0.5926651359,0.7679025531,-0.2430506945,-0.3197278678,0.0526696928,0.9460443854,1,-186.9,-116.2,2783.5,1,-0.0207900554,0.6383976340,0.7694259286,0.0856062248,0.7679025531,-0.6348206401,-0.9961121082,0.0526696928,-0.0706155524,1,-47.9,-227.6,2723.4,1,0.8476128578,-0.4833100736,-0.2190064341,-0.1292822212,0.2121962905,-0.9686376452,0.5146247149,0.8493433595,0.1173769012,1,-388.4,-446.0,2533.6,1,0.8476128578,0.3288801610,-0.4164015949,-0.1292822212,0.8891048431,0.4390657246,0.5146247149,-0.3183244169,0.7961350083,1,-210.1,-524.3,2220.4,1,0.6398687959,-0.7180964351,0.2736885548,0.0608376674,-0.3076886535,-0.9495401382,0.7660722733,0.6242316365,-0.1531930566,0,-307.8,-486.3,2687.3,1,0.6398687959,0.0518947244,-0.7667300105,0.0608376674,0.9911652207,0.1178568378,0.7660722733,-0.1220589727,0.6310585141,0,-32.3,-368.3,2447.8,0,-81.9,-252.7,2460.5,1,-52.7,-207.8,2493.4,1,-335.7,-863.8,2342.0,1,-51.6,-736.9,2493.2,0,
11,0.4292716682,0.2584509254,-0.8654068112,-0.2428309172,0.9559276104,0.1650321335,0.8699189425,0.1393039078,0.4731124938,1,-203.4,110.8,2691.3,1,0.4292716682,0.2584509254,-0.8654068112,-0.2428309172,0.9559276104,0.1650321335,0.8699189425,0.1393039078,0.4731124938,1,-255.8,-83.1,2663.1,1,0.4350010753,0.2436857224,-0.8668283224,-0.2209457010,0.9621382952,0.1596022546,0.8729014993,0.1220948324,0.4723725021,1,-304.2,-274.3,2638.8,1,-0.0144057339,0.3623355627,-0.9319363832,0.6959391832,0.6728617549,0.2508499920,0.7179562449,-0.6449573636,-0.2618565857,1,-319.3,-50.8,2535.7,1,-0.9163354039,0.3623355627,0.1704183370,0.1306433827,0.6728617549,-0.7281410098,-0.3784993887,-0.6449573636,-0.6639037728,1,-315.8,-217.1,2364.2,1,0.7412181497,0.6272588968,0.2390438020,-0.5763039589,0.7772415280,-0.2525259256,-0.3441939056,0.0494149216,0.9375973344,1,-192.3,-115.3,2790.4,1,-0.0276670493,0.6272588968,0.7783192396,0.0856474563,0.7772415280,-0.6233458519,-0.9959412813,0.0494149216,-0.0752271116,1,-47.9,-227.6,2723.4,1,0.8439996243,-0.4912371337,-0.2152921110,-0.1187028959,0.2203691006,-0.9681668878,0.5230432749,0.8426882625,0.1276801676,1,-393.2,-444.5,2530.6,1,0.8439996243,0.3136224151,-0.4350926280,-0.1187028959,0.9003282785,0.4187106788,0.5230432749,-0.3017449081,0.7971045971,1,-214.4,-524.7,2223.9,1,0.6139135361,-0.7413535714,0.2711182535,0.0650943145,-0.2947447002,-0.9533563256,0.7866847515,0.6029266119,-0.1326898485,0,-312.8,-485.7,2694.5,1,0.6139135361,0.0639856532,-0.7867757082,0.0650943145,0.9892110229,0.1312414557,0.7866847515,-0.1317855269,0.6031249166,0,-28.5,-372.7,2463.3,0,-87.1,-249.7,2458.6,1,-54.2,-208.3,2498.3,1,-334.2,-868.6,2339.2,1,-52.3,-740.5,2512.3,0,
12,0.4114280641,0.2566041946,-0.8745748997,-0.2464275509,0.9551308751,0.1643122584,0.8774966598,0.1479166746,0.4562019706,1,-205.3,109.4,2694.5,1,0.4114280641,0.2566041946,-0.8745748997,-0.2464275509,0.9551308751,0.1643122584,0.8774966598,0.1479166746,0.4562019706,1,-257.3,-84.0,2664.6,1,0.4182024300,0.2407681942,-0.8758637905,-0.2203111947,0.9623267055,0.1593432575,0.8812319040,0.1263248771,0.4554913044,1,-305.1,-275.3,2639.5,1,-0.0221053753,0.3770509660,-0.9259286523,0.6989442706,0.6680377126,0.2553477883,0.7148343921,-0.6415280104,-0.2783048451,1,-318.3,-51.9,2535.9,1,-0.9103409052,0.3770509660,0.1706223041,0.1397027522,0.6680377126,-0.7308958769,-0.3895671070,-0.6415280104,-0.6608171463,1,-313.0,-220.9,2363.0,1,0.7481600642,0.6145598888,0.2501452565,-0.5621690750,0.7873670459,-0.2530199587,-0.3524520397,0.0486755073,0.9345631599,1,-196.2,-116.2,2793.2,1,-0.0308827721,0.6145598888,0.7882654667,0.0856685266,0.7873670459,-0.6105031371,-0.9958449602,0.0486755073,-0.0769645125,1,-47.9,-227.6,2723.4,1,0.8445359468,-0.4849061072,-0.2272115201,-0.1321088523,0.2225195765,-0.9659359455,0.5189472437,0.8457843065,0.1238653883,1,-392.5,-445.2,2534.6,1,0.8445359468,0.3269104064,-0.4241327643,-0.1321088523,0.8947448730,0.4265898168,0.5189472437,-0.3042387366,0.7988319993,1,-213.6,-527.3,2222.5,1,0.5985998511,-0.7526908517,0.2741070688,0.0659177750,-0.2947401702,-0.9533011317,0.7983314395,0.5887144804,-0.1268157065,0,-314.6,-486.7,2695.2,1,0.5985998511,0.0658891723,-0.7983337641,0.0659177750,0.9891797304,0.1310662329,0.7983314395,-0.1310806125,0.5877795815,0,-25.8,-373.6,2469.3,0,-81.1,-256.5,2462.2,1,-54.8,-208.5,2500.8,1,-338.4,-869.1,2338.7,1,-50.3,-741.5,2518.0,0,
13,0.4153994918,0.2562720776,-0.8727931380,-0.2499099672,0.9547247887,0.1613862813,0.8746361136,0.1510799378,0.4606371522,1,-205.2,109.9,2695.1,1,0.4153994918,0.2562720776,-0.8727931380,-0.2499099672,0.9547247887,0.1613862813,0.8746361136,0.1510799378,0.4606371522,1,-257.3,-84.2,2664.4,1,0.4218397141,0.2385139912,-0.8747355938,-0.2249596417,0.9621434212,0.1538610607,0.8783190846,0.1318755001,0.4595263302,1,-304.7,-275.4,2638.2,1,-0.0181378350,0.3628943264,-0.9316537380,0.7034806609,0.6667738557,0.2460236102,0.7104828954,-0.6509380937,-0.2673829496,1,-318.9,-51.3,2536.2,1,-0.9172503948,0.3628943264,0.1641932875,0.1325175017,0.6667738557,-0.7333837748,-0.3756206036,-0.6509380937,-0.6596884131,1,-314.6,-218.3,2367.5,1,0.7495691180,0.6133086681,0.2489951998,-0.5608486533,0.7882500291,-0.2532007396,-0.3515607119,0.0501428284,0.9348212481,1,-195.7,-117.0,2792.7,1,-0.0289452430,0.6133086681,0.7893127799,0.0858723596,0.7882500291,-0.6093338728,-0.9958856106,0.0501428284,-0.0754823536,1,-47.9,-227.6,2723.4,1,0.8447888494,-0.4832177460,-0.2298530638,-0.1349070966,0.2233418971,-0.9653592706,0.5178145170,0.8465335369,0.1234872416,1,-391.3,-446.3,2533.6,1,0.8447888494,0.3278157711,-0.4229286611,-0.1349070966,0.8953217864,0.4244984984,0.5178145170,-0.3015555143,0.8005825281,1,-213.6,-528.4,2222.4,1,0.6011571288,-0.7498548031,0.2762750387,0.0623826720,-0.3006298840,-0.9516985416,0.7966922522,0.5893551111,-0.1339478493,0,-313.5,-487.2,2692.6,1,0.6011571288,0.0626463294,-0.7966715693,0.0623826720,0.9902014732,0.1249376535,0.7966922522,-0.1248056591,0.5913586617,0,-25.7,-371.8,2466.4,0,-84.5,-251.6,2461.7,1,-54.0,-209.8,2516.4,1,-338.8,-870.5,2337.6,1,-49.0,-740.0,2512.8,0,
14,0.4619709849,0.2628001869,-0.8470648527,-0.2441360801,0.9558736086,0.1634113044,0.8526314497,0.1313078105,0.5057448745,1,-203.2,109.6,2685.5,1,0.4619709849,0.2628001869,-0.8470648527,-0.2441360801,0.9558736086,0.1634113044,0.8526314497,0.1313078105,0.5057448745,1,-256.5,-83.9,2658.9,1,0.4677449465,0.2443918288,-0.8494040966,-0.2222951949,0.9626500607,0.1545628905,0.8554527760,0.1165224314,0.5046018362,1,-304.9,-275.2,2635.7,1,-0.0510598905,0.3600643873,-0.9315291643,0.7192663550,0.6603603959,0.2158242613,0.6928555369,-0.6589975953,-0.2927001119,1,-324.7,-51.5,2534.1,1,-0.9221749306,0.3600643873,0.1412341446,0.1449923664,0.6603603959,-0.7368184328,-0.3585675061,-0.6589975953,-0.6611743569,1,-312.6,-221.7,2370.2,1,0.7309359312,0.6156922579,0.2943734527,-0.5633201003,0.7878203988,-0.2490170747,-0.3852312863,0.0161890332,0.9226780534,0,-188.2,-116.4,2783.6,1,-0.0766311064,0.6156922579,0.7842516899,0.0803103894,0.7878203988,-0.6106466055,-0.9938198328,0.0161890332,-0.1098180339,0,-44.6,-227.1,2707.9,0,0.8442332745,-0.4842128456,-0.2298000753,-0.1328659207,0.2262984216,-0.9649537206,0.5192463994,0.8451786637,0.1267132759,1,-390.8,-445.9,2531.5,1,0.8442332745,0.3245754242,-0.4265219271,-0.1328659207,0.8976830244,0.4201331437,0.5192463994,-0.2980201542,0.8009788990,1,-214.8,-528.2,2224.2,1,0.6423084140,-0.7174097896,0.2697463036,0.0649190620,-0.2997557521,-0.9518045783,0.7636919618,0.6288638115,-0.1459620744,0,-310.6,-486.9,2690.9,1,0.6423084140,0.0550358742,-0.7644677162,0.0649190620,0.9899276495,0.1258125007,0.7636919618,-0.1304389536,0.6322659850,0,-35.6,-372.0,2449.9,0,-77.1,-258.7,2461.7,1,-59.9,-211.1,2509.4,0,-338.8,-871.2,2338.1,1,-56.0,-740.1,2498.4,0,
15,0.4646114409,0.2542375922,-0.8482331634,-0.2466494739,0.9571449161,0.1517814398,0.8504706025,0.1386968642,0.5074080229,1,-204.2,108.6,2692.1,1,0.4646114409,0.2542375922,-0.8482331634,-0.2466494739,0.9571449161,0.1517814398,0.8504706025,0.1386968642,0.5074080229,1,-255.9,-86.1,2663.9,1,0.4699251652,0.2379425764,-0.8500315547,-0.2259154320,0.9633304477,0.1447640210,0.8533068299,0.1240069866,0.5064481497,1,-303.2,-277.5,2639.3,1,-0.0208250415,0.3535939753,-0.9351671338,0.6919213533,0.6802744269,0.2418088168,0.7216724753,-0.6420264840,-0.2588259876,1,-324.5,-53.1,2539.3,1,-0.9286139011,0.3535939753,0.1124612316,0.1727674752,0.6802744269,-0.7123047709,-0.3283711672,-0.6420264840,-0.6928018332,1,-319.7,-213.6,2371.9,1,0.7348948717,0.6100858450,0.2961837351,-0.5558032990,0.7920597792,-0.2524360716,-0.3886029124,0.0208940711,0.9211683869,0,-187.3,-119.1,2788.5,1,-0.0774527341,0.6100858450,0.7885406613,0.0858605951,0.7920597792,-0.6043750644,-0.9932920337,0.0208940711,-0.1137295291,0,-43.0,-228.2,2712.1,0,0.8415306807,-0.4909530580,-0.2253691256,-0.1278814971,0.2242826670,-0.9660971165,0.5248547196,0.8418208957,0.1259569228,1,-396.3,-446.1,2534.3,1,0.8415306807,0.3296992779,-0.4279305041,-0.1278814971,0.8912235498,0.4351630509,0.5248547196,-0.3114786744,0.7921543717,1,-213.6,-529.6,2221.2,1,0.6424526572,-0.7149062157,0.2759777009,0.0632503703,-0.3094341755,-0.9488149881,0.7637106776,0.6270244122,-0.1535787284,0,-307.3,-489.6,2692.8,1,0.6424526572,0.0482694022,-0.7648036480,0.0632503703,0.9912689924,0.1156941727,0.7637106776,-0.1227021441,0.6337903738,0,-33.1,-370.9,2452.3,0,-92.3,-255.9,2452.3,1,-58.2,-211.4,2517.5,0,-339.6,-870.1,2340.2,1,-51.0,-739.5,2497.9,0,
16,0.4484189451,0.2578312755,-0.8558291197,-0.2432514727,0.9565547109,0.1607226878,0.8600867391,0.1361106038,0.4916550815,1,-204.8,108.4,2693.9,1,0.4484189451,0.2578312755,-0.8558291197,-0.2432514727,0.9565547109,0.1607226878,0.8600867391,0.1361106038,0.4916550815,1,-257.0,-85.3,2666.4,1,0.4535047412,0.2439230829,-0.8572251797,-0.2238031924,0.9621683359,0.1553841978,0.8626967072,0.1213822588,0.4909386635,1,-305.5,-276.5,2642.2,1,-0.0267025512,0.3632034659,-0.9313271046,0.6910259128,0.6799183488,0.2453451008,0.7223365903,-0.6370198727,-0.2691385746,1,-323.2,-52.6,2540.4,1,-0.9249261618,0.3632034659,0.1122268364,0.1807644516,0.6799183488,-0.7106583118,-0.3344186544,-0.6370198727,-0.6945285201,1,-316.9,-215.7,2369.9,1,0.7368093729,0.6162282228,0.2781631649,-0.5649245977,0.7871649265,-0.2474501282,-0.3714460433,0.0251823664,0.9281129837,0,-190.8,-118.0,2792.3,1,-0.0598694943,0.6162282228,0.7852887511,0.0787029564,0.7871649265,-0.6117002368,-0.9950987101,0.0251823664,-0.0956261531,0,-46.2,-228.8,2719.4,0,0.8444527984,-0.4892494678,-0.2180238962,-0.1270942241,0.2123960555,-0.9688833952,0.5203331113,0.8458858728,0.1171776578,1,-393.5,-448.2,2536.4,1,0.8444527984,0.3252065480,-0.4256056547,-0.1270942241,0.8935517669,0.4305953383,0.5203331113,-0.3095254302,0.7958941460,1,-212.2,-526.9,2223.1,1,0.6299549937,-0.7280265689,0.2704329491,0.0632099211,-0.2989942729,-0.9521591067,0.7740550041,0.6169114113,-0.1423344314,0,-312.4,-488.2,2697.2,1,0.6299549937,0.0587719642,-0.7744046450,0.0632099211,0.9899443388,0.1265493184,0.7740550041,-0.1286704242,0.6199054122,0,-33.0,-373.5,2460.5,0,-83.6,-261.4,2454.3,1,-57.8,-213.6,2526.4,0,-336.5,-868.3,2341.4,1,-54.9,-741.6,2508.3,0,
17,0.4569762945,0.2574313879,-0.8514116406,-0.2476810962,0.9561721683,0.1561692953,0.8542989492,0.1395128965,0.5007088780,1,-205.1,109.3,2694.9,1,0.4569762945,0.2574313879,-0.8514116406,-0.2476810962,0.9561721683,0.1561692953,0.8542989492,0.1395128965,0.5007088780,1,-257.5,-85.2,2666.5,1,0.4624491930,0.2416628897,-0.8530766368,-0.2266427577,0.9623941183,0.1497687101,0.8571894765,0.1240832284,0.4998295009,1,-305.5,-276.4,2641.8,1,-0.0473851971,0.3678528368,-0.9286758900,0.6970477700,0.6781005263,0.2330322862,0.7154572010,-0.6362891793,-0.2885429263,1,-325.0,-52.1,2541.3,1,-0.9202266335,0.3678528368,0.1336682290,0.1671023965,0.6781005263,-0.7157209516,-0.3539204895,-0.6362891793,-0.6854752898,1,-313.6,-220.1,2368.9,1,0.7353723049,0.6136047840,0.2876052260,-0.5604700446,0.7892702222,-0.2508502603,-0.3809211552,0.0232742149,0.9243145585,0,-190.0,-118.3,2791.7,1,-0.0693094358,0.6136047840,0.7865656018,0.0831983238,0.7892702222,-0.6083835363,-0.9941198230,0.0232742149,-0.1057547629,0,-45.7,-228.3,2716.9,0,0.8434685469,-0.4905540943,-0.2189006507,-0.1302448213,0.2085835040,-0.9692931771,0.5211497545,0.8460789323,0.1120414957,1,-395.5,-447.2,2539.0,1,0.8434685469,0.3324569464,-0.4219397902,-0.1302448213,0.8886053562,0.4397917390,0.5211497545,-0.3159950078,0.7928115129,1,-210.5,-525.8,2220.0,1,0.6370376348,-0.7210915089,0.2724153697,0.0614869073,-0.3047424257,-0.9504479766,0.7683764696,0.6222211123,-0.1497946978,0,-311.1,-488.5,2695.7,1,0.6370376348,0.0540631935,-0.7689344883,0.0614869073,0.9907948971,0.1206019670,0.7683764696,-0.1241073906,0.6278494596,0,-34.4,-371.5,2456.9,0,-78.0,-262.9,2459.5,1,-59.1,-212.2,2525.0,0,-337.6,-865.4,2340.8,1,-54.5,-739.9,2503.1,0,
18,0.4479241669,0.2549964786,-0.8569368124,-0.2323763371,0.9587300420,0.1638228297,0.8633453250,0.1257516295,0.4886935055,1,-206.6,109.1,2695.3,1,0.4479241669,0.2549964786,-0.8569368124,-0.2323763371,0.9587300420,0.1638228297,0.8633453250,0.1257516295,0.4886935055,1,-258.4,-85.6,2669.8,1,0.4518361390,0.2428146154,-0.8584201336,-0.2172730416,0.9632227421,0.1580959558,0.8652378321,0.1150780916,0.4879759252,1,-306.6,-277.0,2646.9,1,-0.0403242707,0.3534521163,-0.9345830679,0.6859049201,0.6899407506,0.2313356698,0.7265730500,-0.6317067146,-0.2702559233,1,-324.4,-53.9,2543.4,1,-0.9221494198,0.3534521163,0.1572005153,0.1434987485,0.6899407506,-0.7094997764,-0.3592332304,-0.6317067146,-0.6869484186,1,-314.7,-217.9,2369.7,1,0.7383057475,0.6153824925,0.2760598361,-0.5670365691,0.7879582644,-0.2399817854,-0.3652042150,0.0206438974,0.9306985140,0,-192.4,-117.4,2796.1,1,-0.0574717298,0.6153824925,0.7861306667,0.0709742233,0.7879582644,-0.6116244197,-0.9958211184,0.0206438974,-0.0889616162,0,-47.6,-228.6,2724.5,0,0.8424935341,-0.4897200465,-0.2244525999,-0.1347789913,0.2117839456,-0.9679784179,0.5215739012,0.8457670212,0.1124226227,1,-395.9,-446.9,2538.6,1,0.8424935341,0.3174138367,-0.4352621436,-0.1347789913,0.9064769149,0.4001677930,0.5215739012,-0.2784745693,0.8064815998,1,-214.8,-525.2,2225.8,1,0.6281967163,-0.7291269302,0.2715561688,0.0692812875,-0.2952133119,-0.9529161453,0.7749638557,0.6174325943,-0.1349371821,0,-313.5,-488.4,2703.4,1,0.6281967163,0.0582450815,-0.7758713365,0.0692812875,0.9890454412,0.1303428859,0.7749638557,-0.1356343329,0.6172798276,0,-33.6,-375.0,2466.4,0,-82.5,-254.0,2460.2,1,-58.6,-214.9,2532.7,0,-336.0,-871.3,2332.1,1,-55.3,-742.8,2516.8,0,
19,0.4691207707,0.2503699958,-0.8469005823,-0.2353985608,0.9597275257,0.1533316225,0.8511834145,0.1274281144,0.5091648698,1,-204.9,105.3,2695.5,1,0.4691207707,0.2503699958,-0.8469005823,-0.2353985608,0.9597275257,0.1533316225,0.8511834145,0.1274281144,0.5091648698,1,-255.7,-89.2,2669.7,1,0.4731202722,0.2350112647,-0.8490741253,-0.2195404917,0.9648108482,0.1447133422,0.8532052636,0.1179393306,0.5080660582,1,-302.4,-280.9,2646.3,1,-0.0191299301,0.3294600546,-0.9439756870,0.6844598651,0.6925362945,0.2278336138,0.7287995219,-0.6417550445,-0.2387503684,1,-324.8,-57.1,2545.1,1,-0.9304484129,0.3294600546,0.1603800654,0.1226860806,0.6925362945,-0.7108737826,-0.3452735543,-0.6417550445,-0.6847894788,1,-320.2,-219.7,2372.0,1,0.7360196114,0.6073038578,0.2990938425,-0.5560496449,0.7943515778,-0.2445698678,-0.3861138821,0.0136972154,0.9223493934,0,-186.6,-121.2,2794.3,1,-0.0801381022,0.6073038578,0.7904175520,0.0784023628,0.7943515778,-0.6023775339,-0.9936956167,0.0136972154,-0.1112718880,0,-42.2,-230.3,2718.6,0,0.8500641584,-0.4815571010,-0.2132924646,-0.1282532364,0.2035180479,-0.9706345797,0.5108248591,0.8524571061,0.1112421304,1,-396.3,-448.5,2544.7,1,0.8500641584,0.3112768531,-0.4248501360,-0.1282532364,0.9047177434,0.4062473178,0.5108248591,-0.2908478677,0.8089904189,1,-215.9,-524.8,2225.2,1,0.6444073915,-0.7121250629,0.2785982192,0.0695429072,-0.3082454503,-0.9487615824,0.7615135312,0.6307635307,-0.1491123885,0,-305.7,-492.7,2701.0,1,0.6444073915,0.0447200239,-0.7633735538,0.0695429072,0.9907243252,0.1167438626,0.7615135312,-0.1283178329,0.6353201270,0,-32.4,-374.4,2459.0,0,-87.4,-250.4,2458.4,1,-57.6,-215.2,2527.5,0,-334.7,-870.3,2336.3,1,-49.1,-742.8,2506.7,0,
20,0.4684449136,0.2516113520,-0.8469067812,-0.2362452000,0.9593567252,0.1543466151,0.8513211012,0.1277747750,0.5088477731,1,-204.7,104.1,2695.7,1,0.4684449136,0.2516113520,-0.8469067812,-0.2362452000,0.9593567252,0.1543466151,0.8513211012,0.1277747750,0.5088477731,1,-255.7,-90.4,2669.8,1,0.4727452695,0.2360354364,-0.8489989042,-0.2192780375,0.9646627903,0.1460919827,0.8534805775,0.1171025187,0.5077971816,1,-302.6,-282.0,2646.5,1,-0.0164821465,0.3213583529,-0.9468141794,0.6850569248,0.6933845878,0.2234162986,0.7283030748,-0.6449392438,-0.2315772325,1,-324.8,-58.3,2545.1,1,-0.9324250221,0.3213583529,0.1652646810,0.1128344089,0.6933845878,-0.7116784453,-0.3432958126,-0.6449392438,-0.6827893853,1,-320.8,-221.0,2372.1,1,0.7355370522,0.6081234813,0.2986152768,-0.5571685433,0.7937341332,-0.2440272719,-0.3854198456,0.0131120589,0.9226481318,0,-186.6,-122.4,2794.4,1,-0.0798537135,0.6081234813,0.7898159623,0.0775970668,0.7937341332,-0.6032949090,-0.9937816858,0.0131120589,-0.1105712205,0,-42.4,-231.7,2718.8,0,0.8575244546,-0.4731662571,-0.2019047588,-0.1218146086,0.1945505142,-0.9732992053,0.4998129904,0.8592227697,0.1091932580,1,-392.5,-452.5,2544.6,1,0.8575244546,0.3071177900,-0.4127111435,-0.1218146086,0.9006536007,0.4171143174,0.4998129904,-0.3074114621,0.8097438812,1,-215.2,-525.3,2222.7,1,0.6443613172,-0.7125481963,0.2776212990,0.0696422979,-0.3068496883,-0.9492066503,0.7615434527,0.6309661865,-0.1480985582,0,-306.2,-493.8,2701.5,1,0.6443613172,0.0457522795,-0.7633513212,0.0696422979,0.9905498624,0.1181562319,0.7615434527,-0.1292968392,0.6350857019,0,-32.7,-376.1,2459.3,0,-90.9,-248.9,2456.8,1,-57.7,-216.8,2527.8,0,-332.5,-869.4,2340.2,1,-49.7,-744.4,2507.3,0,
21,0.4753505886,0.2487625331,-0.8438951373,-0.2391441613,0.9596125484,0.1481680870,0.8466710448,0.1313808113,0.5156425238,1,-206.9,101.4,2695.2,1,0.4753505886,0.2487625331,-0.8438951373,-0.2391441613,0.9596125484,0.1481680870,0.8466710448,0.1313808113,0.5156425238,1,-257.4,-93.2,2668.6,1,0.4794838130,0.2339339256,-0.8457955718,-0.2226666063,0.9647038579,0.1405918002,0.8488314748,0.1209189296,0.5146491528,1,-303.9,-284.9,2644.5,1,-0.0447728038,0.3230418265,-0.9453250170,0.6819142103,0.7014134526,0.2073939145,0.7300605774,-0.6353449225,-0.2516910434,1,-327.4,-60.7,2544.6,1,-0.9320881963,0.3230418265,0.1638765931,0.1195562631,0.7014134526,-0.7026560307,-0.3419325352,-0.6353449225,-0.6924008727,1,-316.6,-225.3,2368.4,1,0.7344838381,0.6057690382,0.3059041798,-0.5526935458,0.7955291271,-0.2483209521,-0.3937808275,0.0133164674,0.9191079140,0,-187.3,-125.8,2792.5,1,-0.0871605203,0.6057690382,0.7908520103,0.0829873085,0.7955291271,-0.6002054214,-0.9927316904,0.0133164674,-0.1196098700,0,-43.3,-234.2,2715.3,0,0.8506987691,-0.4788053036,-0.2169264108,-0.1382493228,0.1943535209,-0.9711405039,0.5071476102,0.8561379313,0.0991417989,1,-392.9,-453.6,2544.9,1,0.8506987691,0.3294324875,-0.4096166790,-0.1382493228,0.8920370936,0.4302986264,0.5071476102,-0.3094252944,0.8043987155,1,-212.6,-526.8,2222.6,1,0.6495580673,-0.7070941925,0.2794497013,0.0673290864,-0.3126069605,-0.9474933743,0.7573249936,0.6342670321,-0.1554483771,0,-306.4,-497.1,2698.3,1,0.6495580673,0.0418085568,-0.7591615915,0.0673290864,0.9914012551,0.1122069433,0.7573249936,-0.1239985898,0.6411577463,0,-35.0,-377.1,2454.8,0,-80.6,-255.5,2455.0,1,-60.0,-218.2,2524.5,0,-338.4,-867.5,2340.8,1,-50.5,-745.7,2501.0,0,
22,0.4667629302,0.2424650937,-0.8504957557,-0.2363644689,0.9609017968,0.1442205608,0.8522113562,0.1337101758,0.5058234334,1,-208.6,99.0,2695.5,1,0.4667629302,0.2424650937,-0.8504957557,-0.2363644689,0.9609017968,0.1442205608,0.8522113562,0.1337101758,0.5058234334,1,-257.7,-95.6,2668.4,1,0.4703336358,0.2287987471,-0.8523129821,-0.2217686772,0.9654566050,0.1367924809,0.8541691303,0.1246782169,0.5048270822,1,-303.2,-287.5,2643.6,1,-0.0341627598,0.3053025007,-0.9516423941,0.6852905750,0.7002542615,0.2000519931,0.7274680734,-0.6453172565,-0.2331435382,1,-326.4,-63.2,2543.6,1,-0.9369899631,0.3053025007,0.1698241085,0.1000540853,0.7002542615,-0.7068473101,-0.3347223103,-0.6453172565,-0.6866779923,1,-318.3,-225.6,2371.3,1,0.7411767840,0.6025350690,0.2959871590,-0.5494659543,0.7978079915,-0.2481724918,-0.3856735528,0.0213048235,0.9223893285,0,-189.0,-128.0,2793.2,1,-0.0758045241,0.6025350690,0.7944841981,0.0837836787,0.7978079915,-0.5970617533,-0.9935964942,0.0213048235,-0.1109600589,0,-43.6,-235.8,2717.5,0,0.8456407189,-0.4861853719,-0.2202625722,-0.1457441598,0.1866569370,-0.9715543389,0.5134690404,0.8536878824,0.0869860277,1,-394.3,-456.2,2542.6,1,0.8456407189,0.3266403377,-0.4221349359,-0.1457441598,0.9021344781,0.4060936272,0.5134690404,-0.2818856239,0.8104875088,1,-213.0,-525.9,2224.2,1,0.6403604150,-0.7132720947,0.2849235833,0.0690295026,-0.3160119653,-0.9462406635,0.7649663091,0.6256031990,-0.1531247348,0,-305.5,-499.7,2697.2,1,0.6403604150,0.0394285470,-0.7670618892,0.0690295026,0.9916856885,0.1086020470,0.7649663091,-0.1224943474,0.6323145628,0,-31.7,-378.4,2457.0,0,-84.8,-250.5,2454.7,1,-58.2,-219.7,2526.6,0,-337.7,-870.4,2331.8,1,-46.4,-747.2,2502.6,0,
23,0.4667180479,0.2468368411,-0.8492619395,-0.2390767336,0.9597236514,0.1475560516,0.8514790535,0.1341716945,0.5069332719,1,-204.7,103.5,2696.1,1,0.4667180479,0.2468368411,-0.8492619395,-0.2390767336,0.9597236514,0.1475560516,0.8514790535,0.1341716945,0.5069332719,1,-255.1,-92.3,2668.8,1,0.4714291096,0.2308954000,-0.8511415124,-0.2200926095,0.9653829932,0.1399819255,0.8539987206,0.1213383973,0.5059280396,1,-301.0,-284.1,2644.6,1,-0.0163368117,0.2956880927,-0.9551448226,0.7006347775,0.6849036813,0.2000447661,0.7133330703,-0.6659395695,-0.2183585018,1,-323.9,-60.1,2544.0,1,-0.9421935678,0.2956880927,0.1576065272,0.0940801576,0.6849036813,-0.7225343585,-0.3215900958,-0.6659395695,-0.6731302142,1,-320.1,-226.3,2374.8,1,0.7394313216,0.6041018367,0.2971570790,-0.5520593524,0.7967081666,-0.2459402084,-0.3853203952,0.0178075414,0.9226109982,0,-186.2,-124.4,2793.5,1,-0.0774139315,0.6041018367,0.7931381464,0.0809097290,0.7967081666,-0.5989238024,-0.9937105775,0.0178075414,-0.1105540246,0,-41.1,-232.7,2717.9,0,0.8482904434,-0.4831960797,-0.2166214287,-0.1431699842,0.1845613420,-0.9723371267,0.5098094344,0.8558380008,0.0873824507,1,-391.8,-459.0,2540.5,1,0.8482904434,0.3268496990,-0.4166204035,-0.1431699842,0.8990365863,0.4138062298,0.5098094344,-0.2913803458,0.8094392419,1,-213.0,-527.3,2224.0,1,0.6418600082,-0.7127683759,0.2828019559,0.0701157153,-0.3127000034,-0.9472604990,0.7636095285,0.6278375387,-0.1507333666,0,-303.6,-496.1,2698.9,1,0.6418600082,0.0411243849,-0.7657182813,0.0701157153,0.9912303090,0.1120101362,0.7636095285,-0.1255837083,0.6333476305,0,-30.0,-376.1,2457.8,0,-89.5,-249.3,2453.5,1,-56.0,-217.2,2527.0,0,-337.9,-870.7,2335.3,1,-45.3,-744.7,2504.5,0,
