1,0.9996633530,0.0254590679,0.0049961000,-0.0254611913,0.9996757507,0.0003616879,-0.0049852720,-0.0004887728,0.9999874830,1,134.6,492.7,2208.7,1,0.9996633530,0.0254590679,0.0049961000,-0.0254611913,0.9996757507,0.0003616879,-0.0049852720,-0.0004887728,0.9999874830,1,129.2,280.0,2208.8,1,0.9997860193,-0.0200986993,0.0048892605,0.0202762391,0.9990147948,-0.0394750237,-0.0040910468,0.0395657159,0.9992085695,1,133.2,81.6,2201.0,1,0.8830115795,-0.1963682026,-0.4262981415,-0.1063008085,0.8009977937,-0.5891541839,0.4571550488,0.5655457973,0.6864162087,1,-16.8,277.0,2209.4,1,-0.9432061315,-0.1963682026,-0.2679584920,-0.3119282722,0.8009977937,0.5109826326,0.1142934188,0.5655457973,-0.8167588115,1,-223.5,301.9,2102.4,1,0.7687091827,0.4190875590,0.4831685424,-0.5500594974,0.0476941764,0.8337624073,0.3263751268,-0.9066922665,0.2671860456,1,275.2,283.0,2208.3,1,-0.5233496428,0.4190875590,0.7419371605,-0.8033425808,0.0476941764,-0.5936042666,-0.2841582298,-0.9066922665,0.3117101490,1,454.1,154.9,2284.3,1,0.9944912195,0.0786732957,0.0692651942,-0.0891629755,0.9823573232,0.1643900424,-0.0551100634,-0.1696603447,0.9839605093,1,48.5,-132.5,2189.5,1,0.9981077313,0.0060520032,0.0611904934,-0.0101547698,0.9977038503,0.0669621527,-0.0606447347,-0.0674568266,0.9958773851,1,17.2,-522.9,2256.9,1,0.9817939997,0.1323220581,-0.1362768114,-0.1207802445,0.9886117578,0.0897717848,0.1466036439,-0.0716778561,0.9865949750,1,231.6,-124.4,2187.3,1,0.9903316498,-0.0336604081,-0.1345743388,0.0476865545,0.9935995340,0.1024009287,0.1302661449,-0.1078282669,0.9855982065,1,179.0,-517.1,2215.8,1,32.2,386.5,2071.4,1,313.8,-60.5,2208.1,1,14.9,-903.9,2282.7,1,191.9,-896.7,2256.9,1,
2,0.9998645782,0.0162856318,-0.0023764570,-0.0163071398,0.9998235106,-0.0093302764,0.0022240882,0.0093677659,0.9999536276,1,135.5,494.7,2211.3,1,0.9998645782,0.0162856318,-0.0023764570,-0.0163071398,0.9998235106,-0.0093302764,0.0022240882,0.0093677659,0.9999536276,1,132.1,286.5,2209.3,1,0.9999631643,-0.0082206149,-0.0024746249,0.0081326747,0.9994000793,-0.0336649455,0.0027498871,0.0336435810,0.9994301200,1,133.7,88.0,2202.6,1,0.8842335939,-0.2111702412,-0.4165790379,-0.0668223649,0.8255688548,-0.5603310466,0.4622399211,0.5233002901,0.7158848047,1,-14.0,285.3,2208.9,1,-0.9421826005,-0.2111702412,-0.2601904571,-0.3144352436,0.8255688548,0.4685792923,0.1158551201,0.5233002901,-0.8442359567,1,-218.6,300.8,2101.9,1,0.7542655468,0.4235985279,0.5016450286,-0.5732721090,0.0524352379,0.8176855445,0.3200665116,-0.9043311477,0.2823873162,1,278.1,287.7,2209.7,1,-0.5260894299,0.4235985279,0.7374240756,-0.7984631062,0.0524352379,-0.5997559428,-0.2927227318,-0.9043311477,0.3106421530,1,454.3,153.8,2284.5,1,0.9953216910,0.0730763450,0.0632031262,-0.0820776075,0.9846399426,0.1541021019,-0.0509711020,-0.1585687250,0.9860314131,1,45.5,-118.7,2193.4,1,0.9983702302,0.0027509080,0.0570025332,-0.0069102817,0.9973152876,0.0729002208,-0.0566489585,-0.0731753111,0.9957089424,1,16.4,-509.9,2256.4,1,0.9820056558,0.1218180954,-0.1443096101,-0.1111492962,0.9905908704,0.0798468068,0.1526785791,-0.0623701029,0.9863058329,1,228.8,-114.9,2192.7,1,0.9893812537,-0.0172330514,-0.1443180591,0.0289921407,0.9963909388,0.0797781348,0.1424223781,-0.0831150785,0.9863101840,1,180.4,-508.5,2217.5,1,32.5,384.6,2071.1,1,313.2,-60.3,2206.0,1,15.4,-890.9,2284.4,1,186.9,-889.0,2249.2,1,
3,0.9995721579,0.0292429551,0.0006333117,-0.0292376634,0.9995467067,-0.0071794568,-0.0008429732,0.0071578687,0.9999740124,1,135.7,495.0,2212.5,1,0.9995721579,0.0292429551,0.0006333117,-0.0292376634,0.9995467067,-0.0071794568,-0.0008429732,0.0071578687,0.9999740124,1,129.3,275.9,2210.9,1,0.9999128580,-0.0131997019,0.0002436782,0.0131927812,0.9983602762,-0.0557015054,0.0004919646,0.0556998663,0.9984474182,1,131.9,77.6,2199.9,1,0.8551633358,-0.2113493532,-0.4733150303,-0.1328847408,0.7932045460,-0.5942795277,0.5010362267,0.5711024404,0.6502343416,1,-16.8,273.9,2210.8,1,-0.9406315684,-0.2113493532,-0.2656007111,-0.3238412738,0.7932045460,0.5157066584,0.1016814336,0.5711024404,-0.8145568967,1,-209.1,303.8,2098.2,1,0.7833583951,0.4224471748,0.4559473097,-0.5301986933,0.0712968633,0.8448705077,0.3244055510,-0.9035790563,0.2798319459,1,275.3,277.8,2211.0,1,-0.5097661614,0.4224471748,0.7494510412,-0.8056039214,0.0712968633,-0.5881488323,-0.3018953502,-0.9035790563,0.3039803803,1,454.7,156.4,2285.3,1,0.9955593348,0.0680608526,0.0650335923,-0.0763051882,0.9880269766,0.1340904683,-0.0551286340,-0.1384574175,0.9888328314,1,43.6,-111.3,2195.6,1,0.9980559945,0.0019587101,0.0622926503,-0.0078787850,0.9954524040,0.0949336141,-0.0618234202,-0.0952398553,0.9935327172,1,16.6,-503.8,2250.6,1,0.9820048213,0.1251643449,-0.1414230317,-0.1171461940,0.9910697341,0.0636987463,0.1481328905,-0.0459853075,0.9878977537,1,227.0,-109.8,2196.2,1,0.9891938567,-0.0429080613,-0.1401941627,0.0535961613,0.9958633780,0.0733727142,0.1364659518,-0.0800937042,0.9874016643,1,177.3,-503.5,2214.4,1,39.5,389.4,2071.3,1,318.0,-59.6,2204.3,1,15.8,-884.1,2287.0,1,193.6,-883.9,2245.0,1,
4,0.9997050166,0.0242358930,0.0015681089,-0.0242044479,0.9995509386,-0.0176658221,-0.0019955516,0.0176226553,0.9998427033,1,137.6,494.6,2214.1,1,0.9997050166,0.0242358930,0.0015681089,-0.0242044479,0.9995509386,-0.0176658221,-0.0019955516,0.0176226553,0.9998427033,1,132.5,284.4,2210.4,1,0.9999974370,0.0019145003,0.0012168759,-0.0018584424,0.9990072250,-0.0445090011,-0.0013008802,0.0445066243,0.9990082383,1,132.1,85.9,2201.6,1,0.8607814908,-0.2141355425,-0.4617371261,-0.1038190573,0.8142480254,-0.5711582899,0.4982738197,0.5395795703,0.6786583066,1,-13.6,284.6,2210.6,1,-0.9424779415,-0.2141355425,-0.2566734254,-0.3173787892,0.8142480254,0.4860770106,0.1049094647,0.5395795703,-0.8353729248,1,-209.2,308.2,2097.3,1,0.7655897737,0.4219725728,0.4856041670,-0.5601524115,0.0660160333,0.8257548809,0.3163882494,-0.9042018652,0.2869101465,1,278.6,284.1,2210.3,1,-0.5004031062,0.4219725728,0.7559999228,-0.8147037029,0.0660160333,-0.5761074424,-0.2930096686,-0.9042018652,0.3107479811,1,454.4,155.5,2282.9,1,0.9958985448,0.0580169335,0.0694273189,-0.0680663958,0.9859634638,0.1524565220,-0.0596077368,-0.1565569043,0.9858685732,1,42.8,-122.0,2188.7,1,0.9977025986,0.0133602610,0.0664155260,-0.0201461297,0.9945209026,0.1025782377,-0.0646811575,-0.1036805958,0.9925052524,1,19.8,-513.7,2250.9,1,0.9833287597,0.1182785854,-0.1381112188,-0.1077980474,0.9908617735,0.0810709372,0.1464380920,-0.0648312643,0.9870930910,1,226.2,-119.5,2188.8,1,0.9902606010,-0.0253508259,-0.1368987113,0.0380779281,0.9951075912,0.0911642909,0.1339178532,-0.0954892263,0.9863811731,1,179.2,-513.2,2214.6,1,35.7,390.7,2070.1,1,320.2,-63.0,2204.4,1,14.7,-893.6,2290.5,1,188.9,-893.3,2251.1,1,
5,0.9986419082,0.0447244979,0.0267215203,-0.0439804457,0.9986451864,-0.0278123766,-0.0279292110,0.0265993793,0.9992559552,1,138.4,494.1,2213.5,1,0.9986419082,0.0447244979,0.0267215203,-0.0439804457,0.9986451864,-0.0278123766,-0.0279292110,0.0265993793,0.9992559552,1,128.6,275.4,2207.6,1,0.9996314645,-0.0066186753,0.0263275225,0.0078895623,0.9987937212,-0.0484650135,-0.0259749908,0.0486548655,0.9984778166,1,129.9,77.0,2197.9,1,0.8463990688,-0.1942401528,-0.4958622754,-0.1698826551,0.7839859128,-0.5970812440,0.5047261715,0.5896074176,0.6305668950,1,-17.4,274.2,2211.4,1,-0.9402582049,-0.1942401528,-0.2796163559,-0.3201259375,0.7839859128,0.5318698287,0.1159047931,0.5896074176,-0.7993304729,1,-208.0,312.5,2097.7,1,0.7769624591,0.4334852397,0.4565302134,-0.5315122604,0.0630559549,0.8447003365,0.3373782039,-0.8989518881,0.2793948352,1,274.6,276.6,2203.8,1,-0.5012130737,0.4334852397,0.7489165664,-0.8121506572,0.0630559549,-0.5800303817,-0.2986582518,-0.8989518881,0.3204508722,1,455.2,152.9,2282.3,1,0.9942394495,0.0533758104,0.0929460004,-0.0680280998,0.9843774438,0.1623983234,-0.0828258097,-0.1677857488,0.9823379517,1,40.0,-112.3,2192.8,1,0.9961999655,0.0102333296,0.0864925236,-0.0148451254,0.9984923005,0.0528463274,-0.0858213305,-0.0539295003,0.9948499203,1,18.8,-503.5,2259.5,1,0.9875597358,0.1066597402,-0.1155399978,-0.0995411649,0.9928596020,0.0657374263,0.1217265353,-0.0534186475,0.9911251664,1,223.4,-112.7,2192.6,1,0.9934566617,-0.0144320466,-0.1132939607,0.0243212655,0.9959638119,0.0863976181,0.1115897894,-0.0885877386,0.9897979498,1,181.0,-507.2,2213.9,1,35.8,395.5,2067.7,1,320.8,-64.9,2202.2,1,14.9,-884.5,2280.1,1,186.6,-887.6,2247.7,1,
6,0.9978384972,0.0595800169,0.0277222190,-0.0579598472,0.9967485070,-0.0559740961,-0.0309670176,0.0542463325,0.9980472922,1,139.9,497.3,2219.6,1,0.9978384972,0.0595800169,0.0277222190,-0.0579598472,0.9967485070,-0.0559740961,-0.0309670176,0.0542463325,0.9980472922,1,126.4,271.4,2207.3,1,0.9995338917,-0.0123405531,0.0279223062,0.0136587434,0.9987767935,-0.0475218296,-0.0273017064,0.0478810631,0.9984798431,1,128.8,73.0,2197.8,1,0.8345696330,-0.1910371929,-0.5167188048,-0.2047423273,0.7632104754,-0.6128542423,0.5114431977,0.6172637343,0.5978388786,1,-19.6,269.4,2211.3,1,-0.9403718710,-0.1910371929,-0.2814347148,-0.3226005435,0.7632104754,0.5598558784,0.1078406274,0.6172637343,-0.7793303728,1,-206.8,315.4,2096.5,1,0.7873132229,0.4307275116,0.4411481619,-0.5151081085,0.0663198829,0.8545556068,0.3388237059,-0.9000419378,0.2740857601,1,272.4,273.4,2203.3,1,-0.5031583905,0.4307275116,0.7492032051,-0.8102669120,0.0663198829,-0.5822964907,-0.3004981875,-0.9000419378,0.3156348467,1,456.7,152.8,2282.7,1,0.9941397905,0.0548492894,0.0931537524,-0.0694006011,0.9845183492,0.1609571874,-0.0828831941,-0.1664788723,0.9825554490,1,39.5,-122.2,2190.6,1,0.9961893559,0.0056665628,0.0870328397,-0.0108385487,0.9981951118,0.0590686351,-0.0865410417,-0.0597868524,0.9944527149,1,17.8,-513.4,2256.8,1,0.9877359867,0.1086193472,-0.1121580228,-0.0988697708,0.9911015630,0.0891204402,0.1208401993,-0.0769384280,0.9896858931,1,222.8,-120.7,2185.9,1,0.9932467937,-0.0234928224,-0.1136171594,0.0322321877,0.9966092110,0.0757047087,0.1114533842,-0.0788555890,0.9906361103,1,179.7,-514.5,2216.4,1,36.7,398.9,2068.6,1,321.8,-64.5,2202.1,1,15.6,-894.6,2279.6,1,188.7,-895.2,2246.6,1,
7,0.9968992472,0.0770093948,0.0161707588,-0.0757601410,0.9948540330,-0.0672744513,-0.0212683082,0.0658407509,0.9976034760,1,142.2,500.4,2222.2,1,0.9968992472,0.0770093948,0.0161707588,-0.0757601410,0.9948540330,-0.0672744513,-0.0212683082,0.0658407509,0.9976034760,1,124.0,265.8,2206.7,1,0.9995404482,-0.0252248682,0.0168096088,0.0259227436,0.9987524152,-0.0426798947,-0.0157120433,0.0430960320,0.9989473820,1,129.0,67.3,2198.1,1,0.8127847314,-0.1968793124,-0.5482878089,-0.2570896447,0.7233388424,-0.6408477426,0.5227675438,0.6618303657,0.5373031497,1,-22.0,262.0,2209.0,1,-0.9442231059,-0.1968793124,-0.2639720440,-0.3216391802,0.7233388424,0.6110066772,0.0706466734,0.6618303657,-0.7463173866,1,-200.9,318.6,2093.8,1,0.7987588644,0.4230203331,0.4278294742,-0.4999348521,0.0710331798,0.8631450534,0.3347378373,-0.9033316374,0.2682209909,1,270.0,269.6,2204.4,1,-0.5038630962,0.4230203331,0.7531107664,-0.8101399541,0.0710331798,-0.5819171667,-0.2996586561,-0.9033316374,0.3069146574,1,457.2,152.4,2282.8,1,0.9951696992,0.0576699264,0.0794447362,-0.0700188726,0.9841952324,0.1626563966,-0.0688087493,-0.1674333513,0.9834792614,1,39.6,-126.7,2190.8,1,0.9973125458,0.0026032894,0.0732181594,-0.0071926382,0.9980198741,0.0624868721,-0.0729105026,-0.0628455728,0.9953564405,1,16.7,-517.8,2257.3,1,0.9868597388,0.1025435477,-0.1248705238,-0.0914162770,0.9915716052,0.0918088779,0.1332324743,-0.0791872889,0.9879162312,1,222.9,-124.2,2185.8,1,0.9921019077,-0.0045589400,-0.1253516972,0.0155875012,0.9960739613,0.0871416032,0.1244622916,-0.0884072632,0.9882779717,1,182.2,-518.2,2217.2,1,44.3,402.1,2075.5,1,322.1,-64.9,2202.4,1,15.7,-899.1,2281.3,1,183.9,-898.7,2251.0,1,
8,0.9965984821,0.0816918761,0.0108556831,-0.0807026103,0.9941214323,-0.0721782148,-0.0166882407,0.0710566193,0.9973326921,1,142.0,499.1,2224.5,1,0.9965984821,0.0816918761,0.0108556831,-0.0807026103,0.9941214323,-0.0721782148,-0.0166882407,0.0710566193,0.9973326921,1,122.5,261.9,2207.5,1,0.9996060729,-0.0255669449,0.0115787396,0.0260793343,0.9985774755,-0.0465063229,-0.0103732441,0.0467899702,0.9988508821,1,127.6,63.5,2198.2,1,0.7952103615,-0.1920160353,-0.5751263499,-0.2883517444,0.7146419287,-0.6372913122,0.5333795547,0.6726193428,0.5129225254,1,-23.5,258.1,2209.0,1,-0.9460316896,-0.1920160353,-0.2610630393,-0.3171047866,0.7146419287,0.6234833002,0.0668478087,0.6726193428,-0.7369630933,1,-197.3,321.1,2092.5,1,0.8107604980,0.3947750926,0.4322268367,-0.4923793972,0.0605710596,0.8682705164,0.3165911138,-0.9167790413,0.2434877455,1,268.5,265.7,2206.0,1,-0.5109872222,0.3947750926,0.7635735869,-0.8147929311,0.0605710596,-0.5765792727,-0.2738696039,-0.9167790413,0.2907088995,1,455.4,152.2,2279.0,1,0.9953381419,0.0619286448,0.0739381015,-0.0727146342,0.9854760170,0.1534587443,-0.0633607358,-0.1581197232,0.9853850007,1,42.4,-133.5,2191.0,1,0.9974641800,0.0094885817,0.0705352947,-0.0165882707,0.9947723150,0.1007612720,-0.0692104772,-0.1016758159,0.9924071431,1,17.8,-525.1,2253.8,1,0.9842801094,0.1183098182,-0.1311316341,-0.1086735427,0.9909828305,0.0783776864,0.1392220557,-0.0628950596,0.9882618189,1,225.7,-128.7,2188.1,1,0.9912853837,-0.0343930982,-0.1271629483,0.0486765243,0.9926297069,0.1109813452,0.1224087253,-0.1162040308,0.9856534600,1,178.7,-522.4,2213.1,1,49.8,403.9,2075.0,1,318.4,-66.3,2205.5,1,14.1,-904.9,2292.6,1,191.8,-901.4,2257.5,1,
9,0.9961597323,0.0870001018,0.0098372838,-0.0860447884,0.9935588837,-0.0737366006,-0.0161890108,0.0726069883,0.9972292185,1,141.8,498.6,2225.1,1,0.9961597323,0.0870001018,0.0098372838,-0.0860447884,0.9935588837,-0.0737366006,-0.0161890108,0.0726069883,0.9972292185,1,120.9,259.7,2207.7,1,0.9994710088,-0.0307204407,0.0106743556,0.0311629102,0.9985406399,-0.0441072248,-0.0093037849,0.0444165356,0.9989697933,1,127.0,61.3,2198.8,1,0.7832059860,-0.2048359215,-0.5870524645,-0.3067136109,0.6940190792,-0.6513557434,0.5408466458,0.6902027130,0.4807339311,1,-25.1,255.2,2209.0,1,-0.9464015961,-0.2048359215,-0.2497324049,-0.3203475475,0.6940190792,0.6447596550,0.0412491076,0.6902027130,-0.7224394083,1,-195.5,321.9,2091.4,1,0.8162238002,0.3852103353,0.4305713475,-0.4891940951,0.0643318444,0.8697991371,0.3073561490,-0.9205837250,0.2409518063,1,266.9,264.3,2206.3,1,-0.5043511987,0.3852103353,0.7728149295,-0.8207277060,0.0643318444,-0.5676860809,-0.2683951557,-0.9205837250,0.2837069333,1,454.8,151.7,2277.1,1,0.9957336783,0.0574529879,0.0722048730,-0.0683709905,0.9848754406,0.1592033952,-0.0619660988,-0.1634608954,0.9846017957,1,41.0,-137.4,2189.9,1,0.9975634217,0.0120093608,0.0687243566,-0.0189589430,0.9946668744,0.1013823077,-0.0671403036,-0.1024382189,0.9924709797,1,18.1,-528.8,2254.8,1,0.9846598506,0.1137328073,-0.1323245317,-0.1033389717,0.9911814332,0.0829483941,0.1405915767,-0.0680016726,0.9877296090,1,224.3,-132.6,2188.0,1,0.9910304546,-0.0300058704,-0.1302239001,0.0433719270,0.9939355850,0.1010490283,0.1264020950,-0.1057907268,0.9863218665,1,179.1,-526.4,2215.0,1,53.2,406.1,2080.5,1,319.5,-68.4,2205.1,1,13.6,-908.7,2294.0,1,190.6,-906.0,2255.4,1,
10,0.9956937432,0.0921002775,0.0105618918,-0.0911228359,0.9932913184,-0.0711966604,-0.0170482676,0.0699276403,0.9974063635,1,142.0,498.2,2225.4,1,0.9956937432,0.0921002775,0.0105618918,-0.0911228359,0.9932913184,-0.0711966604,-0.0170482676,0.0699276403,0.9974063635,1,119.8,259.1,2208.6,1,0.9994317293,-0.0317508504,0.0113174478,0.0322422124,0.9984089136,-0.0462612137,-0.0098306071,0.0465998240,0.9988652468,1,126.1,60.7,2199.4,1,0.7773320079,-0.2008674443,-0.5961604118,-0.3162082434,0.6944848299,-0.6462995410,0.5438448787,0.6909002066,0.4763293564,1,-26.2,254.3,2210.0,1,-0.9490319490,-0.2008674443,-0.2428798229,-0.3128165305,0.6944848299,0.6479479671,0.0385247022,0.6909002066,-0.7219229937,1,-197.1,323.9,2090.5,1,0.8229995966,0.3814204335,0.4209395647,-0.4774921536,0.0631301105,0.8763651252,0.3076896071,-0.9222434759,0.2340813130,1,265.8,263.8,2207.2,1,-0.4956305027,0.3814204335,0.7803004980,-0.8281772137,0.0631301105,-0.5568995476,-0.2616733313,-0.9222434759,0.2845945060,1,455.0,154.0,2277.9,1,0.9954404235,0.0616740771,0.0727645457,-0.0726559535,0.9845223427,0.1594892889,-0.0618019663,-0.1640488654,0.9845143557,1,41.4,-140.0,2190.9,1,0.9976273775,0.0056931255,0.0686093196,-0.0122322273,0.9953763485,0.0952698886,-0.0677497089,-0.0958830938,0.9930843115,1,16.9,-531.2,2256.1,1,0.9842667580,0.1180722490,-0.1314454675,-0.1076318324,0.9906437993,0.0839063376,0.1401226372,-0.0684385002,0.9877660871,1,224.7,-134.2,2189.2,1,0.9907178879,-0.0355341695,-0.1312073022,0.0470711887,0.9951909781,0.0859020948,0.1275238693,-0.0912808329,0.9876261950,1,177.8,-527.9,2216.4,1,55.5,407.1,2080.2,1,322.1,-68.1,2207.7,1,14.7,-911.5,2292.7,1,191.4,-908.1,2251.2,1,
11,0.9949828386,0.0988342762,0.0155231198,-0.0980787799,0.9942235351,-0.0435907654,-0.0197417121,0.0418495759,0.9989288449,1,142.4,498.0,2219.1,1,0.9949828386,0.0988342762,0.0155231198,-0.0980787799,0.9942235351,-0.0435907654,-0.0197417121,0.0418495759,0.9989288449,1,118.6,258.4,2209.0,1,0.9990569949,-0.0405880511,0.0154167786,0.0412751585,0.9980310202,-0.0472280867,-0.0134695265,0.0478198826,0.9987651706,1,126.6,60.1,2199.5,1,0.7748522758,-0.2000811398,-0.5996428132,-0.3229569793,0.6901518106,-0.6476027369,0.5434176326,0.6954552531,0.4701480865,1,-27.4,252.3,2211.0,1,-0.9493131638,-0.2000811398,-0.2424294055,-0.3121834993,0.6901518106,0.6528644562,0.0366872251,0.6954552531,-0.7176322341,1,-200.6,324.6,2089.5,1,0.8242514133,0.3931322694,0.4075004458,-0.4672459960,0.0657364279,0.8816801310,0.3198293149,-0.9171290994,0.2378728241,1,264.5,264.4,2207.0,1,-0.4998592138,0.3931322694,0.7717433572,-0.8218969703,0.0657364279,-0.5658304691,-0.2731778622,-0.9171290994,0.2902552783,1,456.4,155.6,2281.5,1,0.9956626296,0.0552952699,0.0748221427,-0.0665024966,0.9854018688,0.1567181349,-0.0650641099,-0.1610142440,0.9848051071,1,40.8,-140.7,2191.0,1,0.9973717332,0.0153590664,0.0708076507,-0.0215843450,0.9958857894,0.0880094022,-0.0691645890,-0.0893064216,0.9935998321,1,18.8,-532.3,2255.0,1,0.9854733944,0.1104101911,-0.1290417761,-0.1010121927,0.9918812513,0.0772537887,0.1365237236,-0.0630967617,0.9886253476,1,224.1,-134.8,2189.2,1,0.9918735027,-0.0125719393,-0.1266053021,0.0252260864,0.9947826862,0.0988484472,0.1247020513,-0.1012389138,0.9870157242,1,180.2,-529.0,2214.3,1,54.8,408.6,2079.6,1,322.4,-64.8,2208.3,1,12.9,-912.8,2289.1,1,185.0,-908.9,2252.9,1,
12,0.9947531819,0.1023021415,0.0006258795,-0.1022582799,0.9944725037,-0.0238266271,-0.0030599348,0.0236376114,0.9997159243,1,142.0,497.6,2215.4,1,0.9947531819,0.1023021415,0.0006258795,-0.1022582799,0.9944725037,-0.0238266271,-0.0030599348,0.0236376114,0.9997159243,1,117.2,256.8,2209.7,1,0.9986581206,-0.0517875515,-0.0000054365,0.0517257825,0.9974721670,-0.0487213470,0.0025285820,0.0486556888,0.9988124371,1,127.5,58.6,2200.1,1,0.7757418752,-0.1764213890,-0.6058877707,-0.3470966518,0.6825578213,-0.6431475282,0.5270184278,0.7092180848,0.4682534337,1,-28.7,249.2,2209.3,1,-0.9510340095,-0.1764213890,-0.2537909746,-0.3039756715,0.6825578213,0.6646153927,0.0559746437,0.7092180848,-0.7027634978,1,-202.3,326.9,2091.4,1,0.8260147572,0.3801503181,0.4161554575,-0.4756437242,0.0739684477,0.8765224814,0.3024279475,-0.9219622612,0.2419151515,1,263.0,264.4,2210.1,1,-0.4995488822,0.3801503181,0.7784193158,-0.8224875331,0.0739684477,-0.5639529228,-0.2719653547,-0.9219622612,0.2757180631,1,455.9,153.3,2280.7,1,0.9962138534,0.0650457144,0.0576801486,-0.0735087842,0.9844719172,0.1594100446,-0.0464155450,-0.1630464941,0.9855259657,1,43.1,-142.1,2191.2,1,0.9986510277,0.0075216205,0.0513764396,-0.0109663550,0.9976860285,0.0670997500,-0.0507528558,-0.0675726458,0.9964226484,1,17.2,-533.3,2256.0,1,0.9823439717,0.1176626980,-0.1454505026,-0.1075710729,0.9913319945,0.0754277185,0.1530647725,-0.0584496967,0.9864860773,1,226.3,-134.5,2188.8,1,0.9900133014,-0.0215876903,-0.1393113583,0.0392740108,0.9913178086,0.1254853308,0.1353928894,-0.1297034621,0.9822656512,1,179.6,-528.4,2212.0,1,54.5,409.0,2076.3,1,321.9,-67.3,2207.7,1,14.4,-914.4,2281.8,1,187.8,-907.0,2261.5,1,
13,0.9941277504,0.1081291363,0.0042555346,-0.1077335104,0.9926559329,-0.0550242290,-0.0101740034,0.0542426482,0.9984759688,1,142.3,495.8,2221.1,1,0.9941277504,0.1081291363,0.0042555346,-0.1077335104,0.9926559329,-0.0550242290,-0.0101740034,0.0542426482,0.9984759688,1,116.2,255.8,2208.0,1,0.9985842109,-0.0529955961,0.0045848615,0.0531443208,0.9976547360,-0.0431355871,-0.0022881124,0.0433181785,0.9990587234,1,126.7,57.6,2199.4,1,0.7874385118,-0.1565759182,-0.5961749554,-0.3484250009,0.6847853065,-0.6400539875,0.5084688663,0.7117254138,0.4846713543,1,-29.7,248.0,2208.3,1,-0.9455087781,-0.1565759182,-0.2854771018,-0.3122138381,0.6847853065,0.6584767103,0.0923889428,0.7117254138,-0.6963557005,1,-208.1,327.0,2093.1,1,0.8279215097,0.3932369649,0.3998883069,-0.4619319141,0.0737592578,0.8838430047,0.3180643022,-0.9164738059,0.2427155823,1,262.0,263.6,2207.6,1,-0.4935777187,0.3932369649,0.7757226825,-0.8240389228,0.0737592578,-0.5617111921,-0.2781023383,-0.9164738059,0.2876366377,1,456.3,155.2,2282.3,1,0.9953002930,0.0748387426,0.0614528097,-0.0837576315,0.9838085175,0.1584468633,-0.0485998355,-0.1628493518,0.9854532480,1,46.2,-144.3,2190.2,1,0.9983962774,0.0033350082,0.0565136038,-0.0086947409,0.9954525232,0.0948613137,-0.0559402481,-0.0952005535,0.9938850999,1,16.4,-535.3,2254.9,1,0.9828063250,0.1185683981,-0.1415388137,-0.1084868163,0.9911141396,0.0769632533,0.1494065225,-0.0602848791,0.9869363904,1,229.3,-134.9,2190.6,1,0.9903641939,-0.0025699807,-0.1384633929,0.0168779586,0.9946146011,0.1022594199,0.1374548972,-0.1036110520,0.9850740433,1,182.2,-528.8,2214.6,1,45.1,410.6,2068.4,1,323.9,-65.9,2207.7,1,15.2,-915.5,2291.3,1,183.2,-908.5,2254.2,1,
14,0.9974073768,0.0674225390,-0.0251546223,-0.0684944838,0.9966579676,-0.0445123427,0.0220694207,0.0461198911,0.9986920953,1,143.6,500.4,2223.4,1,0.9974073768,0.0674225390,-0.0251546223,-0.0684944838,0.9966579676,-0.0445123427,0.0220694207,0.0461198911,0.9986920953,1,128.6,279.3,2213.2,1,0.9994763732,-0.0204435419,-0.0250799749,0.0193955302,0.9989567995,-0.0413413793,0.0258989763,0.0408332907,0.9988302588,1,132.7,80.9,2205.0,1,0.8254445791,-0.1706772596,-0.5380617976,-0.2289020270,0.7700994015,-0.5954416394,0.5159894228,0.6146675348,0.5966060162,1,-17.2,276.5,2209.4,1,-0.9480289817,-0.1706772596,-0.2685336173,-0.2983577549,0.7700994015,0.5638524294,0.1105608046,0.6146675348,-0.7809994221,1,-205.9,328.8,2091.5,1,0.7863938212,0.3974063098,0.4729196131,-0.5441038013,0.0831526071,0.8348872066,0.2924649417,-0.9138675332,0.2816209793,1,274.5,282.1,2217.0,1,-0.4924913049,0.3974063098,0.7742871046,-0.8209801316,0.0831526071,-0.5648692250,-0.2888665795,-0.9138675332,0.2853107452,1,457.1,155.8,2284.9,1,0.9964752793,0.0739915520,0.0395257846,-0.0795266256,0.9831761122,0.1644391716,-0.0266936980,-0.1670029312,0.9855949879,1,45.6,-143.5,2191.2,1,0.9994971752,0.0015676887,0.0316684432,-0.0035287624,0.9980720878,0.0619645827,-0.0315102488,-0.0620451756,0.9975758195,1,16.1,-536.2,2257.9,1,0.9785224795,0.1193030700,-0.1681087613,-0.1083174720,0.9914249778,0.0731012672,0.1753884256,-0.0533221141,0.9830542207,1,228.8,-135.8,2190.6,1,0.9866840839,-0.0091766259,-0.1623895168,0.0288228616,0.9924705029,0.1190441847,0.1600743830,-0.1221395358,0.9795193076,1,181.4,-529.8,2211.8,1,46.8,408.3,2062.0,1,325.0,-64.4,2207.4,1,15.5,-917.3,2281.6,1,184.9,-908.9,2258.4,1,
15,0.9962584376,0.0853125900,0.0138159776,-0.0844306871,0.9948992133,-0.0551999658,-0.0184547566,0.0538269393,0.9983797073,1,142.6,498.6,2224.6,1,0.9962584376,0.0853125900,0.0138159776,-0.0844306871,0.9948992133,-0.0551999658,-0.0184547566,0.0538269393,0.9983797073,1,123.2,273.3,2212.4,1,0.9998505116,-0.0099119078,0.0141686341,0.0105524817,0.9988914728,-0.0458747856,-0.0136982212,0.0460174419,0.9988467097,1,125.2,74.9,2203.3,1,0.8013780117,-0.1663602740,-0.5745586157,-0.2479870319,0.7817049026,-0.5722236037,0.5443305373,0.6010504961,0.5851859450,1,-22.6,271.8,2214.4,1,-0.9495857358,-0.1663602740,-0.2657276094,-0.2912652194,0.7817049026,0.5514544249,0.1159804538,0.6010504961,-0.7907508016,1,-203.5,327.7,2091.5,1,0.7956053615,0.3982679546,0.4565027356,-0.5204576850,0.0636819527,0.8515095115,0.3100579381,-0.9150558710,0.2579472959,1,269.1,274.9,2210.4,1,-0.4899553955,0.3982679546,0.7754523754,-0.8285834789,0.0636819527,-0.5562319756,-0.2709116936,-0.9150558710,0.2987969220,1,453.2,154.4,2282.2,1,0.9941393137,0.0735202879,0.0792580321,-0.0847553238,0.9851602316,0.1492508501,-0.0671088919,-0.1550936699,0.9856177568,1,45.2,-118.3,2194.5,1,0.9973481894,0.0005414966,0.0727753565,-0.0053311386,0.9978293777,0.0656359568,-0.0725818500,-0.0658498779,0.9951862693,1,15.9,-510.7,2256.3,1,0.9838275313,0.1227746829,-0.1304212809,-0.1166874990,0.9917341471,0.0533614270,0.1358946562,-0.0372799076,0.9900216460,1,228.3,-115.7,2199.2,1,0.9918633103,-0.0232691336,-0.1251625717,0.0353107862,0.9948634505,0.0948675200,0.1223121881,-0.0985152051,0.9875902534,1,179.5,-509.8,2214.0,1,49.4,405.3,2060.7,1,321.8,-67.8,2209.5,1,15.7,-891.9,2281.5,1,188.4,-889.7,2251.6,1,
16,0.9951768517,0.0975936502,0.0099239582,-0.0968235135,0.9934665561,-0.0604101345,-0.0157547668,0.0591578968,0.9981243014,1,142.2,497.8,2225.2,1,0.9951768517,0.0975936502,0.0099239582,-0.0968235135,0.9934665561,-0.0604101345,-0.0157547668,0.0591578968,0.9981243014,1,119.7,268.7,2211.5,1,0.9995972514,-0.0263831429,0.0104503762,0.0268343091,0.9985954762,-0.0456839651,-0.0092304125,0.0459459946,0.9989013076,1,124.9,70.3,2202.4,1,0.7839974761,-0.1583506167,-0.6002274752,-0.2879182398,0.7638664246,-0.5775908232,0.5499554873,0.6256461740,0.5532773137,1,-26.2,264.8,2212.9,1,-0.9502588511,-0.1583506167,-0.2682036757,-0.2900148034,0.7638664246,0.5765409470,0.1135761589,0.6256461740,-0.7717948556,1,-202.0,329.3,2089.6,1,0.8044683337,0.3989952505,0.4400379956,-0.5018128753,0.0601283014,0.8628838062,0.3178278208,-0.9149794579,0.2485922724,1,265.6,272.7,2210.2,1,-0.4943722188,0.3989952505,0.7722686529,-0.8262930512,0.0601283014,-0.5600217581,-0.2698812187,-0.9149794579,0.2999612689,1,454.0,155.1,2284.6,1,0.9961657524,0.0497643799,0.0719530582,-0.0596218780,0.9880577326,0.1420813948,-0.0640231818,-0.1458265930,0.9872363806,1,35.5,-124.0,2195.4,1,0.9975871444,-0.0001510746,0.0694254488,-0.0063523776,0.9956041574,0.0934450030,-0.0691343844,-0.0936605483,0.9932009578,1,15.8,-517.0,2253.4,1,0.9855647087,0.1043144912,-0.1333443820,-0.0951573551,0.9927591681,0.0733096823,0.1400261074,-0.0595627390,0.9883546829,1,218.7,-122.6,2192.9,1,0.9903070331,-0.0372983702,-0.1337938756,0.0468568914,0.9965143204,0.0690192431,0.1307532042,-0.0746194050,0.9886028171,1,177.3,-516.9,2216.5,1,50.6,406.4,2059.4,1,321.4,-66.5,2212.3,1,15.8,-897.3,2289.2,1,191.5,-897.5,2245.0,1,
17,0.9948496819,0.1012221798,0.0053066951,-0.1006853282,0.9928967357,-0.0633920878,-0.0116856853,0.0625312924,0.9979745746,1,141.1,497.7,2226.5,1,0.9948496819,0.1012221798,0.0053066951,-0.1006853282,0.9928967357,-0.0633920878,-0.0116856853,0.0625312924,0.9979745746,1,117.5,266.1,2211.9,1,0.9991942048,-0.0396912135,0.0059572989,0.0399083532,0.9983059764,-0.0423379093,-0.0042667640,0.0425415374,0.9990856051,1,125.4,67.7,2203.4,1,0.7704213262,-0.1591047794,-0.6173626781,-0.3141779304,0.7478596568,-0.5848060250,0.5547460914,0.6445087790,0.5261798501,1,-28.4,260.2,2212.5,1,-0.9514976740,-0.1591047794,-0.2633208632,-0.2902776301,0.7478596568,0.5970299840,0.1019367352,0.6445087790,-0.7577713132,1,-200.9,330.6,2088.3,1,0.8104664087,0.3935857415,0.4338600039,-0.4931233227,0.0586340912,0.8679812551,0.3161860406,-0.9174160957,0.2416072637,1,263.4,271.9,2211.3,1,-0.4955074191,0.3935857415,0.7743143439,-0.8270516992,0.0586340912,-0.5590595007,-0.2654390633,-0.9174160957,0.2964621186,1,454.2,155.8,2285.7,1,0.9962472916,0.0574236251,0.0647601783,-0.0660488382,0.9879383445,0.1400547922,-0.0559366122,-0.1438065469,0.9880236983,1,38.5,-130.2,2194.2,1,0.9980684519,-0.0004158360,0.0621221550,-0.0055386047,0.9953998327,0.0956475139,-0.0618761592,-0.0958068371,0.9934749007,1,15.7,-523.0,2251.3,1,0.9837072492,0.1141273603,-0.1389064640,-0.1039011925,0.9914618134,0.0787908956,0.1467126459,-0.0630746260,0.9871661663,1,221.7,-125.6,2192.4,1,0.9890578389,-0.0456322469,-0.1402934194,0.0554168150,0.9962366223,0.0666454881,0.1367242634,-0.0736908615,0.9878644347,1,176.4,-519.5,2217.5,1,51.4,407.5,2061.3,1,321.4,-66.0,2214.5,1,15.8,-903.3,2288.0,1,193.8,-900.1,2245.7,1,
18,0.9943135381,0.1064588353,-0.0026559683,-0.1064177230,0.9923803210,-0.0621016733,-0.0039755413,0.0620311797,0.9980663061,1,141.2,496.2,2227.1,1,0.9943135381,0.1064588353,-0.0026559683,-0.1064177230,0.9923803210,-0.0621016733,-0.0039755413,0.0620311797,0.9980663061,1,116.3,264.4,2212.6,1,0.9989047647,-0.0467410274,-0.0021427344,0.0465974845,0.9978997707,-0.0449965671,0.0042414200,0.0448474400,0.9989848733,1,125.6,66.1,2203.7,1,0.7597176433,-0.1668679267,-0.6284776926,-0.3285484910,0.7355617285,-0.5924566388,0.5611461401,0.6565851569,0.5039950013,1,-29.6,257.6,2212.0,1,-0.9525616169,-0.1668679267,-0.2545220256,-0.2921698093,0.7355617285,0.6112166047,0.0852241889,0.6565851569,-0.7494215965,1,-199.8,331.2,2086.3,1,0.8143038750,0.3890487552,0.4307554662,-0.4906623363,0.0649080202,0.8689289093,0.3100962043,-0.9189276695,0.2437464297,1,262.2,271.2,2213.2,1,-0.4992415607,0.3890487552,0.7742086053,-0.8234749436,0.0649080202,-0.5636275411,-0.2695309520,-0.9189276695,0.2879671156,1,454.6,155.2,2286.5,1,0.9963074923,0.0654021651,0.0556229167,-0.0726130232,0.9875646830,0.1394395679,-0.0458115786,-0.1429636478,0.9886671305,1,41.7,-134.2,2195.4,1,0.9985926151,-0.0005765737,0.0530326553,-0.0047819084,0.9948892593,0.1008587107,-0.0528197698,-0.1009703651,0.9934862852,1,15.7,-526.7,2252.2,1,0.9822841883,0.1146138906,-0.1482614577,-0.1051362157,0.9919711947,0.0702814981,0.1551263332,-0.0534487516,0.9864476919,1,224.9,-127.0,2194.6,1,0.9892508388,-0.0190063715,-0.1449879855,0.0334844403,0.9946150184,0.0980804712,0.1423430741,-0.1018810347,0.9845601320,1,179.3,-521.1,2215.8,1,52.0,408.4,2063.7,1,320.7,-65.6,2214.2,1,15.9,-906.9,2290.8,1,186.6,-900.9,2254.7,1,
19,0.9941060543,0.1083487421,-0.0036957671,-0.1082711816,0.9905046225,-0.0847227499,-0.0055189282,0.0846235454,0.9963977337,1,142.1,499.6,2231.9,1,0.9941060543,0.1083487421,-0.0036957671,-0.1082711816,0.9905046225,-0.0847227499,-0.0055189282,0.0846235454,0.9963977337,1,115.9,260.0,2211.5,1,0.9988628626,-0.0476168469,-0.0023578021,0.0474807508,0.9980338812,-0.0409138873,0.0043013571,0.0407554135,0.9991598725,1,125.3,61.7,2203.4,1,0.7530308962,-0.1727485210,-0.6349034905,-0.3513249755,0.7103005052,-0.6099539995,0.5563409328,0.6823716760,0.4741873741,1,-30.0,253.1,2210.8,1,-0.9531697631,-0.1727485210,-0.2482444495,-0.2951603234,0.7103005052,0.6390254498,0.0659374595,0.6823716760,-0.7280254960,1,-198.8,331.8,2086.2,1,0.8196556568,0.3890065253,0.4205217361,-0.4749843478,0.0511358790,0.8785072565,0.3202413023,-0.9198146462,0.2266858220,1,261.8,267.0,2212.1,1,-0.4986258149,0.3890065253,0.7746264935,-0.8278728127,0.0511358790,-0.5585801005,-0.2569025159,-0.9198146462,0.2965502739,1,454.5,155.3,2287.4,1,0.9960317612,0.0695356429,0.0555479601,-0.0770832226,0.9859935045,0.1479018331,-0.0444854796,-0.1515967250,0.9874408841,1,43.3,-136.4,2194.4,1,0.9986840487,-0.0005533748,0.0512817129,-0.0039954279,0.9960630536,0.0885572284,-0.0511288270,-0.0886455849,0.9947501421,1,15.7,-528.3,2254.7,1,0.9814077020,0.1213566363,-0.1486994773,-0.1114730462,0.9910737872,0.0731198043,0.1562457234,-0.0551843531,0.9861754179,1,226.5,-127.9,2195.2,1,0.9888318777,-0.0213091038,-0.1475039870,0.0338177867,0.9959904552,0.0828210935,0.1451477259,-0.0868843943,0.9855877757,1,178.3,-521.7,2217.1,1,52.6,409.7,2068.8,1,320.8,-66.7,2218.5,1,15.9,-908.9,2288.6,1,186.4,-902.1,2250.3,1,
20,0.9948162436,0.1015540883,-0.0052321423,-0.1016673446,0.9922326803,-0.0716802105,-0.0020879160,0.0718405768,0.9974139333,1,140.8,497.5,2228.9,1,0.9948162436,0.1015540883,-0.0052321423,-0.1016673446,0.9922326803,-0.0716802105,-0.0020879160,0.0718405768,0.9974139333,1,116.1,256.0,2211.4,1,0.9986236095,-0.0522504002,-0.0045621693,0.0519954711,0.9976490736,-0.0446402989,0.0068839174,0.0443416461,0.9989926815,1,126.5,57.8,2202.6,1,0.7302510142,-0.1888557673,-0.6565569043,-0.3829790354,0.6826644540,-0.6223313212,0.5657389164,0.7059056163,0.4261886179,1,-29.8,248.4,2210.4,1,-0.9523330927,-0.1888557673,-0.2395728528,-0.3026914299,0.6826644540,0.6650918126,0.0379414596,0.7059056163,-0.7072889805,1,-193.1,334.1,2083.8,1,0.8247751594,0.3825142682,0.4164477885,-0.4651842415,0.0402833410,0.8842968345,0.3214802146,-0.9230710268,0.2111643106,1,262.0,263.6,2212.4,1,-0.5024333596,0.3825142682,0.7753989697,-0.8293552399,0.0402833410,-0.5572675467,-0.2443984300,-0.9230710268,0.2970005274,1,454.5,155.0,2287.4,1,0.9961675406,0.0691728443,0.0535287745,-0.0769064426,0.9842202663,0.1593608260,-0.0416606627,-0.1628667861,0.9857681394,1,43.2,-140.9,2194.9,1,0.9989381433,-0.0003614525,0.0460703634,-0.0022437295,0.9984009862,0.0564836338,-0.0460171141,-0.0565270260,0.9973400235,1,15.7,-532.1,2259.6,1,0.9811788797,0.1198893711,-0.1513753533,-0.1105199158,0.9914833903,0.0688916892,0.1583455354,-0.0508650802,0.9860727191,1,226.4,-132.2,2195.7,1,0.9884379506,-0.0238974448,-0.1497306675,0.0365563519,0.9959310293,0.0823711008,0.1471529603,-0.0868923292,0.9852896929,1,178.7,-526.2,2215.9,1,57.7,413.8,2073.8,1,319.8,-67.4,2221.9,1,15.8,-913.4,2281.2,1,187.9,-906.7,2249.1,1,
21,0.9953160882,0.0964451283,-0.0066473861,-0.0966733396,0.9931973219,-0.0649102852,0.0003418852,0.0652488768,0.9978689551,1,140.3,500.2,2227.3,1,0.9953160882,0.0964451283,-0.0066473861,-0.0966733396,0.9931973219,-0.0649102852,0.0003418852,0.0652488768,0.9978689551,1,116.6,256.2,2211.3,1,0.9983908534,-0.0563688911,-0.0061871568,0.0560603552,0.9975415468,-0.0420489497,0.0085421987,0.0416344330,0.9990963936,1,127.8,57.9,2203.0,1,0.7114501595,-0.2009595037,-0.6733899117,-0.3902639151,0.6839022636,-0.6164184809,0.5844080448,0.7013508081,0.4081351459,1,-29.3,248.0,2210.0,1,-0.9518684149,-0.2009595037,-0.2314342707,-0.3054747283,0.6839022636,0.6625427008,0.0251341667,0.7013508081,-0.7123730183,1,-188.7,335.4,2079.1,1,0.8202117682,0.3858092725,0.4223788679,-0.4711223245,0.0367451496,0.8813021779,0.3244941831,-0.9218465090,0.2119021565,1,262.4,264.4,2212.5,1,-0.5076146722,0.3858092725,0.7703756094,-0.8259070516,0.0367451496,-0.5626075864,-0.2453667819,-0.9218465090,0.2999902368,1,454.0,154.3,2288.3,1,0.9959022999,0.0744548589,0.0513333268,-0.0820021406,0.9828093648,0.1654126942,-0.0381350964,-0.1689443290,0.9848875999,1,45.3,-145.2,2193.1,1,0.9990444183,-0.0004516715,0.0437037535,-0.0024895861,0.9977349043,0.0672220439,-0.0436351262,-0.0672666132,0.9967803955,1,15.7,-535.8,2260.3,1,0.9807427526,0.1216397360,-0.1527985185,-0.1110322699,0.9908938408,0.0761654750,0.1606718600,-0.0577331744,0.9853179455,1,228.5,-135.7,2194.4,1,0.9885171056,-0.0135702472,-0.1504984498,0.0280742012,0.9951126575,0.0946714282,0.1484781951,-0.0978094488,0.9840668440,1,180.1,-529.5,2217.3,1,61.6,415.7,2072.5,1,317.8,-67.2,2222.5,1,15.9,-917.0,2286.0,1,185.3,-909.7,2254.7,1,
22,0.9927458763,0.1007311270,-0.0656416044,-0.1054706872,0.9917206764,-0.0732530430,0.0577192716,0.0796449259,0.9951508045,1,139.1,499.7,2225.5,1,0.9927458763,0.1007311270,-0.0656416044,-0.1054706872,0.9917206764,-0.0732530430,0.0577192716,0.0796449259,0.9951508045,1,114.2,253.7,2205.8,1,0.9958221912,-0.0645416379,-0.0645956472,0.0636512563,0.9978479147,-0.0157503970,0.0654731914,0.0115729999,0.9977872372,1,126.8,55.5,2203.5,1,0.7145657539,-0.1929318160,-0.6724381447,-0.4237132668,0.6454913020,-0.6354588866,0.5566532016,0.7389981747,0.3794982433,1,-31.1,244.3,2196.2,1,-0.9510934353,-0.1929318160,-0.2412439585,-0.3081958890,0.6454913020,0.6988248825,0.0208953265,0.7389981747,-0.6733833551,1,-185.5,335.8,2076.0,1,0.8317887187,0.3782202899,0.4062966406,-0.4539488852,0.0422371402,0.8900260925,0.3194651306,-0.9247515202,0.2068250626,1,259.4,263.1,2215.3,1,-0.5040531158,0.3782202899,0.7764533758,-0.8284903169,0.0422371402,-0.5584083200,-0.2439965308,-0.9247515202,0.2920620739,1,454.1,156.8,2290.1,1,0.9966195822,0.0815955848,-0.0095678642,-0.0788607597,0.9827982783,0.1669986546,0.0230296329,-0.1656795889,0.9859107137,1,47.4,-145.4,2194.0,1,0.9997785091,-0.0094845220,-0.0187889878,0.0104889162,0.9984804392,0.0540999286,0.0182473250,-0.0542850234,0.9983587265,1,15.0,-536.0,2259.8,1,0.9682871103,0.1305986941,-0.2129883766,-0.1150517017,0.9898118973,0.0838780850,0.2217727900,-0.0567133911,0.9734476805,1,230.5,-135.1,2195.5,1,0.9772039056,-0.0219200291,-0.2111681998,0.0433750339,0.9942886829,0.0975119174,0.2078246921,-0.1044484526,0.9725735784,1,178.6,-528.5,2218.1,1,63.9,416.6,2070.5,1,319.0,-65.4,2224.7,1,18.6,-917.5,2280.5,1,187.0,-908.4,2258.0,1,
23,0.9871873856,0.1426756978,-0.0714470446,-0.1475029886,0.9867507219,-0.0675708950,0.0608597025,0.0772437900,0.9951530099,1,139.1,498.3,2226.7,1,0.9871873856,0.1426756978,-0.0714470446,-0.1475029886,0.9867507219,-0.0675708950,0.0608597025,0.0772437900,0.9951530099,1,104.7,260.5,2208.0,1,0.9934893847,-0.0898760408,-0.0700085163,0.0891415179,0.9959267378,-0.0135526909,0.0709414184,0.0072237886,0.9974543452,1,122.4,62.7,2206.6,1,0.6821144223,-0.2061685622,-0.7015799880,-0.4256637990,0.6681758761,-0.6102059484,0.5945841074,0.7148674726,0.3680139184,1,-40.3,247.4,2197.7,1,-0.9524819851,-0.2061685622,-0.2242154181,-0.3044354022,0.6681758761,0.6788667440,0.0098543633,0.7148674726,-0.6991905570,1,-184.3,337.3,2072.2,1,0.8288970590,0.3567963839,0.4308433235,-0.4786607325,0.0537856035,0.8763509393,0.2895056903,-0.9326325655,0.2153671533,1,249.6,273.6,2218.4,1,-0.4964213967,0.3567963839,0.7913672328,-0.8348015547,0.0537856035,-0.5479173660,-0.2380591035,-0.9326325655,0.2711538672,1,452.8,156.3,2289.3,1,0.9963902235,0.0827691182,-0.0188637301,-0.0780384094,0.9805207849,0.1802471727,0.0334151797,-0.1781244278,0.9834404588,1,48.3,-148.6,2195.3,1,0.9994317889,-0.0045712627,-0.0333955362,0.0046258387,0.9999880791,0.0015571420,0.0333880186,-0.0017107395,0.9994410276,1,15.4,-538.3,2266.1,1,0.9656924605,0.1316740662,-0.2238302529,-0.1220601574,0.9909234643,0.0563209765,0.2292146534,-0.0270679872,0.9729994535,1,230.6,-136.8,2207.2,1,0.9745973349,-0.0333226509,-0.2214714289,0.0508245528,0.9959770441,0.0738013089,0.2181212008,-0.0831827521,0.9723702073,1,178.3,-530.5,2218.0,1,65.2,417.0,2069.6,1,319.6,-67.6,2225.5,1,17.1,-919.8,2266.7,1,191.0,-910.9,2249.8,1,
