1,0.8953828216,-0.1129204556,0.4307419360,0.0058283084,0.9702022076,0.2422264814,-0.4452591240,-0.2143749297,0.8693605065,1,121.9,465.7,2257.0,1,0.8953828216,-0.1129204556,0.4307419360,0.0058283084,0.9702022076,0.2422264814,-0.4452591240,-0.2143749297,0.8693605065,1,145.3,265.3,2301.3,1,0.8956293464,-0.0940945894,0.4347347617,0.0035071583,0.9788321853,0.2046344280,-0.4447873533,-0.1817519218,0.8770008087,1,164.0,70.8,2337.4,1,0.0999188200,-0.9696972966,0.2229426801,0.7436466813,0.2216449380,0.6307638884,-0.6610641479,0.1027653962,0.7432586551,1,14.5,264.8,2366.2,1,0.1338566244,-0.9696972966,-0.2043761462,0.1301251650,0.2216449380,-0.9664062262,0.9824203849,0.1027653962,0.1558506638,1,-7.1,103.9,2509.2,1,-0.1198395565,0.2323680818,0.9652168155,-0.9917028546,0.0175363980,-0.1273497492,-0.0465184450,-0.9724698067,0.2283385396,1,276.0,265.8,2236.3,1,-0.9719514251,0.2323680818,-0.0362703800,0.0414717160,0.0175363980,-0.9989857674,-0.2314963639,-0.9724698067,-0.0266812295,1,247.5,29.8,2225.3,1,0.9932914376,0.0671577677,0.0941377357,-0.0680553466,0.9976612926,0.0063532679,-0.0934909061,-0.0127172228,0.9955388904,1,99.9,-126.2,2418.7,1,0.9953957200,0.0478974991,0.0830254108,-0.0356620848,0.9890736341,-0.1430437565,-0.0889696851,0.1394242793,0.9862278104,1,73.2,-522.6,2423.8,1,0.7661648989,0.1499170512,0.6249130368,-0.1743571162,0.9844277501,-0.0223970450,-0.6185393929,-0.0917981938,0.7803730369,1,262.2,-126.4,2333.7,1,0.7697954178,-0.1002634317,0.6303667426,0.1157107800,0.9931432009,0.0166606419,-0.6277149320,0.0601149462,0.7761186361,1,202.6,-517.5,2370.2,1,-42.3,69.7,2250.5,1,0.8,40.4,2166.5,1,58.0,-837.1,2379.4,1,235.6,-843.8,2350.4,1,
2,0.9066362977,-0.1055566072,0.4084953368,0.0044491142,0.9705359340,0.2409152538,-0.4218896031,-0.2166050673,0.8803927302,1,124.9,468.2,2256.9,1,0.9066362977,-0.1055566072,0.4084953368,0.0044491142,0.9705359340,0.2409152538,-0.4218896031,-0.2166050673,0.8803927302,1,146.7,267.9,2301.6,1,0.9069084525,-0.0870058164,0.4122463763,0.0016936148,0.9791907072,0.2029352635,-0.4213243723,-0.1833455265,0.8881836534,1,163.9,73.4,2338.0,1,0.1404586434,-0.9740129113,0.1776800901,0.7935947776,0.2180614024,0.5680286884,-0.5920124650,0.0612214431,0.8036001325,1,14.3,267.7,2363.1,1,0.0866148323,-0.9740129113,-0.2092766464,0.1088583469,0.2180614024,-0.9698448777,0.9902765751,0.0612214431,0.1249167845,1,-16.9,91.5,2494.5,1,-0.1069852188,0.2632056177,0.9587893486,-0.9921648502,0.0343168005,-0.1201299876,-0.0645214692,-0.9641292095,0.2574719787,1,279.1,268.2,2240.1,1,-0.9646114707,0.2632056177,-0.0157324895,0.0256584287,0.0343168005,-0.9990815520,-0.2624239922,-0.9641292095,-0.0398558192,1,254.0,36.3,2225.0,1,0.9951035380,0.0710439906,0.0687142536,-0.0720677227,0.9973210096,0.0125327539,-0.0676397905,-0.0174234677,0.9975576401,1,100.6,-124.0,2414.2,1,0.9973375201,0.0443287604,0.0579032041,-0.0365218222,0.9909012318,-0.1295409948,-0.0631187484,0.1270813644,0.9898819923,1,72.3,-520.4,2421.1,1,0.7805749178,0.1567479670,0.6050891280,-0.1821300089,0.9830768108,-0.0197147392,-0.5979393721,-0.0948160663,0.7959135771,1,264.7,-123.4,2332.7,1,0.7864091992,-0.1026291624,0.6091205478,0.1240896732,0.9922465086,0.0069742552,-0.6051135063,0.0701009557,0.7930470109,1,202.4,-514.0,2370.4,1,-40.0,62.5,2230.6,1,8.9,42.8,2158.3,1,58.2,-836.0,2380.6,1,236.1,-839.6,2347.4,1,
3,0.9116210938,-0.1004292518,0.3985736370,0.0016483497,0.9705764055,0.2407876104,-0.4110282958,-0.2188500762,0.8849635124,1,126.9,468.3,2255.8,1,0.9116210938,-0.1004292518,0.3985736370,0.0016483497,0.9705764055,0.2407876104,-0.4110282958,-0.2188500762,0.8849635124,1,147.6,268.1,2300.9,1,0.9118916988,-0.0826999769,0.4020127058,-0.0012324732,0.9789332747,0.2041767240,-0.4104290307,-0.1866825372,0.8925791979,1,164.0,73.6,2338.0,1,0.1894226819,-0.9692292213,0.1572060436,0.7911089063,0.2454830259,0.5602542758,-0.5816062093,0.0182422381,0.8132659197,1,14.4,268.3,2360.9,1,0.0405242667,-0.9692292213,-0.2428013086,0.0860252231,0.2454830259,-0.9655764103,0.9954684377,0.0182422381,0.0933261812,1,-28.3,89.9,2492.0,1,-0.0998905823,0.2865003347,0.9528585672,-0.9925100803,0.0389948562,-0.1157721132,-0.0703253374,-0.9572862387,0.2804592550,1,280.8,267.9,2241.0,1,-0.9574829936,0.2865003347,-0.0338216983,0.0469258726,0.0389948562,-0.9981369376,-0.2846477032,-0.9572862387,-0.0507811904,1,257.7,39.0,2224.8,1,0.9966977239,0.0585627407,0.0562498793,-0.0590279214,0.9982342124,0.0066428874,-0.0557615310,-0.0099412641,0.9983946085,1,98.1,-121.4,2413.0,1,0.9972938299,0.0551680699,0.0485958084,-0.0491940081,0.9919655323,-0.1165520400,-0.0546353199,0.1138460040,0.9919949770,1,74.8,-518.0,2416.9,1,0.7872486115,0.1624299288,0.5948581100,-0.1854500771,0.9823886752,-0.0228189062,-0.5880883336,-0.0923523307,0.8035067916,1,264.3,-121.1,2335.8,1,0.7935630679,-0.1103660539,0.5983954072,0.1381135285,0.9904162884,-0.0004904065,-0.5926064253,0.0830356628,0.8012008071,1,199.8,-511.5,2372.5,1,-39.1,66.9,2225.1,1,14.0,50.9,2152.4,1,57.2,-835.7,2380.5,1,235.9,-835.4,2345.3,1,
4,0.9518173933,-0.0984258801,0.2904410362,0.0236206297,0.9678109288,0.2505676150,-0.3057543337,-0.2316341996,0.9235041142,1,127.6,465.3,2247.8,1,0.9518173933,-0.0984258801,0.2904410362,0.0236206297,0.9678109288,0.2505676150,-0.3057543337,-0.2316341996,0.9235041142,1,147.9,265.8,2295.5,1,0.9523659348,-0.0819080546,0.2937519550,0.0177065991,0.9764820337,0.2148703486,-0.3044431210,-0.1994338483,0.9314185381,1,164.0,71.8,2335.1,1,0.1862510145,-0.9662873149,0.1777620465,0.7420025468,0.2569321990,0.6192075610,-0.6440052390,0.0165718552,0.7648415565,1,9.7,263.2,2339.7,1,0.0284047294,-0.9662873149,-0.2558944225,0.0424114913,0.2569321990,-0.9654983878,0.9986963868,0.0165718552,0.0482797772,1,-34.0,89.1,2490.8,1,-0.1131261662,0.2996841073,0.9473077059,-0.9869247675,0.0762805343,-0.1419887841,-0.1148129255,-0.9509840608,0.2871363461,1,286.1,268.5,2251.4,1,-0.9520801902,0.2996841073,-0.0610963888,0.0877469033,0.0762805343,-0.9932178855,-0.2929911613,-0.9509840608,-0.0989215374,1,259.9,40.2,2224.8,1,0.9965805411,0.0591711625,-0.0576719195,-0.0589182153,0.9982442856,0.0060780137,0.0579303093,-0.0026593031,0.9983170629,1,96.9,-120.8,2412.7,1,0.9965853095,0.0523229167,-0.0638752580,-0.0588274747,0.9927721024,-0.1046079770,0.0579401813,0.1080083922,0.9924601316,1,73.3,-517.5,2413.8,1,0.8536078334,0.1543145627,0.4975346029,-0.1633142382,0.9862394333,-0.0256962869,-0.4946535230,-0.0593199283,0.8670634627,1,264.0,-121.0,2337.5,1,0.8569787741,-0.0835368410,0.5085361004,0.0642139092,0.9963936210,0.0554643460,-0.5113354325,-0.0148766786,0.8592524529,1,202.8,-512.8,2361.0,1,-41.8,77.5,2216.0,1,17.6,62.6,2150.2,1,56.6,-834.1,2379.3,1,232.2,-864.5,2366.3,1,
5,0.9388502240,-0.0851278678,0.3336368203,0.0028212985,0.9708260298,0.2397684306,-0.3443142772,-0.2241653502,0.9117003679,1,130.8,469.3,2250.8,1,0.9388502240,-0.0851278678,0.3336368203,0.0028212985,0.9708260298,0.2397684306,-0.3443142772,-0.2241653502,0.9117003679,1,148.4,269.3,2297.0,1,0.9392057061,-0.0683562979,0.3364819586,-0.0016945639,0.9790478349,0.2036234736,-0.3433508873,-0.1918145120,0.9194114208,1,161.9,74.8,2335.1,1,0.1368164420,-0.9508452415,0.2778030932,0.7189497948,0.2882371843,0.6324796677,-0.6814634800,0.1131928712,0.7230455875,0,11.8,269.5,2346.9,1,0.1213310659,-0.9508452415,-0.2849071324,0.0104660541,0.2882371843,-0.9575018287,0.9925569296,0.1131928712,0.0449237227,0,-20.9,97.4,2510.0,0,-0.0935208574,0.3103974462,0.9459953904,-0.9913077950,0.0592798628,-0.1174511760,-0.0925350189,-0.9487567544,0.3021554947,1,285.0,269.1,2247.0,1,-0.9476857185,0.3103974462,-0.0744661912,0.0974798650,0.0592798628,-0.9934704900,-0.3039563298,-0.9487567544,-0.0864361823,1,263.7,43.4,2225.9,1,0.9985029101,0.0526036620,-0.0149913561,-0.0522370078,0.9983491302,0.0238813031,0.0162228514,-0.0230624489,0.9996023774,1,93.4,-123.9,2402.5,1,0.9985059500,0.0500978380,-0.0218192972,-0.0521774031,0.9927354455,-0.1084152609,0.0162294190,0.1093917564,0.9938662052,1,72.5,-520.6,2411.6,1,0.8314819336,0.1610420495,0.5316984653,-0.1632938087,0.9856325984,-0.0431681797,-0.5310112238,-0.0509295054,0.8458328843,1,266.9,-120.6,2347.0,1,0.8365700841,-0.0861435086,0.5410450697,0.0889500827,0.9958143830,0.0210148208,-0.5405907631,0.0305456314,0.8407309651,1,202.9,-512.2,2367.2,1,-54.6,94.5,2234.4,0,20.6,68.4,2148.0,1,56.7,-834.2,2377.1,1,231.7,-844.5,2357.0,1,
6,0.9334583879,-0.0688827038,0.3520093858,-0.0171283893,0.9717067480,0.2355687916,-0.3582764864,-0.2259230167,0.9058679342,1,133.5,469.7,2251.8,1,0.9334583879,-0.0688827038,0.3520093858,-0.0171283893,0.9717067480,0.2355687916,-0.3582764864,-0.2259230167,0.9058679342,1,147.7,269.2,2298.4,1,0.9336375594,-0.0529959090,0.3542772233,-0.0199970081,0.9797431231,0.1992573440,-0.3576605022,-0.1931186169,0.9136652350,1,158.2,74.6,2336.8,1,0.1216985732,-0.9363418221,0.3293226957,0.7023627758,0.3156773746,0.6379924417,-0.7013387084,0.1536612362,0.6960691214,0,11.7,272.1,2350.5,1,0.1612552255,-0.9363418221,-0.3118665516,-0.0020903756,0.3156773746,-0.9488642812,0.9869105220,0.1536612362,0.0489473194,0,-17.8,102.1,2520.3,0,-0.0897688195,0.3069760799,0.9474741220,-0.9920387864,0.0568018630,-0.1123945862,-0.0883207470,-0.9500206709,0.2994331419,1,283.8,266.3,2246.2,1,-0.9468209743,0.3069760799,-0.0964145139,0.1193524078,0.0568018630,-0.9912257791,-0.2988060713,-0.9500206709,-0.0904195309,1,263.7,44.7,2226.5,1,0.9990269542,0.0441040657,0.0000866108,-0.0441008098,0.9989252090,0.0142650176,0.0005426276,-0.0142549565,0.9998982549,1,89.6,-119.7,2404.6,1,0.9989032149,0.0465353392,-0.0051801000,-0.0468220748,0.9933577180,-0.1051102057,0.0002543533,0.1052374616,0.9944471121,1,72.1,-516.6,2410.3,1,0.8225932121,0.1487203240,0.5488375425,-0.1646699160,0.9861375093,-0.0204110388,-0.5442648530,-0.0735870451,0.8356798291,1,261.1,-119.9,2341.9,1,0.8284381628,-0.0916808620,0.5525258780,0.1065093726,0.9942976236,0.0052877851,-0.5498599410,0.0544685796,0.8334789872,1,202.0,-511.6,2371.1,1,-62.9,102.7,2244.0,0,20.3,75.4,2149.7,1,57.2,-834.0,2376.7,1,232.3,-839.7,2353.2,1,
7,0.9513816833,-0.0741853043,0.2989472747,-0.0010422961,0.9697813988,0.2439732701,-0.3080127537,-0.2324232906,0.9225549102,1,134.9,467.3,2246.3,1,0.9513816833,-0.0741853043,0.2989472747,-0.0010422961,0.9697813988,0.2439732701,-0.3080127537,-0.2324232906,0.9225549102,1,150.2,266.6,2294.4,1,0.9516798854,-0.0582270101,0.3015210927,-0.0054307086,0.9785152674,0.2061027288,-0.3070437312,-0.1977812946,0.9309171438,1,161.7,72.2,2333.7,1,0.1114656478,-0.9560936689,0.2710355520,0.6541031599,0.2759114504,0.7042882442,-0.7481473684,0.0987812653,0.6561385393,1,11.6,267.3,2339.1,1,0.1044728905,-0.9560936689,-0.2738070190,0.0059690638,0.2759114504,-0.9611645341,0.9945098162,0.0987812653,0.0345322490,1,-16.2,104.4,2525.4,1,-0.0169513766,0.2995789349,0.9539209008,-0.9961096048,0.0774561018,-0.0420261733,-0.0864771530,-0.9509221911,0.2971004844,1,288.9,265.8,2249.6,1,-0.9500566721,0.2995789349,-0.0874346867,0.1155601367,0.0774561018,-0.9902759194,-0.2898934484,-0.9509221911,-0.1082070693,1,285.1,46.7,2230.6,1,0.9982517362,0.0235167164,-0.0542262793,-0.0236317236,0.9997196198,-0.0014805684,0.0541762598,0.0027594403,0.9985275865,1,83.3,-118.3,2408.0,1,0.9970112443,0.0532312058,-0.0559911728,-0.0578533486,0.9947460890,-0.0844580233,0.0512012020,0.0874448791,0.9948526621,1,73.9,-515.4,2406.9,1,0.8534615636,0.1302448958,0.5046182871,-0.1496874392,0.9887312651,-0.0020306942,-0.4991963804,-0.0738019049,0.8633401990,1,254.1,-121.9,2342.5,1,0.8589878678,-0.0965618640,0.5028077960,0.1206074581,0.9925804734,-0.0154232364,-0.4975878894,0.0738907382,0.8642606139,1,202.4,-514.7,2371.8,1,-46.9,102.7,2233.1,1,39.6,76.5,2155.7,1,56.9,-834.5,2378.8,1,233.6,-836.2,2347.9,1,
8,0.9545567632,-0.0753650442,0.2883426547,0.0024604858,0.9694580436,0.2452449352,-0.2980189919,-0.2333907485,0.9255881310,1,137.7,468.5,2243.5,1,0.9545567632,-0.0753650442,0.2883426547,0.0024604858,0.9694580436,0.2452449352,-0.2980189919,-0.2333907485,0.9255881310,1,153.3,268.0,2291.8,1,0.9548195601,-0.0602230653,0.2910202146,-0.0013149692,0.9783867002,0.2067794651,-0.2971831858,-0.1978197694,0.9341035485,1,165.2,73.6,2331.1,1,0.1667860150,-0.9746593833,0.1490686685,0.7807688713,0.2228829265,0.5837149620,-0.6021481752,0.0190326795,0.7981574535,1,14.0,268.2,2335.1,1,0.0063675167,-0.9746593833,-0.2236034274,-0.0574056841,0.2228829265,-0.9731535316,0.9983306527,0.0190326795,-0.0545317791,1,-24.9,85.9,2475.7,1,-0.0461823121,0.3554455638,0.9335553646,-0.9960166216,0.0549755394,-0.0702038258,-0.0762763470,-0.9330788255,0.3514907956,1,292.6,267.9,2248.4,1,-0.9275757670,0.3554455638,-0.1151590124,0.1437381208,0.0549755394,-0.9880875945,-0.3448804021,-0.9330788255,-0.1020850539,1,282.4,47.9,2231.6,1,0.9973565340,0.0341219790,-0.0641530752,-0.0333939642,0.9993655086,0.0123866517,0.0645350292,-0.0102115823,0.9978631735,1,86.2,-121.8,2401.2,1,0.9964678884,0.0504376367,-0.0671405196,-0.0560111180,0.9948989749,-0.0838975459,0.0625664443,0.0873618200,0.9942098856,1,72.7,-518.8,2405.2,1,0.8573774695,0.1432815939,0.4943422079,-0.1591289043,0.9872056842,-0.0101445224,-0.4894709587,-0.0699664429,0.8692081571,1,260.3,-122.7,2345.0,1,0.8645924330,-0.0960930362,0.4931998253,0.1205308810,0.9925479889,-0.0179098435,-0.4878034890,0.0749305263,0.8697316647,1,203.4,-515.0,2372.8,1,-26.8,102.4,2188.3,1,44.0,84.8,2142.9,1,56.8,-832.5,2377.7,1,234.3,-834.8,2348.6,1,
9,0.9554121494,-0.0729876980,0.2861125767,0.0004409264,0.9693198800,0.2458024025,-0.2952751517,-0.2347164452,0.9261321425,1,139.2,467.6,2242.6,1,0.9554121494,-0.0729876980,0.2861125767,0.0004409264,0.9693198800,0.2458024025,-0.2952751517,-0.2347164452,0.9261321425,1,154.2,267.5,2291.1,1,0.9556934237,-0.0574828200,0.2886967063,-0.0037578093,0.9782855511,0.2072275877,-0.2943398356,-0.1991309226,0.9347250462,1,165.6,73.1,2330.7,1,0.1518820673,-0.9837344885,0.0959075987,0.8189687133,0.1795787066,0.5450153351,-0.5533733368,-0.0042327270,0.8329225779,1,14.7,268.1,2334.1,1,-0.0158591270,-0.9837344885,-0.1789271235,-0.0633565187,0.1795787066,-0.9817013144,0.9978649616,-0.0042327270,-0.0651739538,1,-19.1,86.1,2457.0,1,0.0062393304,0.3579383194,0.9337244034,-0.9980370402,0.0604163706,-0.0164912175,-0.0623150766,-0.9317886233,0.3576126397,1,293.7,267.0,2248.1,1,-0.9226408005,0.3579383194,-0.1435760111,0.1763257384,0.0604163706,-0.9824759960,-0.3429914713,-0.9317886233,-0.1188563481,1,295.1,48.2,2234.5,1,0.9967860579,0.0448580831,-0.0663724840,-0.0428503230,0.9985888600,0.0313710943,0.0676860660,-0.0284261871,0.9973016381,1,89.7,-120.7,2397.7,1,0.9964205623,0.0449517183,-0.0715919510,-0.0518330857,0.9938986897,-0.0973587036,0.0667787045,0.1007210389,0.9926710725,1,71.9,-517.4,2409.0,1,0.8555073142,0.1643782407,0.4910061359,-0.1804497093,0.9834722877,-0.0148376906,-0.4853299260,-0.0759081542,0.8710297346,1,264.6,-120.9,2343.2,1,0.8646644354,-0.1070775166,0.4908052683,0.1318431795,0.9911408424,-0.0160373356,-0.4847398996,0.0785762370,0.8711217046,1,199.3,-511.6,2373.4,1,-14.6,103.7,2179.3,1,56.8,93.8,2145.9,1,57.6,-833.7,2376.9,1,234.2,-834.8,2347.8,1,
10,0.9747168422,-0.0670633167,0.2131421864,0.0134733934,0.9698011875,0.2435244620,-0.2230371088,-0.2344956398,0.9461851120,1,139.1,466.3,2241.2,1,0.9747168422,-0.0670633167,0.2131421864,0.0134733934,0.9698011875,0.2435244620,-0.2230371088,-0.2344956398,0.9461851120,1,152.9,266.4,2289.5,1,0.9751400352,-0.0525184795,0.2152758390,0.0065801386,0.9779422879,0.2087716013,-0.2214917243,-0.2021650076,0.9539762735,1,163.3,72.1,2329.7,1,0.1142984703,-0.9921185970,0.0513471216,0.8714896441,0.1249450445,0.4742304385,-0.4769083858,-0.0094553279,0.8789021373,1,10.9,265.5,2321.8,1,-0.0298910514,-0.9921185970,-0.1216848046,-0.1627149880,0.1249450445,-0.9787300825,0.9862202406,-0.0094553279,-0.1651673019,1,-14.9,68.6,2429.5,1,0.0777245387,0.3692906499,0.9260579348,-0.9941973090,0.0979974642,0.0443643741,-0.0743679851,-0.9241325259,0.3747645617,1,294.9,267.4,2257.3,1,-0.9203052521,0.3692906499,-0.1290837824,0.1766925007,0.0979974642,-0.9793754220,-0.3490242958,-0.9241325259,-0.1554384679,1,311.8,51.1,2241.1,1,0.9890370369,0.0413626134,-0.1417563111,-0.0380073972,0.9989314079,0.0262964573,0.1426925212,-0.0206203815,0.9895522594,1,89.4,-120.9,2397.2,1,0.9880850315,0.0507248044,-0.1453098357,-0.0626228601,0.9949444532,-0.0785105154,0.1405927837,0.0866747871,0.9862662554,1,73.0,-517.8,2405.4,1,0.8891579509,0.1688901037,0.4252931774,-0.1847476661,0.9827777743,-0.0040244735,-0.4186483622,-0.0749935284,0.9050467014,1,264.6,-121.6,2343.3,1,0.8991125822,-0.1171057820,0.4217615128,0.1402076632,0.9898297191,-0.0240602642,-0.4146544933,0.0807670802,0.9063875079,1,197.5,-512.1,2373.1,1,-6.8,112.8,2161.1,1,73.4,96.8,2150.7,1,56.8,-835.5,2377.7,1,235.6,-834.3,2346.8,1,
11,0.9741129279,-0.0510427654,0.2202239633,-0.0048964065,0.9691832662,0.2462922037,-0.2260088176,-0.2409947217,0.9438440204,1,139.5,464.6,2241.0,1,0.9741129279,-0.0510427654,0.2202239633,-0.0048964065,0.9691832662,0.2462922037,-0.2260088176,-0.2409947217,0.9438440204,1,150.0,264.9,2290.7,1,0.9743593931,-0.0374578312,0.2218572646,-0.0103178266,0.9775686264,0.2103643864,-0.2247604877,-0.2072596103,0.9521166682,1,157.5,70.6,2331.8,1,0.0869163051,-0.9961594939,-0.0105717378,0.8841962218,0.0722497404,0.4614943564,-0.4589581788,-0.0494588725,0.8870801330,1,8.0,266.4,2323.4,1,-0.0582847297,-0.9961594939,-0.0653383136,-0.1256586164,0.0722497404,-0.9894391894,0.9903599620,-0.0494588725,-0.1293870807,1,-10.8,75.5,2422.5,1,0.1344331205,0.3946276009,0.9089536667,-0.9893746376,0.1047058031,0.1008686423,-0.0553671755,-0.9128558040,0.4045104682,1,292.1,263.4,2257.9,1,-0.9064653516,0.3946276009,-0.1502984017,0.2068721354,0.1047058031,-0.9727489948,-0.3681364954,-0.9128558040,-0.1765496433,1,321.1,50.6,2246.0,1,0.9900135994,0.0298863295,-0.1377674937,-0.0248869788,0.9989727139,0.0378694683,0.1387577504,-0.0340626724,0.9897403717,1,84.6,-122.8,2390.1,1,0.9886538982,0.0536726639,-0.1402950883,-0.0650216863,0.9948619008,-0.0776011050,0.1354091913,0.0858428553,0.9870640039,1,72.7,-519.8,2403.6,1,0.8900973201,0.1627431959,0.4257245958,-0.1703870296,0.9851668477,-0.0203609709,-0.4227233529,-0.0544147044,0.9046236873,1,262.9,-121.6,2349.6,1,0.8976805210,-0.1128328592,0.4259558916,0.1335409582,0.9908619523,-0.0189581439,-0.4199244082,0.0739009157,0.9045452476,1,198.2,-513.0,2371.2,1,4.5,108.4,2162.6,1,86.0,104.2,2150.5,1,55.7,-835.4,2376.4,1,234.7,-833.1,2347.3,1,
12,0.9768846631,-0.0448381156,0.2090117335,-0.0084324582,0.9689107537,0.2472668439,-0.2136006802,-0.2433136702,0.9461359382,1,140.2,465.2,2240.4,1,0.9768846631,-0.0448381156,0.2090117335,-0.0084324582,0.9689107537,0.2472668439,-0.2136006802,-0.2433136702,0.9461359382,1,149.4,265.1,2290.6,1,0.9770609736,-0.0322020352,0.2105109394,-0.0128879137,0.9777483940,0.2093846947,-0.2125693411,-0.2072946578,0.9549047947,1,155.8,70.8,2331.8,1,0.0877366439,-0.9958217144,-0.0253256746,0.8875978589,0.0666102991,0.4557775259,-0.4521861970,-0.0624674037,0.8897333741,1,6.8,266.9,2321.6,1,-0.0703659505,-0.9958217144,-0.0582043119,-0.1237111390,0.0666102991,-0.9900801182,0.9898203015,-0.0624674037,-0.1278813332,1,-12.3,73.9,2420.0,1,0.1501632482,0.3994473219,0.9043743014,-0.9866753221,0.1184982955,0.1114898473,-0.0626324862,-0.9090654254,0.4119189084,1,292.0,263.2,2259.6,1,-0.9012494683,0.3994473219,-0.1679024249,0.2323704809,0.1184982955,-0.9653818607,-0.3657230437,-0.9090654254,-0.1996162832,1,324.4,50.2,2246.1,1,0.9885843396,0.0090563288,-0.1503961384,-0.0060851970,0.9997773767,0.0202038568,0.1505456269,-0.0190580264,0.9884193540,1,75.7,-122.7,2393.6,1,0.9872931242,0.0507285595,-0.1505952924,-0.0619922541,0.9955434203,-0.0710649118,0.1463191360,0.0794976354,0.9860379696,1,72.1,-519.8,2401.2,1,0.8996182680,0.1359010488,0.4149914384,-0.1414354891,0.9897922277,-0.0175325368,-0.4131379724,-0.0429219268,0.9096563458,1,254.1,-124.6,2352.4,1,0.9036808014,-0.1079122350,0.4143862426,0.1284432560,0.9914748073,-0.0219105836,-0.4084890783,0.0730252936,0.9098373055,1,200.1,-517.7,2369.5,1,5.8,105.7,2165.6,1,90.6,110.4,2151.2,1,56.1,-834.3,2376.0,1,234.3,-831.4,2346.4,1,
13,0.9857772589,-0.0471225046,0.1613154858,0.0069245780,0.9704583883,0.2411692739,-0.1679144502,-0.2366221398,0.9569820762,1,141.7,464.9,2241.1,1,0.9857772589,-0.0471225046,0.1613154858,0.0069245780,0.9704583883,0.2411692739,-0.1679144502,-0.2366221398,0.9569820762,1,151.4,265.0,2289.8,1,0.9860258102,-0.0355703272,0.1627508551,0.0010668744,0.9782676101,0.2073435038,-0.1665891707,-0.2042724192,0.9646350741,1,158.5,70.6,2330.4,1,0.1093489900,-0.9933957458,-0.0347510725,0.8814908266,0.0807557106,0.4652445316,-0.4593656063,-0.0815067738,0.8844997883,1,7.6,264.9,2314.1,1,-0.0903306678,-0.9933957458,-0.0707475021,-0.1124313846,0.0807557106,-0.9903724790,0.9895451069,-0.0815067738,-0.1189835742,1,-16.1,73.9,2413.6,1,0.1468539387,0.4127475619,0.8989289999,-0.9859977365,0.1336707175,0.0997024029,-0.0790085718,-0.9009836912,0.4265982509,1,295.2,265.1,2265.5,1,-0.8951022625,0.4127475619,-0.1686161309,0.2426417917,0.1336707175,-0.9608626962,-0.3740547001,-0.9009836912,-0.2197987735,1,327.3,49.9,2248.3,1,0.9804496169,0.0015707455,-0.1967639923,0.0018514440,0.9998502135,0.0172072016,0.1967615634,-0.0172350928,0.9802998900,1,72.7,-122.3,2392.5,1,0.9793115258,0.0491766669,-0.1962921172,-0.0621460304,0.9962338209,-0.0604653209,0.1925793588,0.0714131594,0.9786794186,1,72.0,-519.6,2399.3,1,0.9185639620,0.1311791092,0.3728703558,-0.1369726360,0.9905133247,-0.0110401027,-0.3707812726,-0.0409319960,0.9278177619,1,251.7,-124.7,2353.5,1,0.9219377041,-0.1108391732,0.3711408973,0.1287944317,0.9913841486,-0.0238622148,-0.3652983308,0.0698003545,0.9282699227,1,199.6,-518.2,2369.8,1,7.0,102.6,2161.2,1,94.9,112.9,2151.1,1,56.5,-835.2,2376.7,1,234.5,-830.0,2347.8,1,
14,0.9731692076,-0.0436224155,0.2259175926,-0.0116360495,0.9712768793,0.2376675755,-0.2297961563,-0.2339195609,0.9447091222,1,145.3,467.2,2242.9,1,0.9731692076,-0.0436224155,0.2259175926,-0.0116360495,0.9712768793,0.2376675755,-0.2297961563,-0.2339195609,0.9447091222,1,154.3,266.8,2291.2,1,0.9733140469,-0.0311459322,0.2273536026,-0.0154155679,0.9796341062,0.2001983076,-0.2289586961,-0.1983606219,0.9530115128,1,160.5,72.1,2330.6,1,0.2321979702,-0.9681723118,-0.0934159383,0.8994045258,0.1771479398,0.3996124864,-0.3703452945,-0.1768079251,0.9119119048,1,12.6,269.0,2324.5,1,-0.1964709610,-0.9681723118,-0.1550535262,-0.1002832577,0.1771479398,-0.9790617228,0.9753678441,-0.1768079251,-0.1318958998,1,-38.0,73.0,2405.2,1,0.1415266991,0.4206413627,0.8961200118,-0.9888114333,0.1031753719,0.1077348962,-0.0471397601,-0.9013410211,0.4305370450,1,296.1,264.5,2257.8,1,-0.8881853223,0.4206413627,-0.1848991215,0.2493184656,0.1031753719,-0.9629097581,-0.3859626353,-0.9013410211,-0.1965125054,1,326.6,51.2,2247.6,1,0.9910478592,0.0022085388,-0.1334885955,0.0034279244,0.9991126060,0.0419797376,0.1334628463,-0.0420615189,0.9901608229,1,75.3,-123.9,2386.3,1,0.9894712567,0.0576320365,-0.1327598095,-0.0686934739,0.9944007397,-0.0803020373,0.1273884773,0.0885762870,0.9878898859,1,74.4,-520.8,2403.0,1,0.8922013044,0.1411670297,0.4290089905,-0.1401901543,0.9895385504,-0.0340608060,-0.4293291867,-0.0297537372,0.9026578069,1,255.9,-123.7,2355.8,1,0.8946419358,-0.1103691310,0.4329369962,0.1249330789,0.9921513200,-0.0052374615,-0.4289609790,0.0587738045,0.9014089704,1,199.8,-516.9,2367.6,1,12.3,98.7,2155.6,1,95.9,115.9,2147.4,1,56.2,-834.3,2375.0,1,234.7,-831.2,2349.0,1,
15,0.9640371799,-0.0377684236,0.2630700767,-0.0293973293,0.9686226249,0.2467915118,-0.2641365528,-0.2456497550,0.9326779246,1,147.5,466.6,2241.8,1,0.9640371799,-0.0377684236,0.2630700767,-0.0293973293,0.9686226249,0.2467915118,-0.2641365528,-0.2456497550,0.9326779246,1,155.3,266.0,2292.7,1,0.9641132951,-0.0242907982,0.2643776834,-0.0317844227,0.9780831337,0.2057745904,-0.2635817528,-0.2067930996,0.9422108531,1,160.1,71.7,2333.8,1,0.2970165014,-0.9466096759,-0.1253449768,0.8976693749,0.2320554405,0.3746197224,-0.3255316615,-0.2237865925,0.9186667800,1,14.7,270.7,2331.1,1,-0.2483649850,-0.9466096759,-0.2055358887,-0.0823740438,0.2320554405,-0.9692083597,0.9651576877,-0.2237865925,-0.1356105059,1,-50.0,75.1,2402.0,1,0.1441656947,0.4358231425,0.8884111643,-0.9892281890,0.0864943489,0.1180945560,-0.0253742095,-0.8958665729,0.4435980618,1,295.8,261.4,2254.3,1,-0.8798363805,0.4358231425,-0.1895947158,0.2506216168,0.0864943489,-0.9642134309,-0.4038276672,-0.8958665729,-0.1853275746,1,326.3,52.3,2248.9,1,0.9951528311,0.0128319338,-0.0974993929,-0.0104028443,0.9996237159,0.0253815427,0.0977884009,-0.0242442451,0.9949118495,1,77.6,-121.2,2391.0,1,0.9940041900,0.0478729382,-0.0983049646,-0.0557134710,0.9953461885,-0.0786254853,0.0940834433,0.0836309716,0.9920454621,1,72.5,-518.3,2400.7,1,0.8763678074,0.1364979148,0.4618958235,-0.1415437460,0.9896433949,-0.0239012297,-0.4603746235,-0.0444321968,0.8866120577,1,255.6,-124.0,2349.1,1,0.8786963820,-0.1083216071,0.4649291039,0.1228739768,0.9924217463,-0.0010070347,-0.4612966776,0.0580125675,0.8853473663,1,201.4,-517.2,2366.8,1,14.0,96.3,2153.5,1,97.7,117.4,2144.0,1,57.3,-836.1,2374.0,1,235.6,-830.2,2348.5,1,
16,0.9629954696,-0.0329792909,0.2674921155,-0.0349902436,0.9687875509,0.2454104871,-0.2672365010,-0.2456888109,0.9317840934,1,148.6,467.4,2241.3,1,0.9629954696,-0.0329792909,0.2674921155,-0.0349902436,0.9687875509,0.2454104871,-0.2672365010,-0.2456888109,0.9317840934,1,155.4,267.0,2292.1,1,0.9630811214,-0.0182372332,0.2685930133,-0.0382444151,0.9783156514,0.2035579532,-0.2664810717,-0.2063149959,0.9414998293,1,159.1,72.6,2333.2,1,0.3210065663,-0.9340760112,-0.1563867778,0.9051484466,0.2539953887,0.3408704102,-0.2786773443,-0.2509748936,0.9270116091,1,14.9,272.6,2331.0,1,-0.2829668522,-0.9340760112,-0.2177884579,-0.0978394449,0.2539953887,-0.9622441530,0.9541264176,-0.2509748936,-0.1632617414,1,-55.1,75.2,2391.8,1,0.1501906514,0.4512006938,0.8796935081,-0.9885368943,0.0824071541,0.1265063733,-0.0154132759,-0.8886095881,0.4584053159,1,296.0,261.4,2253.2,1,-0.8719519377,0.4512006938,-0.1900466084,0.2527545989,0.0824071541,-0.9640145898,-0.4193028510,-0.8886095881,-0.1858981252,1,327.9,51.3,2250.0,1,0.9954291582,0.0127671948,-0.0946455002,-0.0121446718,0.9999006987,0.0071505397,0.0947273970,-0.0059684170,0.9954853654,1,76.7,-119.7,2399.1,1,0.9944987893,0.0432140157,-0.0954187661,-0.0513833687,0.9950646758,-0.0848885179,0.0912794694,0.0893244594,0.9918110967,1,71.7,-517.0,2401.5,1,0.8758565784,0.1272055507,0.4655040205,-0.1337259859,0.9908332825,-0.0191506874,-0.4636729360,-0.0454767235,0.8848385811,1,253.2,-125.6,2350.8,1,0.8782047033,-0.1045958251,0.4667078853,0.1232916564,0.9923239946,-0.0096042147,-0.4621208906,0.0659756586,0.8843593597,1,202.6,-519.3,2368.9,1,18.1,100.5,2145.1,1,101.4,117.0,2141.0,1,57.9,-834.7,2372.9,1,235.4,-830.3,2348.2,1,
17,0.9806728959,-0.0338884518,0.1926972121,-0.0169508886,0.9664664865,0.2562327087,-0.1949187219,-0.2545468807,0.9472130537,1,148.7,468.9,2235.5,1,0.9806728959,-0.0338884518,0.1926972121,-0.0169508886,0.9664664865,0.2562327087,-0.1949187219,-0.2545468807,0.9472130537,1,155.7,268.8,2288.2,1,0.9807859659,-0.0223347750,0.1938040555,-0.0208569113,0.9757264256,0.2179974765,-0.1939686686,-0.2178510278,0.9565129876,1,160.0,74.9,2331.6,1,0.2626238465,-0.9508003592,-0.1643393934,0.9012714028,0.1808979958,0.3936822712,-0.3445845842,-0.2515047491,0.9044373035,1,12.9,271.8,2316.5,1,-0.2711476088,-0.9508003592,-0.1498589367,-0.0932141468,0.1808979958,-0.9790745974,0.9580135942,-0.2515047491,-0.1376781017,1,-42.7,81.1,2389.4,1,0.1111748070,0.4885062575,0.8654488921,-0.9930647016,0.0881205574,0.0778282061,-0.0382442698,-0.8680993319,0.4949150980,1,298.5,265.8,2260.0,1,-0.8537666798,0.4885062575,-0.1801224500,0.2536464036,0.0881205574,-0.9632747769,-0.4546932578,-0.8680993319,-0.1991422474,1,322.4,51.6,2251.7,1,0.9856786728,0.0076279230,-0.1684619039,-0.0065022022,0.9999526739,0.0072329724,0.1685091108,-0.0060340133,0.9856816530,1,74.5,-118.3,2398.6,1,0.9848574400,0.0406492464,-0.1685331613,-0.0535331406,0.9959219098,-0.0726209432,0.1648938805,0.0805433914,0.9830172062,1,71.4,-515.6,2401.0,1,0.9102857709,0.1145249158,0.3978239298,-0.1207282469,0.9926400185,-0.0095137814,-0.3959855139,-0.0393683240,0.9174124599,1,250.9,-125.3,2349.8,1,0.9130657315,-0.0811049864,0.3996659815,0.0854682028,0.9963168502,0.0069262274,-0.3987556994,0.0278346315,0.9166346788,1,205.4,-519.7,2365.4,1,27.6,105.2,2141.1,1,101.8,117.1,2134.2,1,58.4,-836.3,2375.1,1,233.6,-866.0,2355.7,1,
18,0.9824925065,-0.0300015099,0.1838704646,-0.0169313587,0.9684851170,0.2484953254,-0.1855310500,-0.2472579628,0.9510214329,1,149.5,464.9,2238.6,1,0.9824925065,-0.0300015099,0.1838704646,-0.0169313587,0.9684851170,0.2484953254,-0.1855310500,-0.2472579628,0.9510214329,1,155.7,264.3,2289.9,1,0.9825587273,-0.0212888718,0.1847300082,-0.0194405746,0.9762207866,0.2159050554,-0.1849336624,-0.2157306522,0.9587804079,1,159.9,70.4,2332.7,1,0.2063177824,-0.9661462307,-0.1549012512,0.9016222358,0.1262106448,0.4137006700,-0.3801451623,-0.2250162065,0.8971384168,1,12.4,267.2,2316.8,1,-0.2377957255,-0.9661462307,-0.1000730246,-0.0973276868,0.1262106448,-0.9872174263,0.9664266706,-0.2250162065,-0.1240451336,1,-29.3,85.1,2393.6,1,0.1378506720,0.4810636938,0.8657799363,-0.9897212386,0.1005005166,0.1017424688,-0.0380667262,-0.8709060550,0.4899730086,1,299.0,261.5,2262.9,1,-0.8574624062,0.4810636938,-0.1825813651,0.2608286440,0.1005005166,-0.9601396322,-0.4435387850,-0.8709060550,-0.2116505951,1,328.4,50.5,2254.8,1,0.9840922952,0.0087961806,-0.1774401069,-0.0048163808,0.9997273684,0.0228472538,0.1775927097,-0.0216291863,0.9838663340,1,74.7,-117.1,2392.6,1,0.9833710194,0.0384865403,-0.1774829030,-0.0518046692,0.9961283803,-0.0710247159,0.1740622520,0.0790380910,0.9815576077,1,71.2,-514.3,2401.2,1,0.9128292203,0.1248845607,0.3887757957,-0.1288752109,0.9915331602,-0.0159117915,-0.3874712288,-0.0355788134,0.9211949706,1,254.0,-120.8,2357.2,1,0.9172711968,-0.0901047811,0.3879364431,0.1071595326,0.9939870238,-0.0225072056,-0.3835757971,0.0622163005,0.9214112759,1,204.4,-514.8,2371.3,1,31.9,110.1,2144.8,1,106.2,118.1,2139.8,1,58.8,-835.2,2375.8,1,234.6,-848.6,2350.4,1,
19,0.9977086782,-0.0352816954,0.0577286743,0.0194898117,0.9669708014,0.2541408837,-0.0647884682,-0.2524334490,0.9654427767,1,149.2,464.5,2232.7,1,0.9977086782,-0.0352816954,0.0577286743,0.0194898117,0.9669708014,0.2541408837,-0.0647884682,-0.2524334490,0.9654427767,1,156.5,264.5,2284.9,1,0.9978545904,-0.0287001561,0.0588436611,0.0150612071,0.9753173590,0.2202933431,-0.0637136996,-0.2189344615,0.9736571312,1,162.1,70.7,2328.5,1,0.1423334479,-0.9807671309,-0.1335554123,0.8604129553,0.0558915958,0.5065231323,-0.4893166423,-0.1870079935,0.8518199325,1,12.0,262.3,2294.1,1,-0.1936889440,-0.9807671309,-0.0240925662,-0.1604340822,0.0558915958,-0.9854628444,0.9678561091,-0.1870079935,-0.1681740582,1,-17.5,83.9,2395.6,1,0.1441295445,0.4805983305,0.8650155663,-0.9857203960,0.1466466784,0.0827653036,-0.0870747939,-0.8645923734,0.4948716760,1,300.9,266.8,2275.7,1,-0.8606178761,0.4805983305,-0.1684104353,0.2682111263,0.1466466784,-0.9521331787,-0.4328967631,-0.8645923734,-0.2551085949,1,332.2,52.9,2256.8,1,0.9548540711,0.0108907921,-0.2968755960,-0.0011354580,0.9994542599,0.0330126584,0.2970730960,-0.0311851818,0.9543453455,1,74.1,-121.9,2392.6,1,0.9544632435,0.0349023640,-0.2962797880,-0.0602242015,0.9952281713,-0.0767719373,0.2921864688,0.0911192074,0.9520106912,1,69.8,-519.0,2405.0,1,0.9536835551,0.1242937520,0.2739319205,-0.1281962097,0.9917420149,-0.0036823682,-0.2721274793,-0.0316052176,0.9617420435,1,254.0,-125.4,2358.7,1,0.9585390687,-0.0939813554,0.2690173388,0.1089744866,0.9931854606,-0.0413184762,-0.2633009553,0.0689214021,0.9622486234,1,204.6,-519.5,2371.3,1,32.7,125.5,2144.6,1,108.9,122.5,2144.5,1,58.6,-836.5,2375.9,1,234.9,-839.0,2349.1,1,
20,0.9984362721,-0.0490983576,-0.0267275572,0.0544837564,0.9616846442,0.2686898112,0.0125112524,-0.2697258592,0.9628558755,1,147.5,462.5,2224.2,1,0.9984362721,-0.0490983576,-0.0267275572,0.0544837564,0.9616846442,0.2686898112,0.0125112524,-0.2697258592,0.9628558755,1,157.6,263.5,2280.0,1,0.9986705184,-0.0450774208,-0.0250039808,0.0496759638,0.9711312652,0.2333159894,0.0137648638,-0.2342478931,0.9720794559,1,166.4,70.6,2326.8,1,0.0991543606,-0.9874275327,-0.1231069043,0.8147009611,0.0095231235,0.5798030496,-0.5713411570,-0.1577853262,0.8054024577,1,12.9,256.2,2278.0,1,-0.1557272375,-0.9874275327,0.0271279085,-0.2299105078,0.0095231235,-0.9731651545,0.9606717229,-0.1577853262,-0.2285029739,1,-7.7,86.7,2396.9,1,0.1386542767,0.4905224741,0.8603270650,-0.9846392870,0.1613644212,0.0666857660,-0.1061153188,-0.8563581109,0.5053615570,1,302.3,270.9,2282.0,1,-0.8526108265,0.4905224741,-0.1801180542,0.2919880748,0.1613644212,-0.9427112341,-0.4333564043,-0.8563581109,-0.2808077633,1,333.2,52.1,2258.5,1,0.9282863736,0.0145194577,-0.3715825081,0.0115685323,0.9976262450,0.0678823739,0.3716860712,-0.0673129484,0.9259148836,1,77.0,-124.5,2377.9,1,0.9279004335,0.0455406383,-0.3700362742,-0.0768457204,0.9945617914,-0.0702963471,0.3648225963,0.0936637148,0.9263539314,1,71.3,-520.7,2404.7,1,0.9710652232,0.1383176297,0.1946806461,-0.1388231963,0.9902548194,-0.0111121675,-0.1943204552,-0.0162355490,0.9808037281,1,258.4,-121.6,2366.3,1,0.9775645733,-0.0946147963,0.1881900579,0.1068833321,0.9926860929,-0.0561271049,-0.1815031916,0.0749822482,0.9805275202,1,203.5,-515.1,2372.8,1,32.1,145.5,2151.2,1,111.8,127.9,2146.0,1,56.7,-837.9,2374.8,1,233.8,-833.4,2348.8,1,
21,0.9892311692,-0.0556064993,-0.1353869885,0.0881593376,0.9647654891,0.2479021698,0.1168317273,-0.2571681738,0.9592782855,1,148.3,465.1,2226.0,1,0.9892311692,-0.0556064993,-0.1353869885,0.0881593376,0.9647654891,0.2479021698,0.1168317273,-0.2571681738,0.9592782855,1,159.8,265.3,2279.3,1,0.9896136522,-0.0525680110,-0.1337960064,0.0813097730,0.9722378254,0.2194135338,0.1185474098,-0.2280135602,0.9664141536,1,170.2,72.2,2324.7,1,0.1070799008,-0.9706547856,-0.2153211683,0.7725316882,-0.0551024117,0.6325808167,-0.6258823276,-0.2340791225,0.7439612150,1,16.7,253.5,2262.0,1,-0.1308092475,-0.9819262028,0.1367839724,-0.3660918474,-0.0803770795,-0.9271010160,0.9213390946,-0.1713488847,-0.3489611149,1,-6.6,85.5,2398.1,1,0.1315759420,0.4829928279,0.8656821847,-0.9779730439,0.2059903443,0.0337142907,-0.1620384157,-0.8510499001,0.4994573593,1,302.9,277.1,2296.5,1,-0.8620331287,0.4829928279,-0.1536776423,0.2824410498,0.2059903443,-0.9369071722,-0.4208633304,-0.8510499001,-0.3139874935,1,333.3,51.7,2259.1,1,0.8834447861,0.0271724407,-0.4677466452,0.0106824916,0.9968892336,0.0780877993,0.4684134424,-0.0739829615,0.8804063797,1,84.3,-126.9,2372.2,1,0.8821449876,0.0578781292,-0.4674081504,-0.0913297534,0.9946041703,-0.0492080748,0.4620380402,0.0860969275,0.8826710582,1,73.6,-522.9,2401.6,1,0.9833611846,0.1566336453,0.0920144767,-0.1558166742,0.9876556993,-0.0160413813,-0.0933912471,0.0014370814,0.9956284761,1,266.1,-117.6,2374.7,1,0.9922913909,-0.0919231549,0.0831140354,0.0979218781,0.9926416874,-0.0712308064,-0.0759546906,0.0788203999,0.9939910769,1,203.8,-510.0,2374.2,1,26.8,179.0,2162.9,1,109.4,125.1,2149.8,1,55.0,-841.0,2374.1,1,233.6,-831.0,2348.7,1,
22,0.9883033037,-0.0628160015,-0.1389629543,0.0978461653,0.9601305127,0.2618693113,0.1169729903,-0.2724032998,0.9550464749,1,149.0,462.9,2219.9,1,0.9883033037,-0.0628160015,-0.1389629543,0.0978461653,0.9601305127,0.2618693113,0.1169729903,-0.2724032998,0.9550464749,1,162.1,263.5,2276.5,1,0.9889172912,-0.0576053746,-0.1368364692,0.0880067647,0.9697248340,0.2277905047,0.1195717603,-0.2373085022,0.9640473127,1,173.5,70.8,2323.7,1,0.1186182722,-0.9686943889,-0.2180845439,0.7551332712,-0.0546100587,0.6532927752,-0.6447506547,-0.2421753705,0.7250156403,1,18.3,250.7,2259.0,1,-0.1301717013,-0.9804137945,0.1477977335,-0.4046385586,-0.0835562795,-0.9106513858,0.9051645994,-0.1783456951,-0.3858365417,1,-7.7,84.6,2400.9,1,0.1316182166,0.4841979742,0.8650022745,-0.9843377471,0.1670776159,0.0562520288,-0.1172853932,-0.8588581681,0.4986048043,1,305.8,276.3,2293.9,1,-0.8605847359,0.4841979742,-0.1579436213,0.2681349218,0.1670776159,-0.9487827420,-0.4330098629,-0.8588581681,-0.2736148238,1,335.9,51.4,2267.1,1,0.8821621537,0.0431052148,-0.4689689875,0.0099592749,0.9938722253,0.1100856885,0.4708404839,-0.1017840132,0.8763271570,1,90.8,-128.3,2359.4,1,0.8804613352,0.0619889274,-0.4700481296,-0.0930333063,0.9947305322,-0.0430805907,0.4649007022,0.0816609263,0.8815888166,1,73.7,-523.0,2399.8,1,0.9823330045,0.1663886160,0.0856543779,-0.1639677286,0.9858583212,-0.0346121974,-0.0902021527,0.0199561510,0.9957235456,1,270.5,-113.5,2381.0,1,0.9928103089,-0.0888279974,0.0802327320,0.0942446589,0.9933287501,-0.0664524660,-0.0737946406,0.0735362023,0.9945585728,1,204.4,-505.2,2373.1,1,25.5,187.9,2169.7,1,112.4,121.0,2154.6,1,53.8,-842.2,2373.6,1,233.6,-831.0,2349.0,1,
23,0.9936617017,-0.0654816702,-0.0913705602,0.0873099566,0.9615446925,0.2604012787,0.0708053634,-0.2667283416,0.9611673355,1,149.2,463.8,2223.8,1,0.9936617017,-0.0654816702,-0.0913705602,0.0873099566,0.9615446925,0.2604012787,0.0708053634,-0.2667283416,0.9611673355,1,162.7,264.8,2279.0,1,0.9942309260,-0.0596432276,-0.0891490057,0.0785185322,0.9709365964,0.2260907143,0.0730732530,-0.2317862362,0.9700182676,1,174.6,71.9,2325.1,1,0.1107248962,-0.9771014452,-0.1816940904,0.7822981477,-0.0270710792,0.6223156452,-0.6129841805,-0.2110447884,0.7613872290,1,18.0,253.3,2268.4,1,-0.1210897043,-0.9863153696,0.1118896008,-0.4134254456,-0.0523661524,-0.9090309143,0.9024503827,-0.1563322842,-0.4014268517,1,-5.9,84.3,2400.8,1,0.1334735304,0.4783995748,0.8679392934,-0.9876354337,0.1368695647,0.0764394999,-0.0822258592,-0.8674102426,0.4907528460,1,307.5,276.2,2289.7,1,-0.8640885949,0.4783995748,-0.1564760357,0.2493834496,0.1368695647,-0.9586837888,-0.4372171164,-0.8674102426,-0.2375723720,1,337.5,54.0,2271.1,1,0.9030039907,0.0544633307,-0.4261660576,-0.0075397915,0.9937886000,0.1110284999,0.4295659661,-0.0970459729,0.8978057504,1,94.7,-129.9,2360.0,1,0.9013674855,0.0562320650,-0.4293886721,-0.0856562406,0.9950947165,-0.0494924970,0.4244993329,0.0813907459,0.9017626643,1,73.1,-524.7,2398.6,1,0.9753403068,0.1788830161,0.1292752624,-0.1731745899,0.9833977222,-0.0542175062,-0.1368275881,0.0304933302,0.9901254177,1,275.2,-113.8,2381.9,1,0.9873676896,-0.0901544914,0.1302967370,0.0971794426,0.9940800667,-0.0485895164,-0.1251448244,0.0606378838,0.9902837276,1,204.1,-504.5,2369.8,1,25.3,190.7,2168.6,1,113.1,118.7,2157.6,1,55.2,-841.2,2372.7,1,233.7,-830.6,2349.9,1,
24,0.9935526848,-0.0585107729,-0.0971061662,0.0811519846,0.9651581645,0.2487650663,0.0791673735,-0.2550415397,0.9636837244,1,150.4,467.7,2226.8,1,0.9935526848,-0.0585107729,-0.0971061662,0.0811519846,0.9651581645,0.2487650663,0.0791673735,-0.2550415397,0.9636837244,1,162.6,267.2,2279.8,1,0.9941908121,-0.0497665405,-0.0954351276,0.0697269738,0.9732640982,0.2188494653,0.0819922015,-0.2242325395,0.9710803628,1,172.5,73.8,2324.3,1,0.1052256748,-0.9771896005,-0.1844670475,0.7939783335,-0.0291348323,0.6072475314,-0.5987703800,-0.2103608847,0.7728016376,1,17.6,257.0,2267.8,1,-0.1202319339,-0.9862117171,0.1137131825,-0.4146564305,-0.0541850626,-0.9083634019,0.9020001888,-0.1563661844,-0.4024242461,1,-5.7,81.2,2400.4,1,0.1342372894,0.4775376022,0.8682961464,-0.9874125123,0.1384211779,0.0765248835,-0.0836470574,-0.8676390052,0.4901078939,1,307.6,277.4,2291.7,1,-0.8672374487,0.4775376022,-0.1409149617,0.2326407582,0.1384211779,-0.9626618624,-0.4402016401,-0.8676390052,-0.2311387360,1,337.7,56.1,2273.0,1,0.8989618421,0.0606278926,-0.4338108599,-0.0235490650,0.9956319332,0.0903466418,0.4373934865,-0.0710023418,0.8964628577,1,95.5,-128.3,2364.5,1,0.8979118466,0.0441606976,-0.4379545152,-0.0637702420,0.9975087047,-0.0301615167,0.4355314970,0.0550108477,0.8984910250,1,71.5,-523.7,2392.7,1,0.9752157927,0.1835602224,0.1235303953,-0.1789655089,0.9827122688,-0.0474125072,-0.1300978810,0.0241297483,0.9912074804,1,277.2,-113.9,2377.9,1,0.9881942868,-0.0909046307,0.1233222261,0.0974993631,0.9940518141,-0.0485265329,-0.1181773990,0.0599774793,0.9911795259,1,204.3,-504.4,2368.3,1,25.5,188.6,2166.7,1,112.4,116.5,2158.6,1,57.4,-840.9,2375.2,1,234.0,-829.2,2348.7,1,
