1,0.9327590466,-0.0246836673,-0.3596543968,0.0331003070,0.9993029833,0.0172614306,0.3589776158,-0.0280054267,0.9329259396,1,-193.4,521.4,2523.9,1,0.9327590466,-0.0246836673,-0.3596543968,0.0331003070,0.9993029833,0.0172614306,0.3589776158,-0.0280054267,0.9329259396,1,-188.4,319.4,2529.6,1,0.9324937463,-0.0354455933,-0.3594425917,0.0419164598,0.9990687966,0.0102220764,0.3587455451,-0.0245985836,0.9331111908,1,-181.3,120.9,2534.5,1,0.7471058965,-0.6225157380,-0.2330384254,0.1845468730,0.5310652256,-0.8269898295,0.6385728121,0.5748424530,0.5116453171,0,-324.6,313.3,2477.2,1,-0.7539982796,-0.6452758908,0.1229047328,-0.3175293207,0.5218328834,0.7917484045,-0.5750318766,0.5579510927,-0.5983551741,0,-500.7,269.8,2326.6,0,0.1540854722,0.9762006998,-0.1526100188,-0.9876613617,0.1478018761,-0.0517656617,-0.0279776268,0.1587033570,0.9869298339,1,-52.2,325.5,2581.9,1,-0.0159079321,0.9918206334,-0.1266443580,-0.9777509570,-0.0419269651,-0.2055364549,-0.2091650963,0.1205569804,0.9704205394,1,-12.4,70.1,2574.7,1,0.9616479278,0.0802864432,-0.2622733712,-0.0438824110,0.9889183640,0.1418264657,0.2707537115,-0.1248779446,0.9545145035,1,-262.8,-86.4,2507.4,1,0.9615939260,0.0197846349,-0.2737621963,-0.0468085594,0.9946084619,-0.0925360024,0.2704554200,0.1017964631,0.9573355317,1,-294.7,-479.4,2557.0,1,0.9846951962,0.1652689874,-0.0553316250,-0.1650689244,0.9862479568,0.0081982892,0.0559256263,0.0010607166,0.9984343648,1,-90.1,-78.9,2568.3,1,0.9948198795,-0.0760462135,-0.0674564168,0.0716693625,0.9953022599,-0.0650918484,0.0720895082,0.0599201098,0.9955966473,1,-155.7,-470.8,2567.9,1,-328.7,342.2,2457.8,0,-16.9,-209.4,2514.9,1,-301.4,-819.9,2522.2,1,-129.9,-809.0,2547.5,1,
2,0.9372013807,-0.0271703582,-0.3477287889,0.0330365188,0.9993941188,0.0109509956,0.3472205698,-0.0217510369,0.9375312328,1,-193.9,521.7,2526.3,1,0.9372013807,-0.0271703582,-0.3477287889,0.0330365188,0.9993941188,0.0109509956,0.3472205698,-0.0217510369,0.9375312328,1,-188.4,319.8,2530.7,1,0.9369660616,-0.0352813900,-0.3476345539,0.0405668765,0.9991453290,0.0079352101,0.3470574617,-0.0215374716,0.9375965595,1,-181.3,121.3,2535.0,1,0.7551913857,-0.6149616241,-0.2269541174,0.1825450659,0.5298306942,-0.8282250166,0.6295738816,0.5840390325,0.5123817921,0,-325.2,313.9,2480.0,1,-0.7613442540,-0.6379374862,0.1157184169,-0.3156905174,0.5206526518,0.7932592630,-0.5662989020,0.5674121976,-0.5977867246,0,-503.2,270.9,2331.6,0,0.1502478868,0.9785449505,-0.1409800947,-0.9882643223,0.1446805596,-0.0490011945,-0.0275527928,0.1466879249,0.9887990355,1,-51.5,325.8,2581.4,1,-0.0100968760,0.9930582047,-0.1171900555,-0.9803035259,-0.0329470411,-0.1947292089,-0.1972384900,0.1129156649,0.9738311172,1,-13.2,73.6,2574.4,1,0.9634989500,0.0971657112,-0.2494567037,-0.0614692941,0.9872084856,0.1471085697,0.2605596781,-0.1264050156,0.9571470022,1,-259.7,-81.4,2506.5,1,0.9640436172,0.0088428343,-0.2655968666,-0.0359491296,0.9945986867,-0.0973710939,0.2633012533,0.1034179553,0.9591544271,1,-298.3,-473.7,2556.7,1,0.9847967625,0.1686539799,-0.0416077524,-0.1682871580,0.9856626391,0.0121919960,0.0430674367,-0.0050045876,0.9990596175,1,-88.8,-73.8,2572.2,1,0.9957264662,-0.0722787380,-0.0574855506,0.0674595758,0.9943660498,-0.0817638561,0.0630714670,0.0775364861,0.9949924946,1,-155.8,-465.5,2574.2,1,-329.6,342.9,2460.8,0,-16.1,-206.6,2518.0,1,-301.4,-818.7,2520.8,1,-131.1,-804.5,2547.8,1,
3,0.9300191402,-0.0307361577,-0.3662235141,0.0348263867,0.9993829727,0.0045655593,0.3658571839,-0.0170002989,0.9305157065,1,-194.7,518.2,2528.0,1,0.9300191402,-0.0307361577,-0.3662235141,0.0348263867,0.9993829727,0.0045655593,0.3658571839,-0.0170002989,0.9305157065,1,-188.5,316.9,2531.5,1,0.9298652411,-0.0351484679,-0.3662175238,0.0394962952,0.9992101192,0.0043840762,0.3657741547,-0.0185408350,0.9305189252,1,-181.5,118.3,2535.2,1,0.7424640656,-0.6266171932,-0.2368500829,0.1803858578,0.5275237560,-0.8301684260,0.6451418996,0.5736458302,0.5047003031,0,-324.3,311.1,2478.1,1,-0.7498340011,-0.6492550373,0.1273457259,-0.3137660623,0.5184020996,0.7954936624,-0.5824944973,0.5565313697,-0.5924296975,0,-499.3,268.6,2326.0,0,0.1582498848,0.9743956327,-0.1597190499,-0.9868546128,0.1507084817,-0.0583520532,-0.0327869654,0.1668536812,0.9854363799,1,-52.7,322.6,2584.9,1,-0.0118251089,0.9907546043,-0.1351497173,-0.9789199829,-0.0390314981,-0.2004799098,-0.2039014995,0.1299300641,0.9703310728,1,-13.0,74.8,2576.7,1,0.9584798813,0.0964664221,-0.2683477700,-0.0588263832,0.9876897931,0.1449425071,0.2790264189,-0.1231385469,0.9523555636,1,-260.2,-80.9,2507.5,1,0.9589050412,0.0036821568,-0.2837034166,-0.0327959657,0.9946518540,-0.0979394391,0.2818254828,0.1032189503,0.9538974166,1,-298.5,-473.4,2556.4,1,0.9843044877,0.1653508395,-0.0616743788,-0.1652165651,0.9862302542,0.0073061059,0.0620332099,0.0029981958,0.9980695844,1,-88.4,-73.5,2571.1,1,0.9950350523,-0.0653158575,-0.0750935823,0.0597587861,0.9954655170,-0.0740089267,0.0795870274,0.0691539794,0.9944263101,1,-154.1,-465.5,2569.9,1,-328.3,340.1,2458.8,0,-16.3,-205.0,2518.4,1,-299.8,-821.1,2520.3,1,-131.7,-806.6,2546.2,1,
4,0.9420549273,-0.0194286630,-0.3348954916,0.0239750445,0.9996679425,0.0094465232,0.3346007466,-0.0169282779,0.9422079325,1,-192.1,519.8,2528.4,1,0.9420549273,-0.0194286630,-0.3348954916,0.0239750445,0.9996679425,0.0094465232,0.3346007466,-0.0169282779,0.9422079325,1,-188.2,318.0,2531.8,1,0.9419367909,-0.0253923852,-0.3348288238,0.0292464625,0.9995512962,0.0064729434,0.3345142007,-0.0158896614,0.9422567487,1,-183.1,119.4,2535.0,1,0.7654532194,-0.6015823483,-0.2284293473,0.1715538949,0.5329146981,-0.8285958767,0.6202020645,0.5950635076,0.5111250877,0,-325.8,313.8,2483.0,1,-0.7721057534,-0.6248731613,0.1156989262,-0.3049643040,0.5240579247,0.7952107191,-0.5575387478,0.5787027478,-0.5951921344,0,-506.2,273.3,2336.8,0,0.1478326023,0.9805467129,-0.1291266829,-0.9886526465,0.1429925561,-0.0460338704,-0.0266742054,0.1344667375,0.9905590415,1,-50.7,322.3,2580.7,1,-0.0136502106,0.9943746924,-0.1050366536,-0.9799128175,-0.0342050940,-0.1964710504,-0.1989586204,0.1002448872,0.9748674035,1,-13.1,71.0,2573.9,1,0.9676056504,0.0936687738,-0.2344471812,-0.0592319109,0.9869330525,0.1498490125,0.2454198450,-0.1311079860,0.9605101943,1,-259.7,-83.9,2505.3,1,0.9680307508,0.0102365809,-0.2506225407,-0.0384873413,0.9933966398,-0.1080826297,0.2478612065,0.1142731011,0.9620324969,1,-297.0,-476.1,2557.4,1,0.9860817790,0.1637254506,-0.0289262012,-0.1637418717,0.9865015745,0.0018162874,0.0288331155,0.0029454224,0.9995799065,1,-89.3,-76.6,2572.4,1,0.9966604114,-0.0708657205,-0.0405711345,0.0679692179,0.9953123927,-0.0688001141,0.0452565216,0.0658127591,0.9968051314,1,-154.3,-468.7,2571.2,1,-330.1,342.9,2464.0,0,-17.0,-209.1,2517.0,1,-300.5,-819.1,2518.0,1,-130.3,-805.7,2548.9,1,
5,0.9532124996,-0.0187718906,-0.3017175794,0.0283890925,0.9992179871,0.0275211930,0.3009650111,-0.0347990356,0.9530000687,1,-193.7,519.2,2520.1,1,0.9532124996,-0.0187718906,-0.3017175794,0.0283890925,0.9992179871,0.0275211930,0.3009650111,-0.0347990356,0.9530000687,1,-189.9,317.1,2527.1,1,0.9530778527,-0.0265411995,-0.3015595973,0.0343289115,0.9991992116,0.0205537397,0.3007725775,-0.0299415272,0.9532257915,1,-184.5,118.6,2533.1,1,0.7866423726,-0.5806525350,-0.2098485231,0.1808837205,0.5417160392,-0.8208683133,0.5903176069,0.6077716351,0.5311673880,0,-329.0,312.1,2483.2,1,-0.7910107374,-0.6044977903,0.0942576304,-0.3133414388,0.5326133370,0.7862188816,-0.5254704356,0.5923727751,-0.6107170582,0,-514.4,269.5,2344.1,0,0.1467478424,0.9841614366,-0.0994550288,-0.9890030026,0.1478480697,0.0037435496,0.0183884911,0.0978119597,0.9950349927,1,-50.7,322.1,2571.0,1,-0.0142431697,0.9976022840,-0.0677261204,-0.9801585078,-0.0273222737,-0.1963230520,-0.1977027506,0.0635860711,0.9781975150,1,-13.2,69.3,2575.7,1,0.9754512310,0.0847360939,-0.2032600343,-0.0578286052,0.9891768694,0.1348518878,0.2124869376,-0.1197871938,0.9697939754,1,-264.4,-81.9,2507.6,1,0.9760453105,0.0080668116,-0.2174176872,-0.0304015577,0.9945650697,-0.0995794311,0.2154327482,0.1038038731,0.9709858298,1,-298.1,-475.0,2555.2,1,0.9883990884,0.1518719643,0.0014793137,-0.1518415809,0.9883242846,-0.0126193604,-0.0033785687,0.0122483429,0.9999192953,1,-91.8,-76.5,2568.9,1,0.9979826808,-0.0633651912,-0.0039227251,0.0631063953,0.9968633652,-0.0477596782,0.0069367220,0.0474157818,0.9988511801,1,-152.1,-469.3,2564.0,1,-334.0,340.9,2463.9,0,-17.3,-210.8,2519.2,1,-300.9,-823.4,2518.8,1,-130.6,-807.7,2547.9,1,
6,0.9460487962,-0.0179669373,-0.3235257566,0.0253965557,0.9995014668,0.0187570844,0.3230274618,-0.0259615574,0.9460334182,1,-193.9,520.1,2524.4,1,0.9460487962,-0.0179669373,-0.3235257566,0.0253965557,0.9995014668,0.0187570844,0.3230274618,-0.0259615574,0.9460334182,1,-190.3,318.1,2529.7,1,0.9458723068,-0.0274939332,-0.3233723640,0.0331561603,0.9993779659,0.0120129660,0.3228409290,-0.0220845174,0.9461955428,1,-184.8,119.6,2534.1,1,0.7725996971,-0.5953285694,-0.2206208408,0.1770027131,0.5356864929,-0.8256573081,0.6097210050,0.5988521576,0.5192459822,0,-328.4,313.3,2482.5,1,-0.7782356739,-0.6187993884,0.1069417819,-0.3100130260,0.5266803503,0.7915173769,-0.5461145639,0.5828337073,-0.6017173529,0,-510.5,271.6,2338.8,0,0.1548734754,0.9805895090,-0.1202431470,-0.9879339337,0.1538292617,-0.0179752465,0.0008705754,0.1215761751,0.9925817251,1,-52.2,322.9,2576.8,1,-0.0109712528,0.9959133267,-0.0896455944,-0.9794319272,-0.0287666041,-0.1997136474,-0.2014762759,0.0856106505,0.9757449031,1,-12.8,71.3,2577.0,1,0.9708638787,0.0784087107,-0.2264406830,-0.0528116226,0.9917299747,0.1169726625,0.2337396890,-0.1016058326,0.9669756889,1,-266.5,-83.1,2511.5,1,0.9713072777,0.0093849041,-0.2376428545,-0.0308537539,0.9957492948,-0.0867834389,0.2358182520,0.0916255638,0.9674680829,1,-297.7,-477.2,2551.9,1,0.9886694551,0.1488851756,-0.0191278942,-0.1490211785,0.9888164997,-0.0058847358,0.0180378277,0.0086685196,0.9997997284,1,-91.9,-76.9,2566.6,1,0.9979667068,-0.0587135255,-0.0248033646,0.0575939938,0.9973846674,-0.0436666943,0.0273023210,0.0421493836,0.9987382293,1,-151.0,-469.8,2563.2,1,-333.0,342.3,2463.4,0,-15.9,-208.7,2519.4,1,-300.9,-821.9,2520.2,1,-131.1,-807.8,2548.9,1,
7,0.9443750381,-0.0131173376,-0.3286087215,0.0191702172,0.9997009039,0.0151866367,0.3283112347,-0.0206413809,0.9443440437,1,-193.3,522.3,2527.1,1,0.9443750381,-0.0131173376,-0.3286087215,0.0191702172,0.9997009039,0.0151866367,0.3283112347,-0.0206413809,0.9443440437,1,-190.6,320.2,2531.3,1,0.9441927671,-0.0244426839,-0.3284852803,0.0288728159,0.9995459914,0.0086150551,0.3281255662,-0.0176185668,0.9444698095,1,-185.8,121.6,2534.8,1,0.7697825432,-0.5970085859,-0.2258661985,0.1719095260,0.5346833467,-0.8273819089,0.6147210002,0.5980756283,0.5142213702,0,-328.5,316.0,2483.3,1,-0.7761549354,-0.6204181314,0.1125384495,-0.3051938713,0.5258204937,0.7939581275,-0.5517610312,0.5818884969,-0.5974659324,0,-510.0,275.5,2338.4,0,0.1534458399,0.9802412391,-0.1248256937,-0.9881210923,0.1511330456,-0.0278485641,-0.0084330235,0.1276161522,0.9917877913,1,-52.8,324.4,2579.2,1,-0.0083938818,0.9952531457,-0.0969571993,-0.9803775549,-0.0272877850,-0.1952313036,-0.1969503164,0.0934159085,0.9759528637,1,-13.2,69.8,2577.0,1,0.9696574807,0.0817009136,-0.2304112464,-0.0538448468,0.9907321930,0.1247016639,0.2384640723,-0.1085114479,0.9650700092,1,-266.0,-82.0,2508.9,1,0.9701506495,0.0077696941,-0.2423784137,-0.0290865954,0.9959992766,-0.0844950229,0.2407522351,0.0890228674,0.9664953947,1,-298.4,-475.7,2552.0,1,0.9882562757,0.1510788798,-0.0229065735,-0.1511056274,0.9885174632,0.0005682250,0.0227293950,0.0028997604,0.9997374415,1,-92.6,-76.0,2568.1,1,0.9973674417,-0.0650429502,-0.0320567377,0.0630537793,0.9962300658,-0.0595805459,0.0358111784,0.0574023984,0.9977086186,1,-152.6,-468.8,2566.9,1,-333.0,345.1,2464.3,0,-15.6,-210.4,2520.7,1,-301.1,-821.3,2521.1,1,-130.6,-806.4,2547.5,1,
8,0.9584862590,-0.0095762284,-0.2849778533,0.0122504085,0.9998960495,0.0076027494,0.2848754227,-0.0107782260,0.9585039616,1,-192.1,518.9,2527.9,1,0.9584862590,-0.0095762284,-0.2849778533,0.0122504085,0.9998960495,0.0076027494,0.2848754227,-0.0107782260,0.9585039616,1,-190.2,317.3,2530.1,1,0.9583361149,-0.0197336189,-0.2849605680,0.0224959273,0.9997262955,0.0064234901,0.2847557962,-0.0125663141,0.9585177302,1,-186.2,118.7,2532.6,1,0.7979832888,-0.5661297441,-0.2066874653,0.1652609259,0.5353473425,-0.8283067346,0.5795786977,0.6268175840,0.5207573771,0,-330.1,314.0,2488.5,1,-0.8022056222,-0.5903023481,0.0894947350,-0.2987706959,0.5266762972,0.7958317399,-0.5169160962,0.6116822362,-0.5988677144,0,-518.2,275.1,2351.9,0,0.1463133395,0.9855669141,-0.0851484686,-0.9890597463,0.1473792195,0.0063353330,0.0187930092,0.0832899809,0.9963481426,1,-50.3,320.6,2571.7,1,-0.0071793115,0.9985789061,-0.0528079346,-0.9796786308,-0.0176094212,-0.1997990906,-0.2004450709,0.0503003858,0.9784128070,1,-13.4,71.1,2576.4,1,0.9792352915,0.0843313783,-0.1843541861,-0.0598621815,0.9891054034,0.1344881803,0.1936872900,-0.1206597313,0.9736151695,1,-267.4,-79.6,2508.2,1,0.9800366163,0.0000993932,-0.1988171041,-0.0197466612,0.9951040149,-0.0968404785,0.1978340745,0.0988331884,0.9752402902,1,-300.9,-472.7,2556.1,1,0.9889183640,0.1466584057,0.0230612755,-0.1466606408,0.9891855717,-0.0016037418,-0.0230470840,-0.0017962118,0.9997327924,1,-94.3,-74.4,2568.4,1,0.9979035258,-0.0633797571,0.0130971195,0.0641312823,0.9955911040,-0.0684509724,-0.0087009696,0.0691474006,0.9975684881,1,-152.6,-467.5,2569.1,1,-335.3,343.2,2469.8,0,-15.4,-208.9,2519.1,1,-301.0,-818.5,2521.8,1,-131.1,-805.1,2545.6,1,
9,0.9699172378,-0.0106455339,-0.2432020903,0.0184109434,0.9993898869,0.0296792332,0.2427377701,-0.0332639776,0.9695214629,1,-191.9,521.2,2520.3,1,0.9699172378,-0.0106455339,-0.2432020903,0.0184109434,0.9993898869,0.0296792332,0.2427377701,-0.0332639776,0.9695214629,1,-189.7,318.8,2527.1,1,0.9698547125,-0.0175553914,-0.2430507094,0.0228417441,0.9995595217,0.0189487841,0.2426109910,-0.0239292681,0.9698284864,1,-186.1,120.1,2531.9,1,0.8228424788,-0.5369261503,-0.1861197650,0.1696833968,0.5447249413,-0.8212687373,0.5423447490,0.6441933513,0.5393302441,0,-331.2,315.4,2491.7,1,-0.8247009516,-0.5617565513,0.0655582696,-0.3024104238,0.5359494686,0.7882297039,-0.4779291153,0.6302282810,-0.6118791103,0,-525.2,275.4,2363.8,0,0.1385803819,0.9892663956,-0.0463406555,-0.9887377024,0.1408729851,0.0505226888,0.0565085448,0.0388172977,0.9976472259,1,-48.2,322.1,2562.5,1,-0.0081086727,0.9999234676,-0.0093449214,-0.9788981676,-0.0098457215,-0.2041112185,-0.2041876018,0.0074926559,0.9789031148,1,-12.7,69.4,2576.9,1,0.9870733023,0.0712339208,-0.1435689479,-0.0539963730,0.9912343621,0.1205771118,0.1508996636,-0.1112662405,0.9822673202,1,-270.1,-82.0,2509.1,1,0.9878503084,0.0056006899,-0.1553075016,-0.0197618660,0.9957647920,-0.0897882879,0.1541468799,0.0917665511,0.9837772250,1,-298.4,-475.9,2553.3,1,0.9871365428,0.1447529793,0.0678824559,-0.1464101523,0.9890201092,0.0200818144,-0.0642302111,-0.0297621731,0.9974911809,1,-94.5,-77.9,2561.2,1,0.9965735674,-0.0634631068,0.0530425273,0.0675450116,0.9945772886,-0.0790801719,-0.0477362201,0.0823919699,0.9954560995,1,-152.0,-470.8,2573.1,1,-337.1,344.4,2472.8,0,-15.1,-210.5,2518.6,1,-300.3,-821.0,2521.5,1,-130.6,-806.3,2545.3,1,
10,0.9488781095,-0.0203407239,-0.3149867356,0.0263723116,0.9995411634,0.0148981446,0.3145391643,-0.0224434510,0.9489791393,1,-191.7,526.6,2526.6,1,0.9488781095,-0.0203407239,-0.3149867356,0.0263723116,0.9995411634,0.0148981446,0.3145391643,-0.0224434510,0.9489791393,1,-187.6,324.0,2531.1,1,0.9487814307,-0.0264923088,-0.3148204684,0.0304974653,0.9995043874,0.0078020687,0.3144577444,-0.0170036852,0.9491191506,1,-182.0,125.4,2534.6,1,0.7782731056,-0.5892661214,-0.2169248760,0.1731525809,0.5334666371,-0.8279079199,0.6035802364,0.6067773700,0.5172157288,0,-325.9,319.6,2485.3,1,-0.7834954858,-0.6128910780,0.1024665385,-0.3064629138,0.5245653987,0.7942994833,-0.5405694246,0.5909278393,-0.5988230109,0,-509.4,278.8,2343.0,0,0.1415679455,0.9832049012,-0.1151810810,-0.9897866249,0.1425564885,0.0003488315,0.0167627838,0.1139553115,0.9933444262,1,-49.3,328.4,2576.9,1,-0.0048768152,0.9966738224,-0.0813483596,-0.9759977460,-0.0224561188,-0.2166197896,-0.2177260369,0.0783394054,0.9728608727,1,-12.7,72.5,2581.3,1,0.9742558002,0.0567915030,-0.2181749940,-0.0351363271,0.9941753745,0.1018858477,0.2226904631,-0.0915970132,0.9705765843,1,-271.4,-80.5,2514.4,1,0.9741964936,0.0182825699,-0.2249598652,-0.0387083180,0.9954800606,-0.0867246836,0.2223575115,0.0931947008,0.9705008268,1,-293.9,-475.5,2550.8,1,0.9884663820,0.1514274478,-0.0019844517,-0.1511835754,0.9874678254,0.0452855341,0.0088170553,-0.0444632135,0.9989721179,1,-93.7,-76.4,2558.9,1,0.9974179864,-0.0677176788,-0.0239097085,0.0650630370,0.9930271506,-0.0983051732,0.0303999875,0.0964957103,0.9948690534,1,-153.9,-468.7,2576.5,1,-330.7,348.7,2466.3,0,-14.1,-206.4,2519.0,1,-300.3,-820.1,2518.6,1,-130.7,-808.3,2543.5,1,
11,0.9354687333,-0.0176116806,-0.3529704213,0.0311571453,0.9989784360,0.0327303559,0.3520334065,-0.0416157730,0.9350618124,1,-191.0,528.0,2521.2,1,0.9354687333,-0.0176116806,-0.3529704213,0.0311571453,0.9989784360,0.0327303559,0.3520334065,-0.0416157730,0.9350618124,1,-187.5,325.1,2529.6,1,0.9353404641,-0.0267248042,-0.3527378440,0.0369365066,0.9990698695,0.0222495589,0.3518151343,-0.0338398181,0.9354576468,1,-182.0,126.6,2536.4,1,0.7532104850,-0.6136887074,-0.2367702872,0.1838577688,0.5420267582,-0.8200020194,0.6315618157,0.5741020441,0.5210916996,0,-323.9,319.7,2478.3,1,-0.7608372569,-0.6366488338,0.1257175952,-0.3161675632,0.5328399539,0.7849329114,-0.5667139888,0.5574584007,-0.6066921949,0,-501.5,276.4,2329.4,0,0.1460683048,0.9776957631,-0.1509139538,-0.9892260432,0.1458616704,-0.0124986442,0.0097926911,0.1511136740,0.9884678721,1,-51.0,330.5,2580.9,1,-0.0038489054,0.9929502606,-0.1184692383,-0.9770336747,-0.0289743375,-0.2111059874,-0.2130503207,0.1149359047,0.9702573419,1,-13.5,76.8,2583.4,1,0.9625552893,0.0880585983,-0.2563844621,-0.0568450540,0.9903085828,0.1267185807,0.2650583684,-0.1073994562,0.9582324624,1,-263.4,-75.9,2509.3,1,0.9630113244,0.0057238517,-0.2694001794,-0.0315775238,0.9952828884,-0.0917321518,0.2676043510,0.0968460888,0.9586494565,1,-298.4,-469.2,2552.0,1,0.9856993556,0.1620309204,-0.0462903567,-0.1604902297,0.9864066243,0.0352830663,0.0513780639,-0.0273493454,0.9983047247,1,-90.0,-70.4,2566.8,1,0.9953801632,-0.0679190531,-0.0678624064,0.0610232875,0.9932166338,-0.0989791229,0.0741246343,0.0943806693,0.9927728176,1,-154.4,-462.3,2577.7,1,-328.0,348.5,2458.7,0,-14.6,-202.5,2522.5,1,-300.4,-819.6,2517.9,1,-130.7,-808.9,2544.7,1,
12,0.9364805818,-0.0148090245,-0.3504065871,0.0316169634,0.9986047745,0.0422946140,0.3492913544,-0.0506868772,0.9356422424,1,-190.6,525.8,2518.0,1,0.9364805818,-0.0148090245,-0.3504065871,0.0316169634,0.9986047745,0.0422946140,0.3492913544,-0.0506868772,0.9356422424,1,-187.6,322.6,2528.3,1,0.9363754988,-0.0239494648,-0.3501819670,0.0370349064,0.9988417625,0.0307178944,0.3490406871,-0.0417324379,0.9361778498,1,-182.8,124.1,2536.6,1,0.7554126382,-0.6106017828,-0.2377334237,0.1867049932,0.5483524799,-0.8151385188,0.6280867457,0.5713799596,0.5282347798,0,-324.3,317.2,2477.3,1,-0.7632462382,-0.6336324215,0.1263532043,-0.3184715509,0.5390996933,0.7797098160,-0.5621663928,0.5548706651,-0.6132597327,0,-502.4,273.2,2329.3,0,0.1465674192,0.9781523943,-0.1474309117,-0.9891326427,0.1466681659,-0.0102476096,0.0115996972,0.1473307014,0.9890192747,1,-50.9,328.0,2579.2,1,-0.0015785720,0.9932682514,-0.1158260629,-0.9786385298,-0.0253463145,-0.2040200382,-0.2055823952,0.1130297929,0.9720906019,1,-13.8,77.9,2582.2,1,0.9623914957,0.0918763354,-0.2556586862,-0.0650976747,0.9916502833,0.1113192886,0.2637516260,-0.0904899463,0.9603367448,1,-262.3,-75.3,2511.0,1,0.9633318782,0.0068770899,-0.2682245076,-0.0276193041,0.9969027042,-0.0736352131,0.2668873370,0.0783433169,0.9605380893,1,-298.8,-469.2,2546.9,1,0.9855532050,0.1619011462,-0.0497281253,-0.1618061811,0.9868046045,0.0059559997,0.0500362255,0.0021763637,0.9987450242,1,-91.2,-68.5,2575.4,1,0.9955789447,-0.0677656382,-0.0650414377,0.0618648827,0.9941257238,-0.0888077840,0.0706774816,0.0843913779,0.9939229488,1,-155.5,-460.5,2574.5,1,-328.3,345.8,2457.5,0,-14.3,-201.8,2523.4,1,-301.2,-819.7,2519.4,1,-131.9,-805.7,2545.2,1,
13,0.9276735187,-0.0208879523,-0.3728077114,0.0303734168,0.9993466735,0.0195873287,0.3721550107,-0.0294940881,0.9277018905,1,-192.7,522.6,2523.9,1,0.9276735187,-0.0208879523,-0.3728077114,0.0303734168,0.9993466735,0.0195873287,0.3721550107,-0.0294940881,0.9277018905,1,-188.5,320.3,2529.8,1,0.9275885820,-0.0255955942,-0.3727254570,0.0340238437,0.9992921352,0.0160510968,0.3720507622,-0.0275703669,0.9278028607,1,-183.3,121.8,2535.3,1,0.7395547032,-0.6256539822,-0.2482255548,0.1791298538,0.5384263396,-0.8234133720,0.6488230228,0.5644946098,0.5102690458,0,-323.9,315.4,2475.5,1,-0.7486240864,-0.6482552886,0.1390217543,-0.3118753433,0.5293658376,0.7889901996,-0.5850604773,0.5472996235,-0.5984708667,0,-498.2,273.2,2322.6,0,0.1537954807,0.9736034274,-0.1686515361,-0.9879786372,0.1488151103,-0.0418599918,-0.0156571344,0.1730619818,0.9847864509,1,-53.1,325.3,2584.2,1,-0.0030013805,0.9900061488,-0.1409921199,-0.9784153104,-0.0320402496,-0.2041493207,-0.2066265047,0.1373361200,0.9687333107,1,-13.9,73.7,2580.2,1,0.9567759633,0.0865036547,-0.2776632011,-0.0572739467,0.9920877218,0.1117212251,0.2851305604,-0.0909893215,0.9541600943,1,-263.8,-77.7,2512.9,1,0.9572704434,0.0070684296,-0.2891077995,-0.0317876339,0.9962155223,-0.0808960646,0.2874418795,0.0866294652,0.9538723826,1,-298.2,-471.9,2549.1,1,0.9849511385,0.1564300954,-0.0734906569,-0.1573593020,0.9875166416,-0.0069926851,0.0714793801,0.0184518918,0.9972714186,1,-92.2,-70.9,2576.9,1,0.9945198298,-0.0638473034,-0.0827876404,0.0584102124,0.9960743785,-0.0665140823,0.0867093876,0.0613139309,0.9943450689,1,-154.4,-463.2,2569.6,1,-327.5,344.3,2456.0,0,-14.7,-206.0,2521.1,1,-300.6,-817.5,2519.0,1,-132.4,-806.5,2548.4,1,
14,0.9289439917,-0.0221446492,-0.3695574105,0.0303248130,0.9994065166,0.0163399372,0.3689762652,-0.0263856463,0.9290642142,1,-193.0,527.0,2526.8,1,0.9289439917,-0.0221446492,-0.3695574105,0.0303248130,0.9994065166,0.0163399372,0.3689762652,-0.0263856463,0.9290642142,1,-188.5,324.9,2532.1,1,0.9287890196,-0.0290884506,-0.3694656193,0.0363706313,0.9992569089,0.0127584469,0.3688199520,-0.0252876021,0.9291568398,1,-182.7,126.4,2537.2,1,0.7412518263,-0.6254617572,-0.2436048985,0.1802316010,0.5350604653,-0.8253646493,0.6465774179,0.5678977370,0.5093425512,0,-324.2,319.6,2478.3,1,-0.7496426702,-0.6480933428,0.1342047155,-0.3131459355,0.5259606242,0.7907623053,-0.5830742121,0.5507634878,-0.5972303152,0,-498.9,277.2,2325.9,0,0.1498497874,0.9750143290,-0.1639880389,-0.9883594513,0.1433133632,-0.0510578007,-0.0262804106,0.1697301269,0.9851400852,1,-52.9,330.2,2586.0,1,-0.0047434350,0.9901402593,-0.1399990916,-0.9799036980,-0.0325208828,-0.1968021989,-0.1994146705,0.1362521052,0.9703963995,1,-13.7,71.6,2579.1,1,0.9579050541,0.0918785036,-0.2719856799,-0.0554432273,0.9887743592,0.1387490630,0.2816805243,-0.1178286672,0.9522460103,1,-263.2,-79.9,2506.7,1,0.9582691789,0.0056508514,-0.2858116031,-0.0332661383,0.9952163100,-0.0918580517,0.2839252949,0.0975325853,0.9538730383,1,-299.7,-472.6,2553.5,1,0.9858866334,0.1528408825,-0.0683169439,-0.1531405151,0.9882040620,0.0008604566,0.0676425919,0.0096137794,0.9976633191,1,-93.2,-73.7,2574.9,1,0.9948037863,-0.0642670467,-0.0789633468,0.0588525012,0.9958733320,-0.0690845996,0.0830773562,0.0640784279,0.9944808483,1,-153.9,-466.3,2571.1,1,-327.9,348.6,2458.9,0,-15.0,-208.5,2522.1,1,-301.6,-815.7,2519.9,1,-132.1,-804.7,2549.3,1,
15,0.9156775475,-0.0195624549,-0.4014373124,0.0358672030,0.9988069534,0.0331401117,0.4003100693,-0.0447440930,0.9152867198,1,-193.1,527.1,2520.3,1,0.9156775475,-0.0195624549,-0.4014373124,0.0358672030,0.9988069534,0.0331401117,0.4003100693,-0.0447440930,0.9152867198,1,-189.2,325.4,2529.3,1,0.9155204892,-0.0291405339,-0.4012144804,0.0423097350,0.9988162518,0.0240006074,0.4000401497,-0.0389483273,0.9156696200,1,-183.3,126.9,2537.1,1,0.7184064388,-0.6451254487,-0.2602024376,0.1894140244,0.5413393378,-0.8191910982,0.6693388224,0.5392261744,0.5110974908,0,-322.9,319.2,2470.9,1,-0.7288514376,-0.6671457887,0.1539221853,-0.3215259910,0.5319923759,0.7833295465,-0.6044804454,0.5214408636,-0.6022481322,0,-492.2,274.5,2313.1,0,0.1604856253,0.9676439166,-0.1947039515,-0.9866833091,0.1519863755,-0.0579330437,-0.0264662094,0.2014085501,0.9791496992,1,-55.5,331.6,2587.7,1,-0.0038418826,0.9856499434,-0.1687583625,-0.9782944918,-0.0386691354,-0.2035794705,-0.2071838379,0.1643132418,0.9644044638,1,-14.0,76.6,2580.9,1,0.9476457238,0.0941610411,-0.3051250875,-0.0511519201,0.9879588485,0.1460166126,0.3152001202,-0.1227642819,0.9410514235,1,-262.1,-75.5,2508.4,1,0.9477722049,0.0073021129,-0.3188644052,-0.0408532433,0.9942822456,-0.0986601412,0.3163207769,0.1065339819,0.9426513910,1,-299.5,-468.0,2557.2,1,0.9812210202,0.1618476510,-0.1049315482,-0.1628897786,0.9866433144,-0.0013817343,0.1033063754,0.0184480641,0.9944784641,1,-91.8,-68.8,2576.0,1,0.9908927083,-0.0702540278,-0.1148740277,0.0632829964,0.9959893823,-0.0632484853,0.1188567728,0.0554028861,0.9913644791,1,-156.1,-460.9,2568.7,1,-326.0,347.9,2451.0,0,-15.1,-203.0,2521.7,1,-302.0,-817.0,2519.8,1,-131.8,-805.2,2549.5,1,
16,0.9082372189,-0.0284110717,-0.4174901247,0.0449396931,0.9985447526,0.0298118945,0.4160356224,-0.0458381474,0.9081922770,1,-196.6,520.6,2518.0,1,0.9082372189,-0.0284110717,-0.4174901247,0.0449396931,0.9985447526,0.0298118945,0.4160356224,-0.0458381474,0.9081922770,1,-190.9,319.5,2527.3,1,0.9080575705,-0.0351472460,-0.4173680544,0.0505825877,0.9983820319,0.0259759314,0.4157797694,-0.0446991958,0.9083662033,1,-183.9,121.1,2536.2,1,0.7052680254,-0.6580998302,-0.2636315525,0.1977252066,0.5397056341,-0.8183046579,0.6808096170,0.5249975324,0.5107600689,0,-323.6,312.1,2466.5,1,-0.7159634233,-0.6797416806,0.1592094749,-0.3295702934,0.5301181078,0.7812542319,-0.6154508591,0.5068787336,-0.6035678387,0,-489.8,265.5,2306.1,0,0.1752485335,0.9614381194,-0.2119544148,-0.9844280481,0.1681132764,-0.0513745248,-0.0137610761,0.2176571786,0.9759282470,1,-58.3,326.9,2588.0,1,-0.0037470849,0.9832792878,-0.1820652932,-0.9780675769,-0.0415200740,-0.2041077018,-0.2082542479,0.1773073524,0.9618691802,1,-14.1,78.6,2584.5,1,0.9412133098,0.0974954814,-0.3234379888,-0.0544842742,0.9887241125,0.1394851953,0.3333901167,-0.1136630327,0.9359122515,1,-261.5,-75.5,2508.2,1,0.9414967895,0.0050148652,-0.3369845748,-0.0347857065,0.9959949255,-0.0823653415,0.3352218866,0.0892689526,0.9379004836,1,-300.2,-468.3,2553.3,1,0.9800358415,0.1541061699,-0.1256228089,-0.1575517952,0.9873483181,-0.0179103017,0.1212733760,0.0373448357,0.9919164181,1,-93.7,-67.7,2581.5,1,0.9892228842,-0.0651412830,-0.1311287284,0.0585240461,0.9968404174,-0.0537040308,0.1342127770,0.0454510711,0.9899096489,1,-154.9,-460.0,2566.7,1,-326.5,340.7,2446.4,0,-15.2,-201.0,2525.0,1,-302.0,-820.7,2521.8,1,-132.2,-807.6,2550.8,1,
17,0.9134323597,-0.0231183209,-0.4063334465,0.0333340988,0.9992806911,0.0180805977,0.4056231678,-0.0300601628,0.9135459661,1,-195.8,518.3,2522.9,1,0.9134323597,-0.0231183209,-0.4063334465,0.0333340988,0.9992806911,0.0180805977,0.4056231678,-0.0300601628,0.9135459661,1,-191.2,317.2,2528.9,1,0.9131850600,-0.0315155536,-0.4063247442,0.0423785113,0.9989437461,0.0177620389,0.4053357542,-0.0334394649,0.9135560989,1,-184.9,118.7,2535.6,1,0.7142063975,-0.6494945884,-0.2608946562,0.1874425858,0.5366076827,-0.8227499723,0.6743697524,0.5387104750,0.5049915314,0,-324.5,311.0,2469.8,1,-0.7246665955,-0.6713920832,0.1552126557,-0.3199477792,0.5273056626,0.7871354222,-0.6103209853,0.5207508206,-0.5969312191,0,-492.9,266.8,2310.8,0,0.1707463562,0.9648168087,-0.1999354362,-0.9848700762,0.1610211879,-0.0640557706,-0.0296082422,0.2078477144,0.9777129889,1,-57.8,323.4,2588.1,1,-0.0035050770,0.9845376611,-0.1751378626,-0.9798503518,-0.0383572243,-0.1960151941,-0.1997021586,0.1709218472,0.9648340344,1,-14.2,72.0,2580.6,1,0.9448083639,0.1005135477,-0.3118240237,-0.0629296899,0.9897294641,0.1283567548,0.3215230107,-0.1016495451,0.9414299130,1,-260.2,-81.9,2506.9,1,0.9455128908,-0.0006139470,-0.3255839944,-0.0238060914,0.9971911311,-0.0710145086,0.3247130811,0.0748960227,0.9428424835,1,-300.1,-475.2,2547.3,1,0.9821226001,0.1516556293,-0.1115155742,-0.1541213244,0.9879558086,-0.0137826642,0.1080822423,0.0307231955,0.9936671257,1,-93.7,-72.6,2583.2,1,0.9907456040,-0.0627770424,-0.1203420088,0.0542910248,0.9958863854,-0.0725449771,0.1244011298,0.0653401241,0.9900782704,1,-154.0,-465.2,2571.0,1,-327.6,339.8,2450.0,0,-15.2,-208.1,2523.5,1,-299.9,-820.4,2521.4,1,-132.5,-806.9,2548.5,1,
18,0.9161508679,-0.0204810407,-0.4003100097,0.0286214743,0.9994871020,0.0143664973,0.3998104334,-0.0246193409,0.9162671566,1,-193.9,518.8,2526.3,1,0.9161508679,-0.0204810407,-0.4003100097,0.0286214743,0.9994871020,0.0143664973,0.3998104334,-0.0246193409,0.9162671566,1,-189.8,317.5,2531.3,1,0.9159557819,-0.0285944194,-0.4002591372,0.0365677252,0.9992555380,0.0122952554,0.3996095955,-0.0258984771,0.9163194895,1,-184.1,118.9,2536.4,1,0.7192049623,-0.6442531943,-0.2601577342,0.1802629083,0.5346357822,-0.8256330490,0.6710063219,0.5469025970,0.5006476641,0,-323.6,312.2,2472.9,1,-0.7296608090,-0.6662973166,0.1537628323,-0.3132029176,0.5255339742,0.7910233736,-0.6078643203,0.5290197730,-0.5921478271,0,-493.1,269.7,2314.7,0,0.1635611206,0.9670014381,-0.1953355223,-0.9861136079,0.1544802934,-0.0609575957,-0.0287705921,0.2025933117,0.9788402319,1,-56.0,322.8,2589.7,1,-0.0039379136,0.9855448008,-0.1693692952,-0.9781427979,-0.0390081145,-0.2042424679,-0.2078968734,0.1648630798,0.9641571641,1,-13.8,68.4,2582.2,1,0.9481666684,0.0916565508,-0.3042680025,-0.0532641001,0.9897937179,0.1321789920,0.3132776320,-0.1091211587,0.9433714747,1,-262.4,-83.7,2505.1,1,0.9486278892,0.0035360886,-0.3163741827,-0.0256684497,0.9975015521,-0.0658162162,0.3153510094,0.0705559328,0.9463485479,1,-298.8,-477.0,2548.5,1,0.9837470651,0.1467348784,-0.1034919694,-0.1486167014,0.9888373017,-0.0106706126,0.1007709652,0.0258778185,0.9945730567,1,-94.9,-75.9,2579.4,1,0.9918901920,-0.0609018877,-0.1115561128,0.0537430942,0.9963650107,-0.0660946146,0.1151758879,0.0595632270,0.9915577173,1,-153.2,-468.8,2569.1,1,-326.7,341.1,2453.4,0,-14.9,-211.2,2522.8,1,-300.0,-820.1,2524.2,1,-132.4,-809.5,2548.8,1,
19,0.9006270170,-0.0170611590,-0.4342578948,0.0241460707,0.9996500611,0.0108032934,0.4339216053,-0.0202153604,0.9007238150,1,-192.0,516.4,2528.0,1,0.9006270170,-0.0170611590,-0.4342578948,0.0241460707,0.9996500611,0.0108032934,0.4339216053,-0.0202153604,0.9007238150,1,-188.6,315.6,2532.1,1,0.9004536867,-0.0259517897,-0.4341769218,0.0322000496,0.9994566441,0.0070408299,0.4337582886,-0.0203204602,0.9008001089,1,-183.4,117.0,2536.2,1,0.6939437985,-0.6633400321,-0.2800393403,0.1744845361,0.5322588682,-0.8284054995,0.6985679269,0.5260043144,0.4851002991,0,-320.0,310.9,2468.8,1,-0.7069704533,-0.6847160459,0.1770783216,-0.3078160882,0.5233166218,0.7945998907,-0.6367433071,0.5072510839,-0.5807360411,0,-483.6,269.8,2304.1,0,0.1659375727,0.9592335820,-0.2287699431,-0.9849824905,0.1500031352,-0.0854901299,-0.0476887934,0.2395204157,0.9697194099,1,-57.1,320.3,2595.4,1,-0.0033491713,0.9780423045,-0.2083794773,-0.9793276787,-0.0453537256,-0.1971303821,-0.2022526413,0.2034115493,0.9579758048,1,-14.1,65.4,2583.1,1,0.9365294576,0.0919812620,-0.3383076489,-0.0486274771,0.9897227287,0.1344778389,0.3472002149,-0.1094914079,0.9313772917,1,-262.4,-83.0,2505.0,1,0.9367519021,0.0044906274,-0.3499653041,-0.0311642103,0.9970160723,-0.0706238747,0.3486038744,0.0770634413,0.9340966344,1,-299.0,-476.3,2548.5,1,0.9788312912,0.1500542909,-0.1391868442,-0.1526026726,0.9882571697,-0.0077596800,0.1363880187,0.0288357027,0.9902357459,1,-94.4,-76.3,2578.2,1,0.9869326353,-0.0637291744,-0.1479952931,0.0542191453,0.9962496161,-0.0674313232,0.1517376006,0.0585259981,0.9866865873,1,-154.1,-469.0,2566.8,1,-322.4,340.0,2449.3,0,-15.1,-214.5,2525.3,1,-300.5,-819.2,2522.0,1,-132.6,-805.0,2547.0,1,
20,0.9013140202,-0.0191984084,-0.4327406883,0.0259150546,0.9996177554,0.0096282382,0.4323904514,-0.0198925640,0.9014670253,1,-192.2,513.2,2527.9,1,0.9013140202,-0.0191984084,-0.4327406883,0.0259150546,0.9996177554,0.0096282382,0.4323904514,-0.0198925640,0.9014670253,1,-188.3,312.4,2531.9,1,0.9012059569,-0.0250328295,-0.4326675236,0.0307981819,0.9995056391,0.0063213683,0.4322953820,-0.0190222282,0.9015313983,1,-183.3,113.8,2535.7,1,0.6952735186,-0.6619544029,-0.2800197601,0.1729460210,0.5322278738,-0.8287479281,0.6976276636,0.5277782083,0.4845263362,0,-319.9,307.9,2468.8,1,-0.7083242536,-0.6833701134,0.1768672466,-0.3063427210,0.5233296156,0.7951605320,-0.6359488368,0.5090494752,-0.5800325274,0,-483.8,267.1,2304.3,0,0.1649106294,0.9595651031,-0.2281212062,-0.9853407145,0.1500381529,-0.0811926797,-0.0436827801,0.2381666452,0.9702414274,1,-56.7,316.9,2595.0,1,-0.0046381149,0.9787675738,-0.2049208283,-0.9770023227,-0.0481209084,-0.2077277154,-0.2131781280,0.1992446631,0.9564813972,1,-14.1,62.3,2583.8,1,0.9369352460,0.0991221219,-0.3351524472,-0.0512428656,0.9875365496,0.1488143057,0.3457260728,-0.1222551912,0.9303371310,1,-260.7,-84.6,2500.5,1,0.9372066259,-0.0028081427,-0.3487633765,-0.0240882281,0.9970586300,-0.0727585852,0.3479418457,0.0765909180,0.9343823195,1,-300.1,-477.0,2549.0,1,0.9791828394,0.1490640640,-0.1377711296,-0.1519176066,0.9883387089,-0.0103747062,0.1346180588,0.0310885962,0.9904097319,1,-95.7,-78.7,2579.9,1,0.9870120883,-0.0655737817,-0.1466533691,0.0556216352,0.9959267378,-0.0709663704,0.1507095397,0.0618875623,0.9866390228,1,-154.9,-471.5,2567.6,1,-322.3,337.0,2449.4,0,-15.4,-217.0,2522.8,1,-299.1,-820.9,2522.6,1,-133.0,-804.7,2546.9,1,
21,0.9198437333,-0.0180345718,-0.3918702602,0.0228257421,0.9997107983,0.0075707687,0.3916203976,-0.0159086529,0.9199893475,1,-191.8,510.0,2528.8,1,0.9198437333,-0.0180345718,-0.3918702602,0.0228257421,0.9997107983,0.0075707687,0.3916203976,-0.0159086529,0.9199893475,1,-188.1,309.0,2532.0,1,0.9197751880,-0.0229995400,-0.3917711675,0.0261647124,0.9996538758,0.0027415808,0.3915725052,-0.0127722174,0.9200586081,1,-183.5,110.3,2534.6,1,0.7263601422,-0.6360866427,-0.2603742778,0.1674633026,0.5311981440,-0.8305327296,0.6666010618,0.5596626997,0.4923623204,0,-322.4,305.2,2474.9,1,-0.7370127439,-0.6583462954,0.1529456377,-0.3011461794,0.5224543214,0.7977170348,-0.6050812006,0.5418686271,-0.5833140016,0,-493.7,265.7,2317.7,0,0.1481468081,0.9704825282,-0.1903054267,-0.9887472987,0.1413049549,-0.0491093248,-0.0207686424,0.1954393685,0.9804958701,1,-53.8,312.8,2589.2,1,0.0010962752,0.9864625931,-0.1639828384,-0.9776441455,-0.0334223658,-0.2075929344,-0.2102633566,0.1605444551,0.9643727541,1,-15.5,57.0,2583.8,1,0.9512983561,0.0941974744,-0.2935272455,-0.0560532473,0.9891533852,0.1357706487,0.3031327128,-0.1127052456,0.9462600350,1,-261.0,-87.7,2499.8,1,0.9519064426,0.0051445700,-0.3063455820,-0.0253918432,0.9977440834,-0.0621445104,0.3053347766,0.0669344366,0.9498897195,1,-298.4,-480.7,2544.6,1,0.9846366048,0.1493283361,-0.0905084088,-0.1497083902,0.9887267351,0.0026137058,0.0898783877,0.0109763173,0.9958922863,1,-95.7,-82.0,2579.1,1,0.9923240542,-0.0659642294,-0.1046027914,0.0562148839,0.9940252900,-0.0935608894,0.1101494879,0.0869624838,0.9901033640,1,-155.0,-474.9,2574.7,1,-325.6,334.4,2455.7,0,-15.2,-222.5,2523.7,1,-300.1,-821.0,2521.8,1,-133.3,-803.3,2546.0,1,
22,0.9284093976,-0.0185056999,-0.3710977733,0.0218453445,0.9997498393,0.0047975294,0.3709161580,-0.0125608295,0.9285814166,1,-192.3,509.3,2529.3,1,0.9284093976,-0.0185056999,-0.3710977733,0.0218453445,0.9997498393,0.0047975294,0.3709161580,-0.0125608295,0.9285814166,1,-188.5,308.3,2531.8,1,0.9283290505,-0.0225338526,-0.3710759580,0.0257587265,0.9996612072,0.0037360443,0.3708660603,-0.0130267227,0.9285950065,1,-184.0,109.6,2534.4,1,0.7412242889,-0.6230030656,-0.2499074191,0.1674127430,0.5321063399,-0.8299613595,0.6500458121,0.5733498335,0.4987087846,0,-324.1,304.5,2477.7,1,-0.7505968213,-0.6456620097,0.1404453516,-0.3010408878,0.5233660936,0.7971588969,-0.5881995559,0.5560651422,-0.5872076154,0,-498.8,265.0,2324.4,0,0.1475699544,0.9741084576,-0.1712771654,-0.9890471101,0.1448150128,-0.0285391565,-0.0029967271,0.1736127138,0.9848094583,1,-53.0,312.0,2586.0,1,-0.0080047119,0.9899004102,-0.1415382922,-0.9773644805,-0.0376696810,-0.2081819028,-0.2114110440,0.1366680712,0.9677950144,1,-14.3,52.8,2585.2,1,0.9582493305,0.0867196918,-0.2724663615,-0.0516230911,0.9897106290,0.1334462315,0.2812352777,-0.1138092056,0.9528663158,1,-263.2,-90.7,2501.3,1,0.9586243629,0.0082487995,-0.2845545113,-0.0310383588,0.9966495037,-0.0756725520,0.2829768956,0.0813736543,0.9556685686,1,-297.7,-484.0,2546.5,1,0.9862186313,0.1514496207,-0.0666023493,-0.1508583874,0.9884583950,0.0138479816,0.0679309294,-0.0036096140,0.9976835251,1,-94.7,-85.9,2573.0,1,0.9943623543,-0.0668286532,-0.0823252797,0.0592483245,0.9940582514,-0.0913118050,0.0879383683,0.0859193876,0.9924135804,1,-154.9,-478.7,2574.5,1,-327.6,333.7,2458.6,0,-16.6,-226.5,2524.8,1,-300.4,-818.1,2519.2,1,-133.0,-804.7,2546.3,1,
23,0.9194299579,-0.0123452498,-0.3930599391,0.0238483623,0.9994179010,0.0243953541,0.3925299644,-0.0318036564,0.9191891551,1,-191.2,509.3,2521.5,1,0.9194299579,-0.0123452498,-0.3930599391,0.0238483623,0.9994179010,0.0243953541,0.3925299644,-0.0318036564,0.9191891551,1,-188.7,307.9,2527.9,1,0.9193519950,-0.0192692149,-0.3929639459,0.0287803095,0.9994177818,0.0183254443,0.3923820257,-0.0281571578,0.9193712473,1,-184.9,109.3,2533.6,1,0.7261028290,-0.6348420382,-0.2641028166,0.1750016510,0.5420809388,-0.8219018579,0.6649429798,0.5505667925,0.5047048926,0,-323.0,303.7,2470.6,1,-0.7373325229,-0.6571107507,0.1566723287,-0.3076831996,0.5331470966,0.7880896330,-0.6013915539,0.5328786969,-0.5952886343,0,-494.2,262.5,2313.9,0,0.1578812003,0.9685643911,-0.1922409683,-0.9874571562,0.1551299542,-0.0293775648,0.0013682699,0.1944678873,0.9809079170,1,-54.5,312.2,2585.2,1,-0.0090536252,0.9866428971,-0.1626462936,-0.9796105623,-0.0413973629,-0.1965946257,-0.2007018179,0.1575501263,0.9669005871,1,-13.3,54.6,2585.6,1,0.9515278935,0.0830601826,-0.2961345017,-0.0458288118,0.9903846979,0.1305290163,0.3041288555,-0.1106305122,0.9461852312,1,-264.6,-91.4,2503.1,1,0.9517351985,0.0096906405,-0.3067673743,-0.0328312591,0.9969809651,-0.0703636780,0.3051593602,0.0770391449,0.9491800070,1,-297.6,-485.0,2547.0,1,0.9841739535,0.1531278193,-0.0891826153,-0.1505400240,0.9879808426,0.0350941382,0.0934846029,-0.0211131833,0.9953968525,1,-94.5,-86.7,2571.0,1,0.9912350774,-0.0719782412,-0.1107797846,0.0596402735,0.9920382500,-0.1109194979,0.1178815737,0.1033403575,0.9876359105,1,-155.3,-479.2,2579.4,1,-326.0,332.7,2451.1,0,-15.9,-225.4,2528.2,1,-300.9,-818.9,2521.2,1,-131.4,-808.7,2545.1,1,
