1,0.9967299700,0.0646878034,-0.0484231226,-0.0801326409,0.8683987260,-0.4893490076,0.0103956638,0.4916290939,0.8707426190,1,49.4,16.5,3159.1,1,0.9967299700,0.0646878034,-0.0484231226,-0.0801326409,0.8683987260,-0.4893490076,0.0103956638,0.4916290939,0.8707426190,1,35.7,-166.9,3055.2,1,0.9965189695,0.0654031336,-0.0516950302,-0.0829079151,0.8424367905,-0.5323781371,0.0087305997,0.5348108411,0.8449267149,1,22.7,-334.3,2949.0,1,0.4060453773,-0.6673611403,-0.6243046522,0.9028936028,0.3984505236,0.1613080800,0.1411037594,-0.6291790605,0.7643451095,0,-109.7,-154.8,3053.9,1,-0.7445063591,-0.6673611403,0.0184222665,-0.3778432906,0.3984505236,-0.8357461691,0.5504041314,-0.6291790605,-0.5488068461,0,-218.0,-395.7,3016.3,0,0.2604301870,0.8806027174,0.3958724141,-0.9615395069,0.1994937360,0.1887961924,0.0872803703,-0.4298152030,0.8986884952,0,181.2,-179.0,3056.5,1,-0.4351148307,0.8806027174,0.1876537800,-0.0187841225,0.1994937360,-0.9797190428,-0.9001790285,-0.4298152030,-0.0702613294,0,235.1,-377.9,3074.6,0,0.9688598514,0.1780822128,-0.1720388681,-0.1659945995,-0.0484159291,-0.9849374294,-0.1837292463,0.9828237891,-0.0173475631,1,-83.2,-489.8,2836.4,1,0.9688598514,0.1768860966,0.1732684374,-0.1659945995,0.9832268953,-0.0755687431,-0.1837292463,0.0444538966,0.9819712043,1,-159.1,-469.1,2417.6,1,0.9883120060,0.0460934900,0.1453092396,0.1488092393,-0.0847760290,-0.9852252603,-0.0330937319,0.9953333139,-0.0906443000,1,99.6,-502.6,2832.9,1,0.9883120060,-0.1395736486,0.0613072775,0.1488092393,0.9705926776,-0.1892238408,-0.0330937319,0.1961352825,0.9800182581,1,79.7,-466.0,2403.2,1,-22.6,-296.5,2871.8,0,122.1,-382.8,2840.8,0,-220.7,-811.1,2402.1,1,130.7,-820.4,2331.6,1,
2,0.9977800846,0.0468960479,-0.0472832359,-0.0642393976,0.8649560213,-0.4977191389,0.0175568592,0.4996516705,0.8660484552,1,48.6,16.9,3159.4,1,0.9977800846,0.0468960479,-0.0472832359,-0.0642393976,0.8649560213,-0.4977191389,0.0175568592,0.4996516705,0.8660484552,1,38.7,-166.0,3053.8,1,0.9974877834,0.0505119599,-0.0496650226,-0.0693524107,0.8391962051,-0.5393884778,0.0144331297,0.5414778590,0.8405911326,1,28.6,-332.8,2946.2,1,0.3927210569,-0.6688755155,-0.6311700940,0.9072889686,0.3939688802,0.1470211446,0.1503225416,-0.6303920150,0.7615832686,0,-107.0,-155.9,3051.6,1,-0.7426321507,-0.6688755155,0.0332115777,-0.3920190036,0.3939688802,-0.8313300014,0.5429719687,-0.6303920150,-0.5547859073,0,-211.7,-397.9,3011.5,0,0.2731954455,0.8804703951,0.3874739707,-0.9584656358,0.2148506194,0.1875708997,0.0819016099,-0.4226239920,0.9025968313,0,184.4,-176.2,3055.9,1,-0.4291391671,0.8804703951,0.2015227526,-0.0177435894,0.2148506194,-0.9764857292,-0.9030640721,-0.4226239920,-0.0765781105,0,240.9,-374.5,3072.8,0,0.9670432210,0.1688357145,-0.1905829310,-0.1821940392,-0.0640038177,-0.9811772704,-0.1778558046,0.9835639596,-0.0311335977,1,-81.7,-494.1,2842.0,1,0.9670432210,0.1938561797,0.1650670618,-0.1821940392,0.9797340035,-0.0832266435,-0.1778558046,0.0504095294,0.9827645421,1,-154.2,-466.6,2419.3,1,0.9870809913,0.0504425690,0.1520744562,0.1561940759,-0.0914634243,-0.9834825397,-0.0357001349,0.9945300221,-0.0981606394,1,101.0,-509.2,2843.6,1,0.9870809913,-0.1466384232,0.0645620748,0.1561940759,0.9704703689,-0.1838225275,-0.0357001349,0.1915319413,0.9808368683,1,78.6,-468.6,2401.8,1,-16.7,-295.0,2869.0,0,129.4,-379.1,2838.2,0,-222.5,-811.8,2401.6,1,131.6,-819.4,2332.5,1,
3,0.9955070615,0.0597925223,-0.0734200403,-0.0884789079,0.8635663986,-0.4964116812,0.0337213762,0.5006774664,0.8649768233,1,51.3,17.1,3159.1,1,0.9955070615,0.0597925223,-0.0734200403,-0.0884789079,0.8635663986,-0.4964116812,0.0337213762,0.5006774664,0.8649768233,1,38.8,-164.7,3053.7,1,0.9955278635,0.0551453494,-0.0767021999,-0.0881717429,0.8338632584,-0.5448833704,0.0339113623,0.5492095351,0.8349963427,1,27.8,-330.4,2944.5,1,0.4062700570,-0.6485193968,-0.6437136531,0.8986058235,0.4113018215,0.1527689248,0.1656869799,-0.6405102611,0.7498629093,0,-106.6,-151.8,3048.7,1,-0.7606509924,-0.6485193968,0.0288552251,-0.3820631206,0.4113018215,-0.8275618553,0.5248216987,-0.6405102611,-0.5606324673,0,-214.9,-391.5,3004.5,0,0.2536786199,0.8927105665,0.3724445701,-0.9640271068,0.2017381936,0.1730706990,0.0793657526,-0.4029509723,0.9117738605,0,184.1,-177.6,3058.6,1,-0.4108912945,0.8927105665,0.1850300729,-0.0027530852,0.2017381936,-0.9794356227,-0.9116801620,-0.4029509723,-0.0804347619,0,236.6,-377.1,3075.0,0,0.9633340240,0.1819876134,-0.1971498579,-0.1885910630,-0.0633694902,-0.9800090194,-0.1908427924,0.9812567830,-0.0267247465,1,-72.9,-493.1,2837.3,1,0.9633340240,0.1995519847,0.1793503910,-0.1885910630,0.9790799022,-0.0763932317,-0.1908427924,0.0397683196,0.9808146954,1,-150.7,-466.0,2417.5,1,0.9853617549,0.0735004544,0.1538178623,0.1600487828,-0.0881248713,-0.9831675291,-0.0587080792,0.9933940172,-0.0985985324,1,110.0,-505.8,2840.0,1,0.9853617549,-0.1451378465,0.0894273892,0.1600487828,0.9682391882,-0.1920865178,-0.0587080792,0.2035874426,0.9772949815,1,77.9,-467.4,2406.4,1,-15.2,-291.2,2866.7,0,129.9,-377.8,2838.2,0,-221.5,-813.2,2403.4,1,130.5,-817.7,2332.7,1,
4,0.9968490005,0.0788388178,-0.0087486887,-0.0729794651,0.8683204055,-0.4906054735,-0.0310820919,0.4896980226,0.8713378906,1,50.0,15.8,3160.9,1,0.9968490005,0.0788388178,-0.0087486887,-0.0729794651,0.8683204055,-0.4906054735,-0.0310820919,0.4896980226,0.8713378906,1,33.5,-166.4,3058.2,1,0.9968336821,0.0784588754,-0.0129155498,-0.0731457621,0.8411140442,-0.5358888507,-0.0311817881,0.5351368189,0.8441897631,1,18.0,-333.6,2952.0,1,0.3697984517,-0.8901050687,-0.2663871646,0.8610616922,0.2206194103,0.4581483006,-0.3490299284,-0.3987982869,0.8480200768,1,-111.8,-155.7,3062.7,1,-0.4519585669,-0.8901050687,-0.0587065816,-0.3145735860,0.2206194103,-0.9232391715,0.8347316384,-0.3987982869,-0.3797143698,1,-221.1,-410.1,3165.9,1,0.2730382681,0.8608740568,0.4293552339,-0.9592725039,0.2100378126,0.1888925433,0.0724318475,-0.4634435773,0.8831611872,0,178.7,-177.2,3053.6,1,-0.4701470137,0.8608740568,0.1945703626,-0.0199394114,0.2100378126,-0.9774898887,-0.8823628426,-0.4634435773,-0.0815833285,0,235.2,-375.7,3068.6,0,0.9653214216,0.1836887151,-0.1855075806,-0.1789004952,-0.0520590208,-0.9824889302,-0.1901294738,0.9816049933,-0.0173916854,1,-74.4,-487.9,2832.3,1,0.9653214216,0.1906866729,0.1783064753,-0.1789004952,0.9805974364,-0.0801450759,-0.1901294738,0.0454666391,0.9807056785,1,-152.3,-465.9,2415.8,1,0.9850897789,0.0712359250,0.1566000283,0.1625148952,-0.0866140351,-0.9828972220,-0.0564538278,0.9936918020,-0.0968994945,1,108.1,-504.1,2838.5,1,0.9850897789,-0.1481575668,0.0874497592,0.1625148952,0.9681586027,-0.1904149204,-0.0564538278,0.2017876804,0.9778009653,1,77.1,-466.5,2406.4,1,-114.3,-335.8,2968.6,1,113.4,-380.8,2839.9,0,-219.1,-809.4,2399.9,1,131.0,-818.6,2333.0,1,
5,0.9936242104,0.0692345574,-0.0889802426,-0.1043255925,0.8638475537,-0.4928321838,0.0427443497,0.4989728928,0.8655627966,1,50.0,16.7,3159.8,1,0.9936242104,0.0692345574,-0.0889802426,-0.1043255925,0.8638475537,-0.4928321838,0.0427443497,0.4989728928,0.8655627966,1,35.5,-164.5,3055.1,1,0.9931234121,0.0721112788,-0.0922270045,-0.1103607714,0.8395470977,-0.5319597125,0.0390686207,0.5384799242,0.8417321444,1,21.2,-331.4,2948.3,1,0.4347121418,-0.8998389244,-0.0362661220,0.7625086904,0.3463436961,0.5464673042,-0.4791720212,-0.2652091980,0.8366948366,0,-109.0,-148.4,3049.5,1,-0.3592720628,-0.8998389244,-0.2474135309,-0.2435866147,0.3463436961,-0.9059313536,0.9008824229,-0.2652091980,-0.3436203301,0,-254.9,-404.4,3210.3,0,0.2306769192,0.8986091614,0.3732153475,-0.9687255025,0.1760514081,0.1748621017,0.0914276019,-0.4018798769,0.9111166596,0,179.9,-180.7,3060.8,1,-0.4071629941,0.8986091614,0.1634619683,-0.0066405507,0.1760514081,-0.9843585491,-0.9133313894,-0.4018798769,-0.0657143593,0,227.6,-380.9,3079.7,0,0.9707723856,0.1441217214,-0.1919112653,-0.1842268556,-0.0650209635,-0.9807307124,-0.1538228542,0.9874215126,-0.0365694575,1,-88.7,-494.0,2848.7,1,0.9707723856,0.1946686655,0.1403749138,-0.1842268556,0.9792861938,-0.0840178505,-0.1538228542,0.0557013787,0.9865272045,1,-150.9,-465.9,2422.1,1,0.9871134162,0.0396335684,0.1550365388,0.1580851376,-0.0912276134,-0.9832022190,-0.0248242002,0.9950410724,-0.0963174701,1,93.7,-507.5,2842.9,1,0.9871134162,-0.1502230912,0.0551377647,0.1580851376,0.9688995481,-0.1903752238,-0.0248242002,0.1966383904,0.9801617861,1,76.2,-467.2,2403.5,1,-166.2,-344.2,2987.9,0,122.2,-382.7,2843.3,0,-220.0,-813.6,2402.3,1,130.6,-818.0,2332.3,1,
6,0.9960574508,0.0617356002,-0.0637044907,-0.0855335072,0.8588145971,-0.5050955415,0.0235279724,0.5085530281,0.8607091308,1,49.8,13.3,3160.3,1,0.9960574508,0.0617356002,-0.0637044907,-0.0855335072,0.8588145971,-0.5050955415,0.0235279724,0.5085530281,0.8607091308,1,36.8,-167.3,3053.3,1,0.9959921837,0.0597604439,-0.0665456057,-0.0864434391,0.8341736794,-0.5446850657,0.0229599699,0.5482544899,0.8359963298,1,24.9,-333.1,2944.4,1,0.3941105008,-0.9153984189,0.0819916204,0.7431013584,0.3698802590,0.5576638579,-0.5408117175,-0.1588531137,0.8260074854,0,-108.3,-154.7,3050.0,1,-0.2568362355,-0.9153984189,-0.3099691272,-0.2327865511,0.3698802590,-0.8994437456,0.9380008578,-0.1588531137,-0.3080911040,0,-249.8,-421.4,3244.0,0,0.2558452785,0.8878334165,0.3824852407,-0.9637156129,0.2030815482,0.1732341498,0.0761273652,-0.4129281640,0.9075764418,0,181.9,-180.0,3056.7,1,-0.4208549261,0.8878334165,0.1860991567,-0.0045541450,0.2030815482,-0.9791512489,-0.9071165323,-0.4129281640,-0.0814245492,0,234.8,-379.2,3072.4,0,0.9693939090,0.1646605134,-0.1821053177,-0.1754914373,-0.0539846458,-0.9829996824,-0.1716921329,0.9848718643,-0.0234358776,1,-83.7,-488.1,2837.8,1,0.9693939090,0.1863423586,0.1598497927,-0.1754914373,0.9812551141,-0.0796313807,-0.1716921329,0.0491419062,0.9839242101,1,-153.8,-465.2,2418.7,1,0.9872880578,0.0445096903,0.1525818706,0.1561608762,-0.0928656384,-0.9833563566,-0.0295992736,0.9946833253,-0.0986358076,1,97.6,-508.4,2844.9,1,0.9872880578,-0.1473817080,0.0595060512,0.1561608762,0.9691907167,-0.1904811710,-0.0295992736,0.1973523051,0.9798856974,1,77.9,-467.3,2404.7,1,-184.8,-362.6,3006.9,0,125.7,-380.4,2837.2,0,-220.0,-813.6,2401.2,1,131.4,-819.0,2333.1,1,
7,0.9982090592,0.0470084473,-0.0369979404,-0.0592381917,0.8629251122,-0.5018476844,0.0083353743,0.5031405687,0.8641643524,1,48.8,15.1,3161.5,1,0.9982090592,0.0470084473,-0.0369979404,-0.0592381917,0.8629251122,-0.5018476844,0.0083353743,0.5031405687,0.8641643524,1,39.0,-166.5,3055.6,1,0.9979764819,0.0499542840,-0.0393388420,-0.0633172318,0.8374086022,-0.5428975821,0.0058226255,0.5442898273,0.8388770223,1,29.0,-332.8,2947.5,1,0.3609033227,-0.9217288494,0.1420026869,0.7310728431,0.3741534650,0.5705626011,-0.5790347457,-0.1021036208,0.8088841438,0,-106.6,-157.2,3054.8,1,-0.1946252882,-0.9217288494,-0.3354653120,-0.2185128182,0.3741534650,-0.9012554288,0.9562286139,-0.1021036208,-0.2742292881,0,-240.5,-428.4,3269.6,0,0.2796088755,0.8755821586,0.3939222693,-0.9571634531,0.2220665365,0.1858079582,0.0752131864,-0.4290015697,0.9001669884,0,184.5,-175.7,3056.5,1,-0.4363480508,0.8755821586,0.2072589099,-0.0174496192,0.2220665365,-0.9748753309,-0.8996087313,-0.4290015697,-0.0816197246,0,242.3,-373.7,3072.1,0,0.9666101933,0.1801211387,-0.1822665334,-0.1750152707,-0.0554988123,-0.9830002785,-0.1871747077,0.9820775390,-0.0221217703,1,-78.0,-490.9,2833.4,1,0.9666101933,0.1858103424,0.1764631122,-0.1750152707,0.9817031026,-0.0750244334,-0.1871747077,0.0416356474,0.9814438820,1,-154.5,-467.4,2416.8,1,0.9854044914,0.0609614588,0.1589393169,0.1640928090,-0.0917354673,-0.9821701050,-0.0452941507,0.9939156175,-0.1003998742,1,104.2,-506.7,2837.6,1,0.9854044914,-0.1518255174,0.0769871399,0.1640928090,0.9675239325,-0.1922782809,-0.0452941507,0.2021049261,0.9783159494,1,77.7,-466.9,2405.7,1,-190.5,-372.3,3024.1,0,129.1,-378.2,2838.6,0,-219.4,-810.5,2402.3,1,132.7,-817.7,2332.4,1,
8,0.9913285375,0.0505102724,-0.1213114634,-0.1040365025,0.8656415343,-0.4897357821,0.0802755579,0.4981098473,0.8633900881,1,50.4,15.7,3160.1,1,0.9913285375,0.0505102724,-0.1213114634,-0.1040365025,0.8656415343,-0.4897357821,0.0802755579,0.4981098473,0.8633900881,1,39.8,-166.4,3055.4,1,0.9912890196,0.0455254801,-0.1235860437,-0.1047386751,0.8413996100,-0.5301665068,0.0798491612,0.5384924412,0.8388384581,1,30.7,-333.6,2948.4,1,0.4328410923,-0.8909782171,0.1371365488,0.6987222433,0.4277071059,0.5734578371,-0.5695927143,-0.1523957551,0.8076754808,0,-104.4,-151.2,3043.7,1,-0.2538551688,-0.8909782171,-0.3764510751,-0.1909653395,0.4277071059,-0.8835150599,0.9482034445,-0.1523957551,-0.2787216008,0,-267.2,-414.1,3258.0,0,0.2316686511,0.9132606387,0.3350889981,-0.9672728181,0.1796063930,0.1792339981,0.1035032272,-0.3656453788,0.9249813557,0,184.0,-181.6,3067.0,1,-0.3696476817,0.9132606387,0.1712179631,-0.0118868994,0.1796063930,-0.9836667180,-0.9290959835,-0.3656453788,-0.0555352457,0,231.8,-381.5,3088.4,0,0.9643993974,0.1908441037,-0.1830638498,-0.1736749709,-0.0649596676,-0.9826582670,-0.1994263083,0.9794686437,-0.0295022186,1,-72.2,-493.4,2838.8,1,0.9643993974,0.1839363128,0.1900033653,-0.1736749709,0.9823502898,-0.0694612563,-0.1994263083,0.0339895673,0.9793231487,1,-154.6,-465.4,2416.3,1,0.9821265936,0.0831129029,0.1688775569,0.1759183258,-0.0862651020,-0.9806177020,-0.0669337437,0.9927993417,-0.0993443280,1,110.5,-505.0,2839.9,1,0.9821265936,-0.1591988355,0.1004147232,0.1759183258,0.9661046863,-0.1889297217,-0.0669337437,0.2032177001,0.9768431187,1,74.2,-467.3,2405.7,1,-201.6,-364.7,3012.9,0,136.1,-384.6,2847.8,0,-219.2,-810.5,2404.4,1,132.2,-819.7,2331.5,1,
9,0.9882047772,0.0463505797,-0.1459551305,-0.1140481159,0.8588051200,-0.4994465411,0.1021973640,0.5102013946,0.8539615273,1,50.9,15.2,3159.5,1,0.9882047772,0.0463505797,-0.1459551305,-0.1140481159,0.8588051200,-0.4994465411,0.1021973640,0.5102013946,0.8539615273,1,41.1,-165.4,3052.1,1,0.9883108735,0.0372439586,-0.1478326023,-0.1118975580,0.8358024359,-0.5375064611,0.1035399884,0.5477656126,0.8302001953,1,33.7,-331.5,2943.3,1,0.4498820007,-0.8828092217,0.1351077557,0.6967922449,0.4415908158,0.5652239323,-0.5586472154,-0.1601420194,0.8137983680,0,-102.9,-149.1,3037.0,1,-0.2689806819,-0.8828092217,-0.3850938976,-0.1957409531,0.4415908158,-0.8756043911,0.9430454969,-0.1601420194,-0.2915813327,0,-273.8,-413.9,3249.3,0,0.2234741449,0.9232276678,0.3125859201,-0.9695113301,0.1774643362,0.1689798683,0.1005340368,-0.3408182263,0.9347383976,0,185.2,-181.8,3067.2,1,-0.3463996649,0.9232276678,0.1663067788,0.0004993777,0.1774643362,-0.9841271043,-0.9380869269,-0.3408182263,-0.0619346239,0,231.4,-382.2,3088.0,0,0.9630188942,0.1973510683,-0.1834317744,-0.1749957949,-0.0595217794,-0.9827683568,-0.2048685700,0.9785242677,-0.0227849912,1,-68.9,-491.3,2834.1,1,0.9630188942,0.1874128133,0.1935745329,-0.1749957949,0.9813523889,-0.0795236304,-0.2048685700,0.0427080281,0.9778572917,1,-152.5,-466.0,2419.3,1,0.9820773602,0.0844960362,0.1684767902,0.1760801822,-0.0924685374,-0.9800231457,-0.0672292635,0.9921239614,-0.1056893319,1,112.1,-510.4,2848.7,1,0.9820773602,-0.1600914747,0.0994722471,0.1760801822,0.9675474763,-0.1812392473,-0.0672292635,0.1955060512,0.9783954024,1,74.1,-468.7,2402.0,1,-203.9,-363.0,3004.1,0,141.5,-382.1,2844.8,0,-218.3,-810.5,2404.3,1,132.1,-819.1,2331.2,1,
10,0.9936070442,0.0550763458,-0.0985473916,-0.0969053656,0.8639166951,-0.4942239523,0.0579166897,0.5006141663,0.8637309074,1,49.5,15.6,3159.1,1,0.9936070442,0.0550763458,-0.0985473916,-0.0969053656,0.8639166951,-0.4942239523,0.0579166897,0.5006141663,0.8637309074,1,37.9,-165.3,3054.3,1,0.9935457706,0.0518001392,-0.1009137854,-0.0978836119,0.8410834670,-0.5319749713,0.0573205389,0.5384192467,0.8407253027,1,27.7,-332.4,2947.4,1,0.4118121862,-0.8948058486,0.1724333018,0.6956369281,0.4309170842,0.5748040676,-0.5886424780,-0.1167603433,0.7999169230,0,-106.9,-151.0,3045.9,1,-0.2160782963,-0.8948058486,-0.3906823397,-0.1891447455,0.4309170842,-0.8823461533,0.9578801990,-0.1167603433,-0.2623596489,0,-264.0,-416.3,3270.5,0,0.2414074093,0.9034590721,0.3542374969,-0.9654712677,0.1867696345,0.1816103458,0.0979167074,-0.3858481944,0.9173513651,0,182.7,-179.6,3062.6,1,-0.3905921280,0.9034590721,0.1766338795,-0.0122215301,0.1867696345,-0.9823276997,-0.9204826951,-0.3858481944,-0.0619090982,0,232.7,-379.3,3082.9,0,0.9607617259,0.2142368555,-0.1761801988,-0.1684441417,-0.0539934598,-0.9842312932,-0.2203712016,0.9752883315,-0.0157879088,1,-64.1,-487.4,2825.1,1,0.9607617259,0.1846285164,0.2070004940,-0.1684441417,0.9812749028,-0.0934135616,-0.2203712016,0.0548801534,0.9738709927,1,-153.0,-465.0,2420.3,1,0.9840065241,0.0868285447,0.1555375904,0.1635013968,-0.0936964676,-0.9820836186,-0.0706995651,0.9918073416,-0.1063945219,1,116.8,-507.9,2844.0,1,0.9840065241,-0.1472019404,0.1003131270,0.1635013968,0.9698641896,-0.1806398779,-0.0706995651,0.1941521615,0.9784204364,1,78.1,-466.1,2402.4,1,-207.7,-367.1,3021.0,0,131.4,-382.5,2844.2,0,-217.9,-810.0,2401.0,1,131.6,-818.5,2331.8,1,
11,0.9926676750,0.0424931757,-0.1131599694,-0.0941155702,0.8591591120,-0.5029789805,0.0758492500,0.5099411011,0.8568587899,1,49.2,16.3,3158.9,1,0.9926676750,0.0424931757,-0.1131599694,-0.0941155702,0.8591591120,-0.5029789805,0.0758492500,0.5099411011,0.8568587899,1,40.3,-164.4,3051.7,1,0.9924778342,0.0421488769,-0.1149398983,-0.0979194120,0.8368242383,-0.5386436582,0.0734812692,0.5458467603,0.8346567154,1,32.0,-330.7,2943.3,1,0.4211503565,-0.8923372030,0.1623781770,0.6990987062,0.4334315062,0.5686810017,-0.5778350234,-0.1259818375,0.8063716292,0,-104.5,-150.0,3041.0,1,-0.2298640162,-0.8923372030,-0.3884544075,-0.1961654574,0.4334315062,-0.8795772791,0.9532479644,-0.1259818375,-0.2746760249,0,-265.6,-417.6,3262.1,0,0.2403835356,0.9098172188,0.3383021355,-0.9660310745,0.1901711971,0.1749824286,0.0948667079,-0.3688732684,0.9246257544,0,185.1,-178.7,3062.4,1,-0.3748800457,0.9098172188,0.1780380011,-0.0047106585,0.1901711971,-0.9817396402,-0.9270613790,-0.3688732684,-0.0670055524,0,234.8,-378.6,3082.0,0,0.9647738934,0.1918663681,-0.1799963564,-0.1715839356,-0.0597341061,-0.9833568931,-0.1994250417,0.9796015024,-0.0247087199,1,-73.4,-490.6,2835.2,1,0.9647738934,0.1838454753,0.1881813705,-0.1715839356,0.9819453359,-0.0796387047,-0.1994250417,0.0445444398,0.9789001346,1,-155.4,-465.1,2417.1,1,0.9877201319,0.0614781193,0.1436291635,0.1492342800,-0.0991744027,-0.9838158488,-0.0462388098,0.9931691289,-0.1071311980,1,108.4,-508.6,2845.7,1,0.9877201319,-0.1374966055,0.0741861239,0.1492342800,0.9708554745,-0.1875333190,-0.0462388098,0.1963015497,0.9794527292,1,80.9,-464.4,2403.0,1,-205.6,-366.4,3013.3,0,137.6,-379.8,2841.4,0,-219.6,-808.3,2401.5,1,131.2,-819.5,2331.2,1,
12,0.9821876287,0.0457185432,-0.1822562069,-0.1329985112,0.8543279171,-0.5024293065,0.1327362359,0.5177196264,0.8451907635,1,50.8,13.5,3159.9,1,0.9821876287,0.0457185432,-0.1822562069,-0.1329985112,0.8543279171,-0.5024293065,0.1327362359,0.5177196264,0.8451907635,1,41.2,-165.6,3051.3,1,0.9820007086,0.0422762372,-0.1840850115,-0.1365800947,0.8321429491,-0.5374793410,0.1304624379,0.5529474616,0.8229390383,1,32.9,-330.9,2941.5,1,0.4806115925,-0.8660285473,0.1378661692,0.6844606996,0.4687402546,0.5583870411,-0.5482025146,-0.1740033031,0.8180444837,0,-101.8,-145.6,3032.4,1,-0.2913266420,-0.8660285473,-0.4063537419,-0.1902239472,0.4687402546,-0.8626108170,0.9375199080,-0.1740033031,-0.3012959063,0,-285.6,-407.4,3242.0,0,0.1970598549,0.9364683032,0.2901629210,-0.9751433134,0.1566407830,0.1567136347,0.1013060063,-0.3138324022,0.9440584183,0,184.2,-185.5,3070.3,1,-0.3196938634,0.9364683032,0.1443015337,0.0130793918,0.1566407830,-0.9875690341,-0.9474306107,-0.3138324022,-0.0623255335,0,225.0,-387.2,3091.3,0,0.9614591002,0.2073705941,-0.1805375516,-0.1729757488,-0.0541912280,-0.9834341407,-0.2137188762,0.9767603278,-0.0162325650,1,-67.3,-488.0,2828.2,1,0.9614591002,0.1904029399,0.1983509213,-0.1729757488,0.9796380997,-0.1019246727,-0.2137188762,0.0636865050,0.9748170376,1,-153.2,-465.5,2423.4,1,0.9868637919,0.0725460798,0.1443498880,0.1509008706,-0.0948339328,-0.9839895368,-0.0576953180,0.9928461909,-0.1045354456,1,114.5,-505.9,2841.6,1,0.9868637919,-0.1367210448,0.0860649645,0.1509008706,0.9703457952,-0.1888331175,-0.0576953180,0.1993398517,0.9782304764,1,82.6,-464.2,2405.1,1,-209.6,-357.8,2997.5,0,142.1,-383.8,2845.7,0,-219.7,-807.8,2401.1,1,132.9,-820.7,2331.9,1,
13,0.9959021807,0.0647013262,-0.0631864965,-0.0876019895,0.8637260795,-0.4962893426,0.0224652495,0.4997909069,0.8658546805,1,50.8,14.4,3160.8,1,0.9959021807,0.0647013262,-0.0631864965,-0.0876019895,0.8637260795,-0.4962893426,0.0224652495,0.4997909069,0.8658546805,1,37.3,-165.8,3056.5,1,0.9956911802,0.0647200793,-0.0664111748,-0.0903765261,0.8376484513,-0.5386809707,0.0207657441,0.5423619151,0.8398882747,1,24.6,-332.4,2949.0,1,0.3835402727,-0.9015857577,0.2000998855,0.7026963234,0.4254918993,0.5702407360,-0.5992618203,-0.0781008229,0.7967343330,0,-106.9,-152.6,3053.6,1,-0.1754502803,-0.9015857577,-0.3954241872,-0.1946255714,0.4254918993,-0.8837859035,0.9650585651,-0.0781008229,-0.2501243055,0,-253.0,-420.1,3281.8,0,0.2513359189,0.8874356747,0.3863782585,-0.9646381736,0.1969204545,0.1752013117,0.0793941170,-0.4167495966,0.9055475593,0,181.5,-179.0,3059.5,1,-0.4230504632,0.8874356747,0.1829923242,-0.0109768491,0.1969204545,-0.9803580046,-0.9060396552,-0.4167495966,-0.0735660419,0,233.4,-378.2,3075.9,0,0.9610127211,0.2097360939,-0.1801813841,-0.1737073362,-0.0490472279,-0.9835751653,-0.2151286155,0.9765270948,-0.0107023120,1,-67.4,-485.1,2823.4,1,0.9610127211,0.1891798526,0.2016569972,-0.1737073362,0.9804898500,-0.0920075253,-0.2151286155,0.0533910990,0.9751251340,1,-154.1,-464.9,2419.6,1,0.9866043925,0.0720688626,0.1463484615,0.1527924538,-0.0939462706,-0.9837827682,-0.0571512170,0.9929653406,-0.1036993787,1,114.4,-508.8,2843.6,1,0.9866043925,-0.1390705705,0.0852711648,0.1527924538,0.9709094167,-0.1843621880,-0.0571512170,0.1949213296,0.9791523814,1,82.3,-467.1,2402.1,1,-207.5,-369.7,3031.5,0,124.3,-381.1,2842.2,0,-220.6,-809.5,2400.8,1,133.1,-821.5,2330.9,1,
14,0.9970149398,0.0763053000,0.0117786583,-0.0606295988,0.8682134151,-0.4924728572,-0.0478046797,0.4902886748,0.8702480793,1,49.5,15.1,3160.3,1,0.9970149398,0.0763053000,0.0117786583,-0.0606295988,0.8682134151,-0.4924728572,-0.0478046797,0.4902886748,0.8702480793,1,33.6,-166.5,3057.8,1,0.9966655970,0.0812565610,0.0074241506,-0.0644158870,0.8394111395,-0.5396661758,-0.0500833318,0.5373884439,0.8418463469,1,17.6,-333.4,2951.2,1,0.3214219809,-0.9153625965,0.2424855530,0.7116603255,0.4024358690,0.5758341551,-0.6246818900,-0.0125184180,0.7807789445,0,-111.0,-157.1,3065.1,1,-0.1007739678,-0.9153625965,-0.3898152709,-0.1988923997,0.4024358690,-0.8935810924,0.9748263359,-0.0125184180,-0.2226137221,0,-233.6,-428.5,3303.4,0,0.2815686464,0.8500537276,0.4451155066,-0.9576064944,0.2194955647,0.1865783930,0.0609007701,-0.4787801206,0.8758200407,0,178.1,-175.9,3050.4,1,-0.4862950742,0.8500537276,0.2023012787,-0.0220736656,0.2194955647,-0.9753637314,-0.8735157847,-0.4787801206,-0.0879758149,0,236.3,-373.8,3063.0,0,0.9676535130,0.1757659018,-0.1809778810,-0.1735959798,-0.0566342436,-0.9831871390,-0.1830603182,0.9828015566,-0.0242900718,1,-79.7,-491.3,2841.5,1,0.9676535130,0.1855194420,0.1709654480,-0.1735959798,0.9813665152,-0.0823663920,-0.1830603182,0.0500232205,0.9818282127,1,-155.4,-466.9,2418.0,1,0.9885296822,0.0465991981,0.1436579227,0.1476060897,-0.0968004316,-0.9842977524,-0.0319613367,0.9942123294,-0.1025684252,1,102.5,-507.2,2843.4,1,0.9885296822,-0.1384177804,0.0604119226,0.1476060897,0.9701310396,-0.1925051808,-0.0319613367,0.1992142498,0.9794346094,1,81.9,-464.4,2403.7,1,-207.4,-376.9,3050.2,0,110.7,-379.5,2837.4,0,-220.3,-810.2,2400.5,1,132.5,-819.3,2330.8,1,
15,0.9979825616,0.0588552430,-0.0238080863,-0.0629112050,0.8662983775,-0.4955495000,-0.0085407784,0.4960475564,0.8682533503,1,50.2,16.2,3159.5,1,0.9979825616,0.0588552430,-0.0238080863,-0.0629112050,0.8662983775,-0.4955495000,-0.0085407784,0.4960475564,0.8682533503,1,37.9,-165.8,3055.3,1,0.9978530407,0.0596475974,-0.0270449277,-0.0647737384,0.8378160596,-0.5420964360,-0.0096760755,0.5426844358,0.8398809433,1,26.1,-332.4,2947.6,1,0.3472310007,-0.9135124087,0.2119567394,0.7125613689,0.4039501846,0.5736554265,-0.6096613407,-0.0481587760,0.7911976576,0,-107.3,-156.4,3056.7,1,-0.1405981928,-0.9135124087,-0.3817422986,-0.2024132907,0.4039501846,-0.8921059966,0.9691547751,-0.0481587760,-0.2417017221,0,-240.1,-428.9,3289.9,0,0.2788012922,0.8691112995,0.4085528553,-0.9577253461,0.2202006876,0.1851318926,0.0709365979,-0.4428964257,0.8937621117,0,183.0,-175.3,3053.8,1,-0.4503177702,0.8691112995,0.2045959085,-0.0181220304,0.2202006876,-0.9752862453,-0.8926844001,-0.4428964257,-0.0834102258,0,240.7,-373.4,3068.5,0,0.9713410139,0.1439516097,-0.1891417205,-0.1816490591,-0.0636456832,-0.9813016057,-0.1532980055,0.9875358939,-0.0356729850,1,-89.7,-494.7,2850.2,1,0.9713410139,0.1901425272,0.1426270604,-0.1816490591,0.9808331728,-0.0704979599,-0.1532980055,0.0425694883,0.9872626662,1,-153.0,-466.8,2416.5,1,0.9898258448,0.0219963659,0.1405734867,0.1420363337,-0.0944851860,-0.9853416681,-0.0083918255,0.9952832460,-0.0966481641,1,92.3,-506.2,2840.0,1,0.9898258448,-0.1375047565,0.0365675539,0.1420363337,0.9700707197,-0.1969480067,-0.0083918255,0.2001381516,0.9797317386,1,82.7,-464.8,2403.9,1,-203.5,-376.2,3037.5,0,124.1,-378.1,2837.5,0,-219.8,-811.6,2401.5,1,132.8,-818.5,2331.0,1,
16,0.9949517250,0.0473443940,-0.0884845480,-0.0857105404,0.8595180511,-0.5038675070,0.0521987639,0.5089079142,0.8592368960,1,51.6,15.2,3159.6,1,0.9949517250,0.0473443940,-0.0884845480,-0.0857105404,0.8595180511,-0.5038675070,0.0521987639,0.5089079142,0.8592368960,1,41.7,-165.5,3052.7,1,0.9946167469,0.0498431511,-0.0908470750,-0.0915461257,0.8334096670,-0.5450207591,0.0485472791,0.5504034758,0.8334861398,1,31.9,-331.1,2943.5,1,0.3330847621,-0.9256568551,0.1794825345,0.7211180329,0.3727222681,0.5840093493,-0.6074894071,-0.0650965199,0.7916558981,1,-103.0,-152.1,3045.6,1,-0.1300175339,-0.9256568551,-0.3553236127,-0.1517706066,0.3727222681,-0.9154472947,0.9798271060,-0.0650965199,-0.1889479309,1,-222.2,-410.1,3263.0,1,0.2486266792,0.8992856741,0.3598194122,-0.9651903510,0.1988825053,0.1698626578,0.0811932757,-0.3895266056,0.9174293876,0,186.4,-178.9,3059.7,1,-0.3971017897,0.8992856741,0.1832904667,-0.0019551306,0.1988825053,-0.9800214171,-0.9177724719,-0.3895266056,-0.0772183836,0,237.8,-378.5,3076.5,0,0.9667700529,0.1719649285,-0.1891659349,-0.1817155182,-0.0582271665,-0.9816257358,-0.1798197925,0.9833807349,-0.0250435825,1,-77.0,-493.1,2841.4,1,0.9667700529,0.1944334954,0.1659858674,-0.1817155182,0.9793341756,-0.0887921453,-0.1798197925,0.0556793772,0.9821225405,1,-150.7,-468.2,2420.0,1,0.9876320362,0.0555441603,0.1466214210,0.1513493657,-0.0935370028,-0.9840447903,-0.0409434177,0.9940652251,-0.1007867157,1,105.5,-504.9,2839.1,1,0.9876320362,-0.1404996216,0.0695905983,0.1513493657,0.9702156782,-0.1891426742,-0.0409434177,0.1973358542,0.9794805646,1,81.1,-463.9,2403.3,1,-188.5,-370.8,3008.9,1,135.0,-379.0,2838.9,0,-218.8,-811.0,2400.5,1,132.4,-818.2,2331.2,1,
17,0.9988794923,0.0472989157,-0.0016156804,-0.0414330997,0.8574845195,-0.5128387809,-0.0228712969,0.5123310685,0.8584834337,1,49.9,15.0,3159.2,1,0.9988794923,0.0472989157,-0.0016156804,-0.0414330997,0.8574845195,-0.5128387809,-0.0228712969,0.5123310685,0.8584834337,1,40.0,-164.9,3051.7,1,0.9986963272,0.0508727394,-0.0042019309,-0.0445799939,0.8291328549,-0.5572713017,-0.0248659570,0.5567321181,0.8303198218,1,29.9,-329.7,2941.2,1,0.4018976688,-0.9156738520,-0.0044338345,0.7775118351,0.3386913836,0.5298712254,-0.4836875200,-0.2164013684,0.8480665088,1,-105.0,-158.4,3055.3,1,-0.2458481789,-0.9156738520,-0.3179623783,-0.0460414924,0.3386913836,-0.9397703409,0.9682142735,-0.2164013684,-0.1254256517,1,-219.6,-380.1,3193.2,1,0.2981855273,0.8580325842,0.4181691408,-0.9532563090,0.2452672422,0.1764834672,0.0488653816,-0.4512471855,0.8910601139,0,185.1,-171.4,3048.1,1,-0.4626025856,0.8580325842,0.2231117934,-0.0126055814,0.2452672422,-0.9693735242,-0.8864761591,-0.4512471855,-0.1026452631,0,246.6,-368.2,3058.2,0,0.9634603262,0.1965347826,-0.1819843203,-0.1762602478,-0.0463853590,-0.9832500815,-0.2016842514,0.9793990254,-0.0100491811,1,-68.9,-488.5,2830.0,1,0.9634603262,0.1924715191,0.1862764806,-0.1762602478,0.9792357683,-0.1001481190,-0.2016842514,0.0636556000,0.9773798585,1,-151.1,-469.1,2420.6,1,0.9860639572,0.0756470710,0.1481736153,0.1551261842,-0.0962464884,-0.9831950665,-0.0601146333,0.9924787879,-0.1066400334,1,112.9,-505.2,2838.7,1,0.9860639572,-0.1410019696,0.0882969126,0.1551261842,0.9710349441,-0.1817332953,-0.0601146333,0.1928978115,0.9793756604,1,79.7,-463.0,2403.5,1,-156.5,-368.3,2944.9,1,127.0,-371.5,2828.9,0,-217.9,-809.0,2398.5,1,131.6,-820.4,2332.5,1,
18,0.9967222214,0.0749860182,0.0303628966,-0.0500817373,0.8666732907,-0.4963559210,-0.0635344684,0.4932083488,0.8675879836,1,49.0,16.4,3160.0,1,0.9967222214,0.0749860182,0.0303628966,-0.0500817373,0.8666732907,-0.4963559210,-0.0635344684,0.4932083488,0.8675879836,1,33.4,-164.8,3056.9,1,0.9965947270,0.0781669170,0.0262475666,-0.0515017025,0.8386825323,-0.5421800613,-0.0643939227,0.5389819741,0.8398522735,1,17.9,-331.4,2950.0,1,0.4300201535,-0.8909086585,-0.1461658925,0.8469150066,0.3419848382,0.4071625471,-0.3127581179,-0.2988781929,0.9015842676,1,-111.7,-157.2,3066.3,1,-0.3122189641,-0.8909086585,-0.3298501372,0.0167683251,0.3419848382,-0.9395558238,0.9498621821,-0.2988781929,-0.0918351039,1,-217.2,-365.1,3143.0,1,0.2952783406,0.8404096365,0.4544473588,-0.9538028836,0.2317102700,0.1912339926,0.0554147623,-0.4899204373,0.8700041175,0,178.4,-172.3,3047.5,1,-0.4985043705,0.8404096365,0.2126148790,-0.0241388213,0.2317102700,-0.9724853039,-0.8665510416,-0.4899204373,-0.0952220857,0,239.4,-369.5,3059.0,0,0.9642435312,0.1910217702,-0.1836983413,-0.1779758930,-0.0468455106,-0.9829191566,-0.1963644028,0.9804673195,-0.0111732120,1,-71.4,-490.5,2833.0,1,0.9642435312,0.1915060282,0.1831934452,-0.1779758930,0.9801098704,-0.0878024772,-0.1963644028,0.0520589575,0.9791480303,1,-152.0,-470.7,2419.2,1,0.9848753810,0.0758645013,0.1557724476,0.1615350246,-0.0768786520,-0.9838679433,-0.0626650751,0.9941500425,-0.0879706666,1,110.8,-498.5,2828.4,1,0.9848753810,-0.1464957148,0.0925174654,0.1615350246,0.9694679976,-0.1844944656,-0.0626650751,0.1966488659,0.9784693718,1,78.4,-465.6,2403.0,1,-137.0,-369.4,2898.9,1,110.3,-375.8,2834.5,0,-219.3,-815.4,2400.8,1,132.0,-820.5,2331.1,1,
19,0.9958193302,0.0817968398,0.0406591371,-0.0510703288,0.8676081300,-0.4946190417,-0.0757344738,0.4904747307,0.8681582808,1,50.3,15.4,3160.9,1,0.9958193302,0.0817968398,0.0406591371,-0.0510703288,0.8676081300,-0.4946190417,-0.0757344738,0.4904747307,0.8681582808,1,33.2,-165.9,3058.4,1,0.9957872629,0.0839698836,0.0368347727,-0.0514013432,0.8438548446,-0.5341038108,-0.0759318396,0.5299604535,0.8446160555,1,16.6,-333.5,2953.2,1,0.4402179718,-0.8652371764,-0.2399432808,0.8868464828,0.3772054911,0.2668694556,-0.1403974593,-0.3302735984,0.9333851933,1,-112.0,-158.3,3069.5,1,-0.3459949791,-0.8652371764,-0.3628389537,0.0275017843,0.3772054911,-0.9257211685,0.9378331900,-0.3302735984,-0.1067156419,1,-212.1,-360.1,3101.4,1,0.2970370054,0.8342770338,0.4644899070,-0.9528833628,0.2276550680,0.2004655600,0.0615003370,-0.5021503568,0.8625906706,0,178.4,-173.4,3047.3,1,-0.5089370608,0.8342770338,0.2120493501,-0.0323031880,0.2276550680,-0.9732058644,-0.8601974249,-0.5021503568,-0.0889122859,0,239.9,-370.5,3060.1,0,0.9714391828,0.1543265283,-0.1802477539,-0.1746515632,-0.0491967835,-0.9834004641,-0.1606323868,0.9867942929,-0.0208383128,1,-88.7,-493.3,2849.0,1,0.9714391828,0.1840196848,0.1498088390,-0.1746515632,0.9818779230,-0.0735703930,-0.1606323868,0.0453048125,0.9859740138,1,-155.9,-471.9,2419.5,1,0.9872990847,0.0367951915,0.1545528173,0.1570416391,-0.0787644982,-0.9844460487,-0.0240496062,0.9962139726,-0.0835424960,1,93.5,-502.8,2837.1,1,0.9872990847,-0.1495238245,0.0536943786,0.1570416391,0.9696558714,-0.1873645484,-0.0240496062,0.1934171021,0.9808218479,1,77.4,-468.3,2401.4,1,-122.8,-367.2,2859.2,1,107.9,-378.9,2836.9,0,-220.5,-816.8,2403.6,1,131.7,-820.4,2331.2,1,
20,0.9940170050,0.0926704183,0.0578131229,-0.0537814200,0.8759514689,-0.4793918729,-0.0950669348,0.4734143913,0.8756946325,1,52.5,14.8,3159.8,1,0.9940170050,0.0926704183,0.0578131229,-0.0537814200,0.8759514689,-0.4793918729,-0.0950669348,0.4734143913,0.8756946325,1,33.1,-168.3,3060.9,1,0.9940943718,0.0942655355,0.0537619144,-0.0530652143,0.8544046283,-0.5168914795,-0.0946594849,0.5109860301,0.8543610573,1,14.5,-338.1,2959.4,1,0.4610669017,-0.8564195037,-0.2322992533,0.8692282438,0.3832346499,0.3123675585,-0.1784925461,-0.3459434211,0.9211208224,1,-111.9,-160.5,3074.7,1,-0.3550737500,-0.8564195037,-0.3747909665,0.0492142625,0.3832346499,-0.9223389626,0.9335419536,-0.3459434211,-0.0939285085,1,-214.7,-354.2,3114.5,1,0.2987392843,0.8240396380,0.4813662767,-0.9513730407,0.2174444050,0.2181907892,0.0751274526,-0.5231410861,0.8489283323,0,178.2,-176.1,3047.0,1,-0.5260008574,0.8240396380,0.2104322314,-0.0493379012,0.2174444050,-0.9748249650,-0.8490517139,-0.5231410861,-0.0737195686,0,240.0,-373.0,3062.6,0,0.9730546474,0.1486304998,-0.1762769669,-0.1686216891,-0.0627231076,-0.9836831689,-0.1572619528,0.9869015813,-0.0359706916,1,-91.2,-496.5,2855.0,1,0.9730546474,0.1809839755,0.1428614557,-0.1686216891,0.9811450839,-0.0944511220,-0.1572619528,0.0678165704,0.9852256775,1,-155.9,-469.2,2425.8,1,0.9884555936,0.0260530189,0.1492542326,0.1509702057,-0.0862038732,-0.9847725034,-0.0127900029,0.9959368110,-0.0891419277,1,91.1,-505.9,2841.0,1,0.9884555936,-0.1453174204,0.0428769477,0.1509702057,0.9685541391,-0.1977646053,-0.0127900029,0.2019546628,0.9793113470,1,79.7,-468.1,2404.1,1,-122.7,-367.0,2872.7,1,103.5,-385.8,2842.2,0,-219.4,-813.9,2402.0,1,132.3,-818.9,2331.0,1,
21,0.9948136806,0.0774027258,-0.0659895018,-0.0997152776,0.8701480627,-0.4825962782,0.0200663731,0.4866735339,0.8733534217,1,51.6,14.5,3159.3,1,0.9948136806,0.0774027258,-0.0659895018,-0.0997152776,0.8701480627,-0.4825962782,0.0200663731,0.4866735339,0.8733534217,1,35.3,-168.6,3056.9,1,0.9942029715,0.0821601152,-0.0693555996,-0.1062920690,0.8482334614,-0.5188468099,0.0162012242,0.5232110023,0.8520491719,1,19.2,-337.2,2953.1,1,0.4561765790,-0.8671309352,-0.1999672651,0.8447406888,0.3512915373,0.4037418067,-0.2798501849,-0.3530980349,0.8927517533,1,-108.7,-153.1,3054.6,1,-0.3580600619,-0.8671309352,-0.3462325335,0.0531404354,0.3512915373,-0.9347568154,0.9321851134,-0.3530980349,-0.0797037557,1,-215.9,-351.6,3120.3,1,0.2362003922,0.8876783252,0.3952677250,-0.9666217566,0.1730959564,0.1888919771,0.0992560610,-0.4266907573,0.8989344835,0,179.4,-184.2,3059.2,1,-0.4293128252,0.8876783252,0.1664863676,-0.0239250418,0.1730959564,-0.9846143126,-0.9028388858,-0.4266907573,-0.0530745760,0,228.1,-383.8,3079.7,0,0.9744530320,0.1420203894,-0.1739869565,-0.1644071341,-0.0766988695,-0.9834061265,-0.1530083269,0.9868877530,-0.0513902828,1,-94.1,-501.7,2863.7,1,0.9744530320,0.1763253510,0.1391065121,-0.1644071341,0.9819941521,-0.0930469260,-0.1530083269,0.0677997544,0.9858963490,1,-157.3,-467.6,2424.8,1,0.9884384274,0.0158675071,0.1507903337,0.1516228914,-0.1036767289,-0.9829860926,0.0000359079,0.9944844842,-0.1048839316,1,86.8,-512.7,2849.3,1,0.9884384274,-0.1484599113,0.0308083855,0.1516228914,0.9677705765,-0.2010735422,0.0000359079,0.2034200579,0.9790915847,1,79.7,-466.2,2403.6,1,-123.0,-365.4,2878.5,1,117.4,-389.9,2846.7,0,-219.3,-813.1,2400.9,1,133.7,-818.1,2329.7,1,
22,0.9966163635,0.0804751217,-0.0167220253,-0.0785532519,0.8726707697,-0.4819492400,-0.0241920985,0.4816320539,0.8760395646,1,51.0,13.4,3159.5,1,0.9966163635,0.0804751217,-0.0167220253,-0.0785532519,0.8726707697,-0.4819492400,-0.0241920985,0.4816320539,0.8760395646,1,34.2,-169.2,3058.8,1,0.9961073995,0.0856906548,-0.0206668135,-0.0838241577,0.8483205438,-0.5228056908,-0.0272674803,0.5225030184,0.8522013426,1,17.3,-337.8,2955.0,1,0.4615809321,-0.8509587049,-0.2506238818,0.8702580929,0.3795838654,0.3139537871,-0.1720289141,-0.3630225360,0.9157623649,1,-110.5,-157.0,3062.8,1,-0.3848153353,-0.8509587049,-0.3574722707,0.0198326111,0.3795838654,-0.9249446988,0.9227805138,-0.3630225360,-0.1291929632,1,-215.1,-354.0,3101.7,1,0.2623954117,0.8641283512,0.4294540584,-0.9610949159,0.1942396462,0.1963862926,0.0862859711,-0.4642769694,0.8814769387,0,179.0,-181.4,3054.8,1,-0.4678230882,0.8641283512,0.1855362952,-0.0300734323,0.1942396462,-0.9804930091,-0.8833103180,-0.4642769694,-0.0648824796,0,233.2,-380.0,3072.6,0,0.9708713293,0.1628005356,-0.1757978499,-0.1670607626,-0.0659952834,-0.9837353826,-0.1717544794,0.9844493866,-0.0368753448,1,-86.8,-495.5,2846.4,1,0.9708713293,0.1800784618,0.1580526680,-0.1670607626,0.9816246629,-0.0922158360,-0.1717544794,0.0631253123,0.9831152558,1,-156.7,-467.1,2423.7,1,0.9874992967,0.0328663662,0.1541587859,0.1569577754,-0.1152514890,-0.9808574319,-0.0144701898,0.9927924871,-0.1189693958,1,93.5,-515.6,2850.7,1,0.9874992967,-0.1501312256,0.0480181724,0.1569577754,0.9645562768,-0.2121213526,-0.0144701898,0.2170065194,0.9760628939,1,78.9,-464.4,2410.2,1,-115.2,-359.1,2862.4,1,112.2,-387.8,2844.1,0,-219.7,-810.3,2401.6,1,134.0,-818.5,2330.5,1,
23,0.9881100655,0.0526515357,-0.1444515735,-0.1152635738,0.8754541874,-0.4693551958,0.1017484665,0.4804246128,0.8711138964,1,51.2,13.7,3159.1,1,0.9881100655,0.0526515357,-0.1444515735,-0.1152635738,0.8754541874,-0.4693551958,0.1017484665,0.4804246128,0.8711138964,1,40.2,-169.1,3058.8,1,0.9877563119,0.0521609709,-0.1470263004,-0.1210897639,0.8505554199,-0.5117546320,0.0983603895,0.5232922435,0.8464576006,1,29.9,-338.3,2955.3,1,0.4699986875,-0.8395844102,-0.2723954320,0.8619846106,0.3701684475,0.3463493586,-0.1899573058,-0.3975844085,0.8976874948,1,-102.5,-151.6,3044.6,1,-0.4356327951,-0.8395844102,-0.3245337009,-0.0215513054,0.3701684475,-0.9287146330,0.8998664618,-0.3975844085,-0.1793516427,1,-214.4,-356.9,3089.9,1,0.2106751949,0.9223887324,0.3237513602,-0.9697490335,0.1554259956,0.1882273704,0.1232994348,-0.3536124229,0.9272300005,0,182.9,-186.7,3073.1,1,-0.3542478085,0.9223887324,0.1539723426,-0.0245339256,0.1554259956,-0.9875428081,-0.9348297119,-0.3536124229,-0.0324295014,0,226.4,-386.8,3098.5,0,0.9718337655,0.1467247009,-0.1844208091,-0.1759108007,-0.0691152215,-0.9819768071,-0.1568265408,0.9867598414,-0.0413580425,1,-89.1,-498.2,2852.4,1,0.9718337655,0.1861990690,0.1444613487,-0.1759108007,0.9810594320,-0.0811033696,-0.1568265408,0.0534066819,0.9861810803,1,-153.3,-468.0,2420.7,1,0.9878316522,0.0266345255,0.1532295197,0.1552633345,-0.1115260497,-0.9815575480,-0.0090542370,0.9934045076,-0.1143043265,1,91.2,-514.1,2848.8,1,0.9878316522,-0.1496912092,0.0422045402,0.1552633345,0.9649502635,-0.2115758359,-0.0090542370,0.2155541331,0.9764499068,1,79.4,-464.7,2408.6,1,-101.6,-351.3,2856.8,1,135.2,-393.2,2858.0,0,-218.8,-812.8,2401.9,1,134.4,-818.8,2329.4,1,
