1,0.0129324924,0.0639079139,-0.9978719950,-0.2951966822,0.9537194967,0.0572544299,0.9553489685,0.2938280702,0.0311993733,1,-420.4,416.6,2633.8,1,0.0129324924,0.0639079139,-0.9978719950,-0.2951966822,0.9537194967,0.0572544299,0.9553489685,0.2938280702,0.0311993733,1,-433.4,223.5,2574.3,1,0.0148419319,0.0350771472,-0.9992743731,-0.2581720650,0.9656311274,0.0300616268,0.9659849405,0.2575385571,0.0233877711,1,-440.5,31.8,2523.1,1,-0.3135477304,0.1576105952,-0.9364009500,0.7725809216,0.6156898141,-0.1550636590,0.5520928502,-0.7720654011,-0.3148151040,1,-435.5,261.0,2433.8,1,-0.6869045496,0.1576105952,0.7094512582,-0.4933411777,0.6156898141,-0.6144432425,-0.5336446762,-0.7720654011,-0.3451643288,1,-346.7,42.3,2277.5,1,-0.1963778734,0.8319763541,-0.5188940763,-0.9336876869,0.0029424834,0.3580763042,0.2994378805,0.5548032522,0.7762282491,0,-431.2,186.1,2714.7,1,0.2470119745,0.8319763541,-0.4967901111,-0.8973740339,0.0029424834,-0.4412609041,-0.3656568527,0.5548032522,0.7473208308,0,-485.0,-69.5,2796.7,0,0.7983617783,0.1294582188,-0.5880978107,-0.0654464960,0.9894864559,0.1289703250,0.5986110568,-0.0644760430,0.7984407544,1,-456.1,-136.8,2361.9,1,0.7782512903,0.1789332330,-0.6019200683,-0.2658241987,0.9622971416,-0.0576340295,0.5689133406,0.2048586756,0.7964738011,1,-507.5,-529.8,2387.5,1,-0.0350506380,0.0637961924,0.9973472357,-0.2666812241,0.9611767530,-0.0708547235,-0.9631472230,-0.2684572935,-0.0166766122,1,-441.4,-183.9,2536.2,1,-0.0573441833,-0.1472848356,0.9874303937,-0.1234714538,0.9825109839,0.1393805593,-0.9906898737,-0.1139268056,-0.0745267645,1,-466.7,-565.3,2642.7,1,-166.6,171.6,2417.5,1,-415.6,-321.5,2694.0,0,-575.8,-897.0,2309.4,1,-420.5,-873.6,2678.5,1,
2,-0.0737020373,0.0738440230,-0.9945426583,-0.2861555517,0.9537541866,0.0920214877,0.9553444386,0.2913760543,-0.0491627492,1,-412.6,411.9,2655.3,1,-0.0737020373,0.0738440230,-0.9945426583,-0.2861555517,0.9537541866,0.0920214877,0.9553444386,0.2913760543,-0.0491627492,1,-427.5,219.9,2596.6,1,-0.0714297816,0.0423026979,-0.9965481758,-0.2485820055,0.9668208957,0.0588584617,0.9659734964,0.2519282103,-0.0585441142,1,-436.0,27.9,2546.5,1,-0.3530584276,0.0780412778,-0.9323407412,0.7646633983,0.5982787609,-0.2394836992,0.5391100645,-0.7974786162,-0.2709026635,1,-417.1,255.9,2456.3,1,-0.6487205029,0.0780412778,0.7570147514,-0.5769277215,0.5982787609,-0.5560727715,-0.4963024557,-0.7974786162,-0.3430914879,1,-321.6,49.2,2310.6,1,-0.2471259981,0.7837764621,-0.5697571635,-0.9248442650,-0.0153418053,0.3800364733,0.2891225517,0.6208535433,0.7286624908,0,-437.9,183.9,2736.9,1,0.2492695600,0.7837764621,-0.5688226223,-0.9078640938,-0.0153418053,-0.4189837575,-0.3371163607,0.6208535433,0.7077382803,0,-505.5,-69.1,2816.0,0,0.7511354089,0.0744399205,-0.6559377313,-0.0285808947,0.9963573813,0.0803439692,0.6595292091,-0.0416019075,0.7505268455,1,-449.0,-136.3,2383.5,1,0.7171662450,0.2237942070,-0.6599914432,-0.3068655729,0.9516922235,-0.0107432138,0.6257044673,0.2102333307,0.7511962652,1,-478.5,-531.5,2400.0,1,0.0406082161,0.0779759064,0.9961278439,-0.2257328779,0.9718910456,-0.0668764338,-0.9733425379,-0.2221430838,0.0570684858,0,-448.6,-186.9,2572.5,1,0.0285112690,-0.1062884778,0.9939264655,-0.1122973487,0.9876955152,0.1088434532,-0.9932655096,-0.1147185713,0.0162245389,0,-479.4,-570.5,2660.1,0,-153.9,198.5,2439.0,1,-435.4,-324.2,2721.3,0,-563.9,-894.5,2319.8,1,-446.9,-872.6,2695.2,0,
3,-0.1730965525,0.0892490372,-0.9808527827,-0.2397710085,0.9621055126,0.1298569292,0.9552735090,0.2576578557,-0.1451378316,1,-409.8,406.6,2665.5,1,-0.1730965525,0.0892490372,-0.9808527827,-0.2397710085,0.9621055126,0.1298569292,0.9552735090,0.2576578557,-0.1451378316,1,-427.7,213.7,2613.9,1,-0.1700742245,0.0710958168,-0.9828632474,-0.2032885700,0.9734088182,0.1055888906,0.9642346501,0.2177628130,-0.1510987878,1,-442.2,20.6,2570.3,1,-0.4262877405,0.0176255908,-0.9044159055,0.7335737944,0.5917425156,-0.3342308700,0.5292903185,-0.8059343100,-0.2651822567,1,-403.0,242.9,2474.2,1,-0.5997165442,0.0176255908,0.8000183702,-0.6387057900,0.5917425156,-0.4918289781,-0.4820736647,-0.8059343100,-0.3436202109,1,-296.1,58.9,2341.4,1,-0.3215612173,0.7236022353,-0.6107357740,-0.8984900117,-0.0296025537,0.4379947484,0.2988546491,0.6895821095,0.6596684456,0,-452.3,184.5,2753.5,1,0.2279591262,0.7236022353,-0.6514863372,-0.9327676296,-0.0296025537,-0.3592606187,-0.2792474627,0.6895821095,0.6682046056,0,-540.1,-60.8,2835.1,0,0.6883108616,0.0345591865,-0.7245921493,-0.0216862820,0.9993984103,0.0270655602,0.7250916362,-0.0029158092,0.6886462569,1,-438.0,-141.5,2408.2,1,0.6348702312,0.2697472572,-0.7240001559,-0.3498741686,0.9358600974,0.0418798104,0.6888598204,0.2267207205,0.6885272861,1,-451.7,-537.6,2409.3,1,0.1239472777,-0.0025156147,0.9922856092,-0.1480433047,0.9887579083,0.0209988914,-0.9811831117,-0.1495039910,0.1221814305,1,-470.9,-190.9,2608.5,1,0.1179755628,-0.0930512324,0.9886471629,-0.0817819610,0.9913073182,0.1030606702,-0.9896430969,-0.0930121467,0.1093401238,1,-469.9,-580.1,2667.3,1,-141.6,223.4,2465.6,1,-476.1,-322.4,2756.8,0,-554.6,-894.5,2322.9,1,-437.9,-921.1,2699.3,1,
4,-0.2502097189,0.0860431492,-0.9643607736,-0.2035149187,0.9691157341,0.1392706931,0.9465605021,0.2311086804,-0.2249711305,1,-405.4,405.8,2680.1,1,-0.2502097189,0.0860431492,-0.9643607736,-0.2035149187,0.9691157341,0.1392706931,0.9465605021,0.2311086804,-0.2249711305,1,-422.7,211.7,2633.8,1,-0.2474127561,0.0664065927,-0.9666318297,-0.1677612513,0.9796445370,0.1102396250,0.9542762041,0.1894380599,-0.2312361002,1,-436.3,17.3,2596.1,1,-0.4636552334,-0.0286362357,-0.8855528235,0.7069543600,0.5905143619,-0.3892407119,0.5340780616,-0.8065189123,-0.2535505891,1,-386.8,235.9,2495.6,1,-0.5518943071,-0.0286362357,0.8334222436,-0.6820626855,0.5905143619,-0.4313736558,-0.4797948897,-0.8065189123,-0.3454332054,1,-274.6,64.9,2366.3,1,-0.3557683527,0.6667381525,-0.6548962593,-0.8837890029,-0.0121654673,0.4677274823,0.3038846254,0.7451927662,0.5935839415,0,-458.6,187.5,2772.1,1,0.2371221781,0.6667381525,-0.7065644264,-0.9444481134,-0.0121654673,-0.3284353912,-0.2275760770,0.7451927662,0.6268148422,0,-555.9,-54.2,2855.2,0,0.6290091276,-0.0258665998,-0.7769674659,-0.0287068654,0.9979918003,-0.0564650893,0.7768676877,0.0578213558,0.6270034313,1,-441.2,-154.1,2439.0,1,0.5567392111,0.3053877354,-0.7725152373,-0.3815502524,0.9200781584,0.0887446404,0.7378758788,0.2453457564,0.6287643313,1,-431.0,-548.8,2416.2,1,0.1971810311,-0.0537322052,0.9788935184,-0.1184173003,0.9898807406,0.0781884044,-0.9731890559,-0.1313351989,0.1888228804,0,-471.8,-192.4,2642.2,1,0.1937457174,-0.0989822224,0.9760456681,-0.0828685164,0.9896903634,0.1168154031,-0.9775456190,-0.1035159454,0.1835457534,0,-450.6,-583.4,2694.1,0,-132.9,239.9,2489.5,1,-489.4,-319.1,2791.4,0,-547.5,-899.7,2322.6,1,-414.7,-942.6,2731.6,0,
5,-0.2451433390,0.0812187344,-0.9660788178,-0.2192385346,0.9660266638,0.1368463188,0.9443724155,0.2453486621,-0.2190087289,1,-403.8,406.6,2706.5,1,-0.2451433390,0.0812187344,-0.9660788178,-0.2192385346,0.9660266638,0.1368463188,0.9443724155,0.2453486621,-0.2190087289,1,-420.2,212.3,2657.1,1,-0.2421357781,0.0563371517,-0.9686053991,-0.1767108738,0.9790546894,0.1011197940,0.9540144205,0.1956478357,-0.2271087766,1,-431.6,17.9,2618.2,1,-0.5432509184,-0.0408147722,-0.8385776877,0.6659626365,0.5872687697,-0.4600099325,0.5112457275,-0.8083622456,-0.2918531895,1,-384.9,238.0,2518.3,1,-0.4819593132,-0.0408147722,0.8752424717,-0.7202650309,0.5872687697,-0.3692339063,-0.4989323616,-0.8083622456,-0.3124371171,1,-250.3,72.9,2391.6,1,-0.3446063697,0.6697878242,-0.6577467322,-0.8891611695,-0.0081780935,0.4575211108,0.3010629416,0.7425075173,0.5983675122,0,-455.4,186.6,2795.9,1,0.2484565973,0.6697878242,-0.6997525096,-0.9398356080,-0.0081780935,-0.3415292203,-0.2344747484,0.7425075173,0.6274585128,0,-549.8,-56.8,2878.3,0,0.6337615252,-0.0425278209,-0.7723585367,-0.0694641396,0.9913243055,-0.1115836203,0.7704031467,0.1243686303,0.6253090501,1,-427.4,-161.9,2471.5,1,0.5578409433,0.3233590722,-0.7643640637,-0.3967461288,0.9128295183,0.0966168940,0.7289760113,0.2493616343,0.6375051141,1,-410.5,-554.0,2422.3,1,0.1919320673,-0.0997093171,0.9763299227,-0.0732543617,0.9905948043,0.1155668721,-0.9786704779,-0.0937014148,0.1828227788,0,-464.8,-192.7,2664.9,1,0.1896918714,-0.1226764917,0.9741496444,-0.0549358949,0.9892833233,0.1352797300,-0.9803056121,-0.0791772455,0.1809196472,0,-425.4,-584.4,2702.0,0,-126.0,258.6,2520.2,1,-480.0,-320.8,2812.5,0,-534.0,-902.4,2327.2,1,-379.7,-952.8,2731.4,0,
6,-0.2721937895,0.0855898187,-0.9584283829,-0.2299005836,0.9614052773,0.1511474699,0.9343748093,0.2614846528,-0.2420113981,1,-399.6,408.7,2722.1,1,-0.2721937895,0.0855898187,-0.9584283829,-0.2299005836,0.9614052773,0.1511474699,0.9343748093,0.2614846528,-0.2420113981,1,-416.7,216.1,2669.7,1,-0.2687581182,0.0569439083,-0.9615229964,-0.1831765771,0.9770117402,0.1090614200,0.9456296563,0.2054396272,-0.2521490455,1,-428.1,22.0,2628.9,1,-0.5705383420,0.0006976880,-0.8212707043,0.6697893739,0.5790784955,-0.4648120403,0.4752559066,-0.8152714968,-0.3308537900,1,-377.5,242.8,2531.9,1,-0.4668838680,0.0006976880,0.8843183517,-0.7207712531,0.5790784955,-0.3809945881,-0.5123555660,-0.8152714968,-0.2698595524,1,-238.3,79.3,2415.9,1,-0.3576563001,0.6496009231,-0.6708953977,-0.8893389106,-0.0177699625,0.4569032192,0.2848829627,0.7600677013,0.5840709209,0,-455.9,189.4,2807.5,1,0.2499324977,0.6496009231,-0.7180197835,-0.9391713738,-0.0177699625,-0.3429889381,-0.2355651110,0.7600677013,0.6056452990,0,-553.9,-54.2,2885.6,0,0.6124454141,-0.0797181726,-0.7864830494,-0.0808026791,0.9833782911,-0.1625977159,0.7863723636,0.1631321758,0.5958241224,1,-420.9,-160.4,2492.1,1,0.5291621089,0.3428060710,-0.7761903405,-0.4013037682,0.9070930481,0.1270335913,0.7476247549,0.2442667484,0.6175686121,1,-389.3,-549.7,2427.5,1,0.2159207910,-0.1092712805,0.9702773094,-0.0483270325,0.9913043380,0.1223937795,-0.9752141833,-0.0733179823,0.2087624520,0,-464.0,-188.8,2673.8,1,0.2147675455,-0.1206892878,0.9691795707,-0.0387823060,0.9904989600,0.1319381893,-0.9758948684,-0.0659230575,0.2080464363,0,-420.6,-581.7,2702.9,0,-118.1,264.9,2547.8,1,-483.6,-318.2,2819.4,0,-520.2,-896.1,2334.2,1,-375.1,-955.4,2727.7,0,
7,-0.2291551828,0.0803501680,-0.9700679183,-0.2235406339,0.9656071663,0.1327867806,0.9473739862,0.2472783774,-0.2033123523,1,-394.9,404.8,2725.9,1,-0.2291551828,0.0803501680,-0.9700679183,-0.2235406339,0.9656071663,0.1327867806,0.9473739862,0.2472783774,-0.2033123523,1,-411.0,211.7,2676.5,1,-0.2269240916,0.0529715978,-0.9724708200,-0.1910369843,0.9767005444,0.0977800936,0.9549922943,0.2079665512,-0.2115173489,1,-421.6,17.7,2635.1,1,-0.6284555793,0.0850638002,-0.7731802464,0.6404136419,0.6207612157,-0.4522454143,0.4414906204,-0.7793713212,-0.4445968866,1,-377.9,239.6,2537.3,1,-0.4429191053,0.0850638002,0.8925170898,-0.6771137118,0.6207612157,-0.3951867223,-0.5876560807,-0.7793713212,-0.2173491567,1,-227.8,86.6,2431.8,1,-0.3339887261,0.6808987260,-0.6517887115,-0.8952389359,-0.0127635766,0.4454035759,0.2949555516,0.7322663665,0.6138299108,0,-444.1,183.9,2815.7,1,0.2520169318,0.6808987260,-0.6876513958,-0.9347041845,-0.0127635766,-0.3551973999,-0.2506303489,0.7322663665,0.6332222223,0,-535.6,-61.4,2896.5,0,-0.2339214683,-0.1258997768,-0.9640694857,-0.1791654676,0.9801806808,-0.0845311359,0.9556047916,0.1529543102,-0.2518422008,1,-414.9,-155.3,2501.5,1,-0.2339214683,0.3774606287,-0.8959934115,-0.1791654676,0.8890438080,0.4213085473,0.9556047916,0.2590841949,-0.1403385252,1,-365.0,-543.6,2440.9,1,0.1745964438,-0.1325471997,0.9756779075,-0.0312901698,0.9896506667,0.1400447637,-0.9841427803,-0.0549804419,0.1686420441,0,-452.9,-193.8,2680.8,1,0.1739472449,-0.1383163333,0.9749928117,-0.0266344305,0.9890636802,0.1450643092,-0.9843947291,-0.0512019135,0.1683609188,0,-400.3,-586.5,2702.6,0,-113.3,261.6,2583.7,1,-464.8,-324.2,2826.1,0,-509.1,-883.0,2342.0,1,-347.8,-961.9,2722.1,0,
8,-0.2964850664,0.0627188459,-0.9529758096,-0.2351365834,0.9623312950,0.1364890784,0.9256389141,0.2645464540,-0.2705693841,1,-393.6,404.7,2740.9,1,-0.2964850664,0.0627188459,-0.9529758096,-0.2351365834,0.9623312950,0.1364890784,0.9256389141,0.2645464540,-0.2705693841,1,-406.1,212.6,2688.1,1,-0.2946762443,0.0450042225,-0.9545367956,-0.2026356161,0.9732313156,0.1084415168,0.9338654876,0.2253783047,-0.2776687145,1,-414.9,19.3,2643.3,1,-0.6334083676,0.1422778368,-0.7606253028,0.6413185000,0.6465663314,-0.4131133258,0.4330178201,-0.7494724989,-0.5007859468,1,-363.2,242.1,2552.1,1,-0.3962484300,0.1422778368,0.9070524573,-0.6566517949,0.6465663314,-0.3882788420,-0.6417130232,-0.7494724989,-0.1627738923,1,-213.9,91.0,2450.1,1,-0.3592033386,0.6276699305,-0.6906543374,-0.8970101476,-0.0279508587,0.4411253333,0.2575767338,0.7779776454,0.5730663538,0,-449.0,183.1,2824.0,1,0.2627245486,0.6276699305,-0.7328070998,-0.9331186414,-0.0279508587,-0.3584805727,-0.2454900593,0.7779776454,0.5783471465,0,-547.3,-62.5,2894.5,0,-0.1766329259,-0.1669531167,-0.9700141549,-0.1861378551,0.9733925462,-0.1336401552,0.9665161967,0.1569510996,-0.2030094713,1,-411.4,-158.9,2506.4,1,-0.1766329259,0.4051188529,-0.8970392942,-0.1861378551,0.8811753988,0.4346062243,0.9665161967,0.2437387407,-0.0802366436,1,-345.2,-544.8,2444.1,1,0.2424277514,-0.1265146285,0.9618850350,-0.0143741500,0.9908836484,0.1339515150,-0.9700629711,-0.0462998450,0.2383991480,0,-450.7,-192.6,2683.7,1,0.2421003431,-0.1293756962,0.9615868926,-0.0118613513,0.9906013012,0.1362657696,-0.9701787233,-0.0443957075,0.2382903397,0,-400.4,-586.1,2702.1,0,-109.9,263.4,2618.6,1,-473.5,-324.9,2825.5,0,-499.8,-881.2,2351.1,1,-351.2,-963.3,2719.0,0,
9,-0.3343790174,0.0488245226,-0.9411731362,-0.2483841479,0.9587835073,0.1379837543,0.9091182351,0.2799113691,-0.3084698617,1,-393.9,406.1,2758.8,1,-0.3343790174,0.0488245226,-0.9411731362,-0.2483841479,0.9587835073,0.1379837543,0.9091182351,0.2799113691,-0.3084698617,1,-403.6,214.4,2702.8,1,-0.3328411281,0.0389267094,-0.9421791434,-0.2145840526,0.9698076844,0.1158737391,0.9182431698,0.2407441586,-0.3144388199,1,-411.3,21.7,2655.1,1,-0.6449365616,0.1813595742,-0.7424052358,0.6274214983,0.6802989244,-0.3788609505,0.4363474250,-0.7101422548,-0.5525385737,1,-355.1,245.6,2569.1,1,-0.3678271472,0.1813595742,0.9120371938,-0.6227781177,0.6802989244,-0.3864463270,-0.6905437112,-0.7101422548,-0.1372856498,1,-201.3,96.0,2465.0,1,-0.3723280132,0.5955585241,-0.7118158937,-0.8990263939,-0.0409694649,0.4359736741,0.2304851264,0.8022664785,0.5506768823,0,-452.1,183.1,2836.6,1,0.2698228955,0.5955585241,-0.7566410303,-0.9304739237,-0.0409694649,-0.3640601635,-0.2478183210,0.8022664785,0.5430971384,0,-554.1,-63.2,2899.7,0,-0.1794271320,-0.1741911620,-0.9682269096,-0.1845972538,0.9726787210,-0.1407833993,0.9662969112,0.1534716636,-0.2066801637,1,-396.8,-155.6,2513.2,1,-0.1794271320,0.4051640630,-0.8964641690,-0.1845972538,0.8812002540,0.4352125227,0.9662969112,0.2435737550,-0.0833190680,1,-327.7,-541.7,2452.3,1,0.2811469734,-0.1238001883,0.9516459107,0.0004586961,0.9916613698,0.1288703084,-0.9596646428,-0.0357949808,0.2788593471,0,-449.3,-190.6,2691.2,1,0.2809812427,-0.1252244264,0.9515084624,0.0017727183,0.9915168285,0.1299662888,-0.9597116113,-0.0348313376,0.2788196206,0,-400.1,-584.5,2705.4,0,-102.2,263.8,2651.1,1,-478.2,-324.8,2830.1,0,-482.4,-878.2,2359.3,1,-352.4,-962.8,2718.7,0,
10,-0.3296337724,0.0382184274,-0.9433349967,-0.2884624004,0.9473218918,0.1391786635,0.8989610672,0.3179946542,-0.3012447059,1,-391.7,407.4,2779.3,1,-0.3296337724,0.0382184274,-0.9433349967,-0.2884624004,0.9473218918,0.1391786635,0.8989610672,0.3179946542,-0.3012447059,1,-399.3,217.4,2715.5,1,-0.3282092810,0.0304507483,-0.9441140890,-0.2488671839,0.9613810182,0.1175231785,0.9112319946,0.2735311985,-0.3079559803,1,-405.3,26.5,2661.2,1,-0.6168960333,0.2194166332,-0.7558410168,0.6568082571,0.6726493239,-0.3408017159,0.4336383939,-0.7066818476,-0.5590693355,1,-351.5,253.7,2582.7,1,-0.3888841271,0.2194166332,0.8947767615,-0.6040059924,0.6726493239,-0.4274572134,-0.6956622005,-0.7066818476,-0.1290536821,1,-200.4,92.8,2476.5,1,-0.3637985289,0.5980110168,-0.7141662836,-0.9095438123,-0.0626575723,0.4108577669,0.2009495497,0.7990349531,0.5667119622,0,-447.2,181.1,2848.4,1,0.2780676186,0.5980110168,-0.7517055273,-0.9187976718,-0.0626575723,-0.3897241354,-0.2801593840,0.7990349531,0.5320280790,0,-546.8,-68.1,2903.4,0,-0.2578739822,-0.1948948801,-0.9463176131,-0.1913754046,0.9703413844,-0.1476923227,0.9470356107,0.1430159062,-0.2875238955,1,-388.4,-151.4,2523.3,1,-0.2578739822,0.3786473572,-0.8888909817,-0.1913754046,0.8817611337,0.4311296344,0.9470356107,0.2812889814,-0.1549194604,1,-311.0,-536.7,2466.5,1,0.2782865763,-0.1342359632,0.9510716796,0.0367939286,0.9909489751,0.1290982962,-0.9597930908,-0.0009326556,0.2807068527,0,-441.4,-187.2,2690.3,1,0.2781941295,-0.1349510700,0.9509974718,0.0374731906,0.9908521771,0.1296446472,-0.9597936273,-0.0004294672,0.2807062864,0,-388.1,-580.7,2690.6,0,-95.2,256.2,2664.6,1,-468.7,-326.3,2824.7,0,-455.5,-873.2,2359.1,1,-336.6,-958.8,2690.8,0,
11,-0.3971614540,0.0317969956,-0.9171977639,-0.3162168860,0.9334604740,0.1692878157,0.8615507483,0.3572680354,-0.3606797755,1,-385.5,411.2,2788.0,1,-0.3971614540,0.0317969956,-0.9171977639,-0.3162168860,0.9334604740,0.1692878157,0.8615507483,0.3572680354,-0.3606797755,1,-391.9,224.3,2716.5,1,-0.3961462975,0.0220326353,-0.9179230332,-0.2807179689,0.9489377141,0.1439259946,0.8742228150,0.3146932423,-0.3697332144,1,-396.0,36.0,2654.1,1,-0.5675507188,0.2966810167,-0.7680276632,0.7198548913,0.6315640211,-0.2879858911,0.3996187150,-0.7163150907,-0.5720118880,1,-334.3,265.1,2589.3,1,-0.3928569555,0.2966810167,0.8704273701,-0.6029618979,0.6315640211,-0.4874052107,-0.6943344474,-0.7163150907,-0.0692269728,1,-197.3,91.4,2492.9,1,-0.3868990541,0.5377340317,-0.7491002679,-0.9120230675,-0.1032485291,0.3969303370,0.1360994577,0.8367686868,0.5303726196,0,-449.6,183.5,2843.6,1,0.2873955667,0.5377340317,-0.7926196456,-0.9105862379,-0.1032485291,-0.4002155364,-0.2970463336,0.8367686868,0.4599800408,0,-555.3,-65.9,2880.8,0,-0.3619834483,-0.2047280222,-0.9094253182,-0.1716562063,0.9735412002,-0.1508364230,0.9162434936,0.1015082076,-0.3875486255,1,-381.3,-141.7,2523.5,1,-0.3619834483,0.3170540333,-0.8766098022,-0.1716562063,0.9016296864,0.3969862461,0.9162434936,0.2941779494,-0.2719507217,1,-300.0,-528.1,2483.2,1,0.3534595072,-0.0996264517,0.9301295280,0.0167462938,0.9948271513,0.1001924574,-0.9352999330,-0.0198377557,0.3532994986,1,-437.4,-185.5,2689.8,1,0.3532822132,0.0116571710,0.9354441762,-0.0254413318,0.9996722341,-0.0028493202,-0.9351707697,-0.0227923319,0.3534629941,1,-397.9,-580.4,2697.7,1,-92.9,251.5,2677.3,1,-474.6,-321.8,2797.3,0,-420.9,-871.6,2371.1,1,-402.3,-957.9,2706.3,1,
12,-0.3886740804,0.0239192452,-0.9210647941,-0.3346722126,0.9277200103,0.1653182060,0.8584445119,0.3725096881,-0.3525756299,1,-380.5,407.9,2790.9,1,-0.3886740804,0.0239192452,-0.9210647941,-0.3346722126,0.9277200103,0.1653182060,0.8584445119,0.3725096881,-0.3525756299,1,-385.3,222.3,2716.4,1,-0.3881854415,0.0085051404,-0.9215420485,-0.3064973354,0.9418442845,0.1377998143,0.8691210747,0.3359420598,-0.3630034328,1,-386.9,35.3,2649.7,1,-0.6007322073,0.3143545389,-0.7350524068,0.7169056535,0.6187193990,-0.3212982714,0.3537895977,-0.7199774384,-0.5970472097,1,-328.7,267.0,2589.7,1,-0.3620127738,0.3143545389,0.8775693774,-0.6229819655,0.6187193990,-0.4786227942,-0.6934264302,-0.7199774384,-0.0281471144,1,-185.6,96.1,2505.4,1,-0.3729322851,0.5428042412,-0.7525191903,-0.9204278588,-0.1139846891,0.3739252090,0.1171925217,0.8320884109,0.5421206951,0,-441.9,177.7,2843.0,1,0.2999835014,0.5428042412,-0.7844574451,-0.8990789056,-0.1139846891,-0.4226873219,-0.3188526034,0.8320884109,0.4538303018,0,-544.0,-74.3,2875.1,0,-0.6116514206,-0.1888178289,-0.7682644725,-0.1215621531,0.9819995761,-0.1445665658,0.7817321420,0.0049675344,-0.6235945821,1,-363.8,-126.8,2511.9,1,-0.6116514206,0.2524368465,-0.7497720718,-0.1215621531,0.9064821601,0.4043670893,0.7817321420,0.3384756148,-0.5237643719,1,-289.2,-514.9,2509.9,1,0.3605240285,-0.0829486772,0.9290543199,-0.0683347359,0.9910125136,0.1149981096,-0.9302434325,-0.1049462631,0.3516155481,1,-434.2,-177.2,2671.3,1,0.3717195094,0.0666146129,0.9259520173,0.0559408516,0.9940024018,-0.0939674973,-0.9266580939,0.0867280960,0.3657636046,1,-401.4,-569.3,2712.8,1,-90.3,260.0,2687.8,1,-459.7,-327.0,2785.5,0,-385.2,-859.8,2381.2,1,-426.5,-944.1,2680.1,1,
13,-0.3977144361,0.0206042249,-0.9172778726,-0.3164047003,0.9353404641,0.1581970751,0.8612266183,0.3531483114,-0.3654791117,1,-377.0,406.7,2795.3,1,-0.3977144361,0.0206042249,-0.9172778726,-0.3164047003,0.9353404641,0.1581970751,0.8612266183,0.3531483114,-0.3654791117,1,-381.1,219.1,2724.5,1,-0.3972465694,0.0099758673,-0.9176576734,-0.2875862718,0.9482207298,0.1348018795,0.8714868426,0.3174553514,-0.3738085032,1,-383.0,30.7,2661.5,1,-0.6402598619,0.2680346966,-0.7198782563,0.6812254786,0.6311771274,-0.3708737195,0.3549636602,-0.7278549671,-0.5867094398,1,-323.1,261.0,2597.4,1,-0.3446558714,0.2680346966,0.8996497989,-0.6426782608,0.6311771274,-0.4342581034,-0.6842346191,-0.7278549671,-0.0452788323,1,-172.5,100.7,2513.8,1,-0.3787388206,0.5350235105,-0.7551865578,-0.9160256386,-0.1002244726,0.3883967698,0.1321132183,0.8388712406,0.5280541778,0,-439.1,177.1,2851.6,1,0.2983423769,0.5350235105,-0.7904060483,-0.9065514803,-0.1002244726,-0.4100236893,-0.2985903323,0.8388712406,0.4551251531,0,-542.8,-73.8,2887.8,0,-0.6210705638,-0.1715259999,-0.7647550106,-0.0923006833,0.9849752784,-0.1459599882,0.7783007026,-0.0200640447,-0.6275711060,1,-352.9,-123.6,2503.5,1,-0.6260753274,0.1803357899,-0.7586228848,-0.1172818020,0.9400442839,0.3202525079,0.7708921432,0.2894748449,-0.5673884749,1,-284.9,-513.8,2511.5,1,0.3684833944,-0.0397060513,0.9287859797,-0.0902844965,0.9928361177,0.0782633871,-0.9252398014,-0.1126937345,0.3622587919,1,-422.9,-179.3,2662.4,1,0.3766172528,0.0761030838,0.9232376814,-0.0028065969,0.9967089891,-0.0810144767,-0.9263647199,0.0279202927,0.3755913973,1,-407.2,-572.6,2707.0,1,-82.6,268.2,2692.2,1,-459.0,-328.7,2803.9,0,-353.4,-870.7,2401.6,1,-436.0,-950.3,2696.5,1,
14,-0.4567329884,0.0363316908,-0.8888616562,-0.2940429449,0.9368417263,0.1893839687,0.8396033049,0.3478613794,-0.4172034562,1,-369.4,412.5,2798.0,1,-0.4567329884,0.0363316908,-0.8888616562,-0.2940429449,0.9368417263,0.1893839687,0.8396033049,0.3478613794,-0.4172034562,1,-376.7,223.9,2728.0,1,-0.4560088813,0.0157101545,-0.8898365498,-0.2677752674,0.9510915875,0.1540167034,0.8487356901,0.3085092008,-0.4294994473,1,-379.9,35.0,2666.7,1,-0.7063081861,0.2447444797,-0.6642506123,0.6237659454,0.6588577032,-0.4205027819,0.3347308636,-0.7113415003,-0.6180198789,1,-310.3,262.9,2604.4,1,-0.2449627519,0.2447444797,0.9381329417,-0.6678354144,0.6588577032,-0.3462692499,-0.7028435469,-0.7113415003,0.0020534506,1,-143.9,115.9,2525.6,1,-0.4095329940,0.4812199175,-0.7750549316,-0.9047619104,-0.1052843630,0.4126996994,0.1169981584,0.8702543378,0.4785068929,0,-443.2,184.9,2851.7,1,0.2910391390,0.4812199175,-0.8268758059,-0.9172587991,-0.1052843630,-0.3841243684,-0.2719053924,0.8702543378,0.4107613266,0,-555.3,-62.9,2883.7,0,-0.6628108025,-0.1551201195,-0.7325432301,-0.1067047790,0.9878894091,-0.1126437858,0.7411450148,0.0035043401,-0.6713358164,1,-348.6,-131.2,2518.6,1,-0.6661564112,0.0798729137,-0.7415227294,-0.1418052018,0.9625469446,0.2310729772,0.7322068810,0.2590825260,-0.6298803687,1,-287.0,-523.1,2517.2,1,0.4197504818,-0.0211402625,0.9073933363,-0.0452039279,0.9980011582,0.0441620797,-0.9065131545,-0.0595547967,0.4179558456,1,-420.8,-183.7,2678.2,1,0.4235270321,0.0837356746,0.9020050764,-0.0045011314,0.9959009290,-0.0903388336,-0.9058722854,0.0342008956,0.4221678674,1,-412.5,-579.1,2701.8,1,-79.2,292.2,2711.0,1,-473.5,-320.7,2807.3,0,-315.8,-870.1,2423.8,1,-440.6,-914.2,2690.3,1,
15,-0.5019838214,0.0324691646,-0.8642673492,-0.2807467580,0.9390641451,0.1983425170,0.8180424571,0.3422049880,-0.4622794092,1,-362.6,413.3,2798.4,1,-0.5019838214,0.0324691646,-0.8642673492,-0.2807467580,0.9390641451,0.1983425170,0.8180424571,0.3422049880,-0.4622794092,1,-369.1,225.4,2729.9,1,-0.5015400052,0.0103878044,-0.8650720716,-0.2611687481,0.9514585137,0.1628420651,0.8247718215,0.3076016009,-0.4744815528,1,-371.2,36.4,2668.8,1,-0.7249217629,0.2309582233,-0.6489582062,0.6036643982,0.6667825580,-0.4370243847,0.3317796290,-0.7085614204,-0.6227864623,1,-296.0,263.5,2609.8,1,-0.1910815239,0.2309582233,0.9540157914,-0.6829839945,0.6667825580,-0.2982178628,-0.7049969435,-0.7085614204,0.0303309448,1,-129.9,125.1,2533.7,1,-0.4247151315,0.4351271093,-0.7939026952,-0.9000763893,-0.1086386368,0.4219716787,0.0973628163,0.8937908411,0.4377881289,0,-442.2,187.3,2850.1,1,0.2944182158,0.4351271093,-0.8508715034,-0.9209526181,-0.1086386368,-0.3742243648,-0.2552726865,0.8937908411,0.3687462807,0,-558.6,-59.3,2876.8,0,-0.7008675337,-0.1286473274,-0.7015942931,-0.0977223888,0.9916445017,-0.0842110217,0.7065656781,0.0095407041,-0.7075831890,1,-341.3,-129.4,2527.8,1,-0.7019307613,-0.0041793808,-0.7122328877,-0.1578347385,0.9760332108,0.1498243660,0.6945368052,0.2175814360,-0.6857674122,1,-290.3,-523.0,2524.0,1,0.4646435678,-0.0297458228,0.8849980235,-0.0404726788,0.9976777434,0.0547821708,-0.8845723867,-0.0612724274,0.4623606503,1,-424.5,-178.3,2683.0,1,0.4714379311,0.0920259207,0.8770846725,0.0226195604,0.9929516912,-0.1163411215,-0.8816091418,0.0746868849,0.4660335183,1,-412.7,-574.2,2707.3,1,-77.7,311.5,2726.1,1,-475.8,-318.2,2805.0,0,-288.8,-866.4,2447.5,1,-441.9,-888.8,2683.6,1,
16,-0.5638337135,0.0372272097,-0.8250489235,-0.2405304909,0.9482762814,0.2071645409,0.7900865078,0.3152557611,-0.5257158279,1,-358.2,402.0,2785.6,1,-0.5638337135,0.0372272097,-0.8250489235,-0.2405304909,0.9482762814,0.2071645409,0.7900865078,0.3152557611,-0.5257158279,1,-365.6,212.8,2722.7,1,-0.5635231733,0.0150421644,-0.8259633183,-0.2292075753,0.9577316642,0.1738214493,0.7936658859,0.2872694731,-0.5362562537,1,-368.8,22.6,2665.6,1,-0.7599018812,0.1909938753,-0.6213457584,0.5557420850,0.6867192984,-0.4685801566,0.3371941447,-0.7013828754,-0.6279825568,1,-283.6,246.2,2607.3,1,-0.1632440686,0.1909938753,0.9679218531,-0.6823646426,0.6867192984,-0.2505896091,-0.7125516534,-0.7013828754,0.0182246119,1,-122.9,128.7,2536.0,1,-0.4545689523,0.3698545694,-0.8102929592,-0.8865201473,-0.0997154266,0.4518172741,0.0863079801,0.9237231612,0.3732110858,0,-447.6,179.5,2838.1,1,0.2852956057,0.3698545694,-0.8842024803,-0.9340007305,-0.0997154266,-0.3430735767,-0.2150559574,0.9237231612,0.3169960678,0,-572.1,-63.4,2861.8,0,-0.7488871217,-0.1010707542,-0.6549448967,-0.0727924779,0.9948668480,-0.0702938512,0.6586875916,-0.0049670981,-0.7524001002,1,-327.4,-128.8,2532.3,1,-0.7492157221,-0.0302510001,-0.6616348624,-0.1616703570,0.9770921469,0.1383965164,0.6422916055,0.2106555998,-0.7369435430,1,-287.3,-523.7,2534.3,1,0.5224794149,-0.0116754770,0.8525719643,-0.0360098667,0.9987120032,0.0357446074,-0.8518911600,-0.0493768230,0.5213859677,1,-419.1,-176.5,2683.2,1,0.5273001790,0.0886992440,0.8450366855,0.0113126747,0.9937152267,-0.1113643572,-0.8496037722,0.0682820752,0.5229828358,1,-414.4,-573.0,2702.8,1,-77.0,320.3,2736.1,1,-492.0,-325.8,2801.4,0,-276.6,-870.1,2459.6,1,-441.1,-872.1,2682.2,1,
17,-0.5953409672,0.0445000604,-0.8022398949,-0.2106978893,0.9548766017,0.2093253434,0.7753551006,0.2936502099,-0.5591010451,1,-356.3,399.5,2780.2,1,-0.5953409672,0.0445000604,-0.8022398949,-0.2106978893,0.9548766017,0.2093253434,0.7753551006,0.2936502099,-0.5591010451,1,-365.2,209.1,2721.6,1,-0.5951003432,0.0159792341,-0.8034924865,-0.2030632943,0.9643698931,0.1695758700,0.7775737047,0.2640745044,-0.5706520677,1,-368.5,17.5,2669.1,1,-0.7519806027,0.2064877748,-0.6260095835,0.5576080084,0.7057496905,-0.4370248020,0.3515658081,-0.6777021289,-0.6458492875,1,-278.5,238.7,2608.4,1,-0.1481159329,0.2064877748,0.9671734571,-0.6621008515,0.7057496905,-0.2520709932,-0.7346319556,-0.6777021289,0.0321829580,1,-118.2,119.8,2533.5,1,-0.4685451090,0.3342838883,-0.8177528977,-0.8786905408,-0.0804900452,0.4705573916,0.0914787799,0.9390290976,0.3314453065,0,-451.9,179.4,2834.8,1,0.2820807695,0.3342838883,-0.8992689848,-0.9421287775,-0.0804900452,-0.3254453838,-0.1811733544,0.9390290976,0.2922337651,0,-580.3,-61.4,2859.9,0,-0.7695494890,-0.1002371237,-0.6306711435,-0.0892654881,0.9947925806,-0.0491871797,0.6323173642,0.0184452031,-0.7744898200,1,-320.4,-146.7,2536.1,1,-0.7691461444,-0.0308648311,-0.6383271813,-0.1519750953,0.9790130258,0.1357830167,0.6207396984,0.2014468163,-0.7576947808,1,-280.6,-541.7,2528.7,1,0.5527476668,-0.0178232752,0.8331580162,-0.0258709192,0.9989223480,0.0385330953,-0.8329470158,-0.0428536423,0.5516909361,1,-423.3,-188.6,2681.0,1,0.5549213290,0.0885143504,0.8271804452,-0.0030856463,0.9945355654,-0.1043525338,-0.8318970799,0.0553550608,0.5521621108,1,-416.2,-585.4,2698.0,1,-76.3,307.4,2741.5,1,-501.1,-326.0,2809.0,0,-270.3,-867.6,2461.7,1,-441.2,-866.1,2682.4,1,
18,-0.6020741463,0.0292481706,-0.7979043126,-0.2116993815,0.9577147961,0.1948480755,0.7698637247,0.2862288356,-0.5704234838,1,-352.9,400.6,2779.5,1,-0.6020741463,0.0292481706,-0.7979043126,-0.2116993815,0.9577147961,0.1948480755,0.7698637247,0.2862288356,-0.5704234838,1,-358.8,208.5,2722.1,1,-0.6015917063,0.0129839331,-0.7986982465,-0.1896898299,0.9689451456,0.1586287916,0.7759543657,0.2469346821,-0.5804464221,1,-361.5,16.1,2673.0,1,-0.7360152006,0.2360389829,-0.6344818473,0.5828643441,0.6976490617,-0.4165992439,0.3443120122,-0.6764402390,-0.6510590315,1,-271.0,236.2,2608.9,1,-0.1224247143,0.2360389829,0.9640009403,-0.6692138910,0.6976490617,-0.2558096051,-0.7329154015,-0.6764402390,0.0725510791,1,-108.8,107.8,2533.1,1,-0.4688384533,0.3264334500,-0.8207507133,-0.8771765232,-0.0629877746,0.4760188162,0.1036912054,0.9431191683,0.3158708513,0,-446.6,180.8,2835.2,1,0.2849770784,0.3264334500,-0.9012376070,-0.9447907209,-0.0629877746,-0.3215633929,-0.1617359966,0.9431191683,0.2904612422,0,-575.1,-59.6,2863.6,0,-0.7714775801,-0.0950216055,-0.6291210055,-0.1131000742,0.9935185909,-0.0113675511,0.6261236072,0.0623838231,-0.7772242427,1,-317.5,-155.4,2545.6,1,-0.7706301212,-0.0372548401,-0.6361927986,-0.1491324455,0.9811130762,0.1231933832,0.6195875406,0.1898135096,-0.7616312504,1,-279.7,-549.7,2520.8,1,0.5591795444,-0.0215364713,0.8287667632,-0.0045948601,0.9995666742,0.0290751159,-0.8290338516,-0.0200662781,0.5588383079,1,-426.3,-192.6,2687.7,1,0.5592438579,0.0821886361,0.8249189854,-0.0038187071,0.9953181744,-0.0965770632,-0.8289944530,0.0508600026,0.5569394231,1,-417.7,-589.7,2695.7,1,-74.0,298.1,2741.5,1,-495.0,-325.1,2818.2,0,-267.7,-865.9,2459.7,1,-440.5,-865.3,2681.6,1,
19,-0.5691537857,0.0429384559,-0.8211091757,-0.2045074105,0.9598605633,0.1919490099,0.7963923216,0.2771714032,-0.5375270247,1,-348.1,399.1,2780.1,1,-0.5691537857,0.0429384559,-0.8211091757,-0.2045074105,0.9598605633,0.1919490099,0.7963923216,0.2771714032,-0.5375270247,1,-356.7,207.0,2724.6,1,-0.5683069229,0.0263754707,-0.8223938346,-0.1809161603,0.9710214138,0.1561624557,0.8026809096,0.2375325263,-0.5470664501,1,-362.0,14.1,2677.5,1,-0.7522743940,0.2482711971,-0.6102824211,0.5765185356,0.6964244246,-0.4273399115,0.3189193904,-0.6733160019,-0.6670352221,1,-273.8,233.4,2607.6,1,-0.1012144834,0.2482711971,0.9633883238,-0.6726241708,0.6964244246,-0.2501394451,-0.7330295444,-0.6733160019,0.0965049714,1,-98.5,99.0,2533.3,1,-0.4660726786,0.3665312827,-0.8052521944,-0.8748831749,-0.0554075241,0.4811542928,0.1317410767,0.9287544489,0.3464959860,0,-439.6,180.6,2841.7,1,0.2753181458,0.3665312827,-0.8887377381,-0.9470608234,-0.0554075241,-0.3162368536,-0.1651534587,0.9287544489,0.3318727314,0,-567.3,-59.2,2877.8,0,-0.7430384159,-0.0794897303,-0.6645112634,-0.1192157418,0.9927617908,0.0145483045,0.6585449576,0.0900301561,-0.7471365929,1,-309.0,-159.0,2552.9,1,-0.7422499061,-0.0354703479,-0.6691837907,-0.1538387835,0.9809475541,0.1186404526,0.6522259712,0.1910072863,-0.7335649133,1,-277.5,-553.1,2517.2,1,0.5227178931,-0.0035909619,0.8524981737,0.0188695118,0.9997949004,-0.0073586153,-0.8522968888,0.0199327040,0.5226783752,1,-419.2,-193.8,2695.0,1,0.5196729898,0.0839851871,0.8502272964,-0.0226055365,0.9961599112,-0.0845834911,-0.8540661335,0.0247359108,0.5195759535,1,-417.8,-590.7,2687.1,1,-69.6,290.7,2742.2,1,-489.9,-325.5,2831.4,0,-266.2,-865.1,2456.4,1,-441.0,-865.2,2680.3,1,
20,-0.5967072248,0.0316119231,-0.8018361330,-0.2001004815,0.9617977738,0.1868282855,0.7771102190,0.2719295919,-0.5675861239,1,-346.0,399.8,2777.4,1,-0.5967072248,0.0316119231,-0.8018361330,-0.2001004815,0.9617977738,0.1868282855,0.7771102190,0.2719295919,-0.5675861239,1,-352.3,207.5,2723.1,1,-0.5960803628,0.0208425596,-0.8026542068,-0.1769956648,0.9716612697,0.1566746235,0.7831735015,0.2354569733,-0.5754991770,1,-356.5,14.4,2676.3,1,-0.7256110907,0.2750124931,-0.6307588220,0.6073565483,0.6868280768,-0.3992307782,0.3234294057,-0.6727817655,-0.6654007435,1,-265.4,233.3,2608.8,1,-0.0931775495,0.2750124931,0.9569149017,-0.6774302125,0.6868280768,-0.2633542418,-0.7296617031,-0.6727817655,0.1223048121,1,-98.5,93.6,2534.4,1,-0.4727570117,0.3342392445,-0.8153434396,-0.8732278347,-0.0535724796,0.4843585193,0.1182116568,0.9409644604,0.3171937764,0,-439.3,181.6,2837.3,1,0.2782658637,0.3342392445,-0.9004733562,-0.9482672811,-0.0535724796,-0.3129203618,-0.1528308541,0.9409644604,0.3020407557,0,-568.9,-57.7,2869.7,0,-0.7638239264,-0.0916779116,-0.6388803720,-0.1355821937,0.9905651808,0.0199536234,0.6310233474,0.1018618569,-0.7690472603,1,-315.2,-162.3,2556.9,1,-0.7632809877,-0.0420396291,-0.6446974277,-0.1502727717,0.9820644855,0.1138746962,0.6283472180,0.1837988645,-0.7559085488,1,-278.8,-555.7,2516.4,1,0.5516787171,-0.0041160751,0.8340465426,0.0515726805,0.9982426763,-0.0291862693,-0.8324607015,0.0591154583,0.5509214997,1,-419.2,-195.4,2703.8,1,0.5464846492,0.0809277371,0.8335497379,-0.0425309800,0.9967175722,-0.0688855872,-0.8363884091,0.0021932295,0.5481327772,1,-417.6,-591.6,2680.4,1,-72.7,280.7,2735.9,1,-490.7,-324.4,2826.7,0,-265.5,-865.2,2458.5,1,-439.9,-865.9,2679.8,1,
21,-0.5730822086,0.0352985486,-0.8187373281,-0.2116007358,0.9588190317,0.1894496977,0.7917082310,0.2818156779,-0.5420129299,1,-339.9,401.9,2779.1,1,-0.5730822086,0.0352985486,-0.8187373281,-0.2116007358,0.9588190317,0.1894496977,0.7917082310,0.2818156779,-0.5420129299,1,-346.9,210.8,2722.9,1,-0.5726229548,0.0117378123,-0.8197348118,-0.1927677542,0.9699354172,0.1485457867,0.7968334556,0.2430791557,-0.5531445742,1,-349.3,18.1,2674.6,1,-0.7223912477,0.2887445986,-0.6283131838,0.6158696413,0.6818181276,-0.3947513998,0.3144129813,-0.6721239686,-0.6703684330,1,-263.4,239.0,2606.7,1,-0.0839617550,0.2887445986,0.9537174702,-0.6812880039,0.6818181276,-0.2664032578,-0.7271843553,-0.6721239686,0.1394715905,1,-97.4,97.5,2534.5,1,-0.4559203088,0.3594873250,-0.8141900897,-0.8814922571,-0.0560487024,0.4688602984,0.1229150444,0.9314652085,0.3424390256,0,-430.5,182.7,2839.2,1,0.2890236378,0.3594873250,-0.8872621655,-0.9424204230,-0.0560487024,-0.3297002614,-0.1682529598,0.9314652085,0.3225888014,0,-555.4,-58.9,2872.9,0,-0.7478134036,-0.0645453259,-0.6607639790,-0.1186999306,0.9922250509,0.0374141298,0.6532116532,0.1064114198,-0.7496606708,1,-306.1,-162.4,2557.9,1,-0.7463657260,-0.0504599102,-0.6636203527,-0.1594015956,0.9816530347,0.1046347693,0.6461650729,0.1838779449,-0.7407155633,1,-280.4,-556.5,2515.6,1,0.5290155411,0.0075089843,0.8485789299,0.0499048121,0.9979549646,-0.0399421304,-0.8471434712,0.0634781793,0.5275589824,1,-415.2,-194.9,2701.3,1,0.5243455172,0.0737592727,0.8483049870,-0.0465195365,0.9972347617,-0.0579543971,-0.8502339125,-0.0090746265,0.5263268352,1,-418.2,-591.2,2676.1,1,-74.3,284.9,2734.5,1,-474.2,-323.9,2825.6,0,-264.5,-865.7,2457.7,1,-438.5,-864.8,2678.6,1,
22,-0.5614015460,0.0362168811,-0.8267506361,-0.2157281637,0.9580940604,0.1884598434,0.7989303470,0.2841550410,-0.5300624967,1,-333.6,407.3,2778.4,1,-0.5614015460,0.0362168811,-0.8267506361,-0.2157281637,0.9580940604,0.1884598434,0.7989303470,0.2841550410,-0.5300624967,1,-340.8,216.9,2722.0,1,-0.5610952973,0.0091752261,-0.8277003765,-0.2027345747,0.9679598808,0.1481631249,0.8025401831,0.2509371042,-0.5412576199,1,-342.6,24.6,2672.1,1,-0.6982682347,0.3231146038,-0.6387631893,0.6469764113,0.6667338014,-0.3699831665,0.3063380718,-0.6716122031,-0.6746065617,1,-258.9,246.5,2604.8,1,-0.0861192048,0.3231146038,0.9424332380,-0.6860194206,0.6667338014,-0.2912788689,-0.7224685550,-0.6716122031,0.1642443240,1,-98.9,98.3,2534.6,1,-0.4492130578,0.3718706965,-0.8123545051,-0.8851090074,-0.0614675097,0.4613066614,0.1216130182,0.9262472391,0.3567580879,0,-422.7,187.3,2839.1,1,0.2924973071,0.3718706965,-0.8809980154,-0.9392185807,-0.0614675097,-0.3377724588,-0.1797604412,0.9262472391,0.3312887549,0,-545.9,-55.4,2872.5,0,-0.7400004268,-0.0496058725,-0.6707746387,-0.1045572385,0.9936373234,0.0418652594,0.6644299626,0.1011146531,-0.7404786944,1,-299.2,-156.9,2553.4,1,-0.7387732267,-0.0430605635,-0.6725770831,-0.1535840929,0.9824551940,0.1058001444,0.6562210321,0.1814594567,-0.7324250340,1,-279.5,-551.6,2513.2,1,0.5169182420,0.0386229008,0.8551630378,0.0229529981,0.9979971051,-0.0589482561,-0.8557270169,0.0500999838,0.5149964094,1,-404.1,-192.2,2699.3,1,0.5144095421,0.0704051107,0.8546496034,-0.0190659929,0.9973166585,-0.0706821382,-0.8573327065,0.0200648215,0.5143715143,1,-419.4,-588.5,2679.4,1,-75.1,287.3,2733.7,1,-463.6,-319.5,2821.9,0,-265.8,-863.1,2455.7,1,-439.0,-865.3,2673.9,1,
23,-0.5486720800,0.0161338449,-0.8358819485,-0.2335117012,0.9570654631,0.1717497259,0.8027647138,0.2894225121,-0.5213476419,1,-330.0,413.0,2779.6,1,-0.5486720800,0.0161338449,-0.8358819485,-0.2335117012,0.9570654631,0.1717497259,0.8027647138,0.2894225121,-0.5213476419,1,-333.2,222.4,2722.0,1,-0.5485236645,-0.0039940909,-0.8361254930,-0.2099706829,0.9686027765,0.1331202090,0.8093417883,0.2485814244,-0.5321401954,1,-332.4,29.9,2672.5,1,-0.6942716837,0.3748469353,-0.6143912673,0.6566926241,0.6792672276,-0.3276444077,0.2945193350,-0.6309404373,-0.7177551985,1,-253.1,253.0,2603.8,1,-0.0715802982,0.3748469353,0.9243192077,-0.6573254466,0.6792672276,-0.3263729513,-0.7501996756,-0.6309404373,0.1977742612,1,-95.7,104.1,2537.0,1,-0.4331313074,0.3833937645,-0.8157244921,-0.8920776844,-0.0529990308,0.4487633407,0.1288204640,0.9220630527,0.3649725616,0,-413.3,191.7,2840.1,1,0.3060529232,0.3833937645,-0.8714016676,-0.9346539378,-0.0529990308,-0.3515865207,-0.1809795201,0.9220630527,0.3421199918,0,-532.0,-52.9,2875.5,0,-0.7317230701,-0.0348560847,-0.6807101965,-0.0924079865,0.9945438504,0.0484070145,0.6753088832,0.0983235911,-0.7309516668,1,-293.1,-149.1,2548.7,1,-0.7306340337,-0.0399221256,-0.6816011667,-0.1448484361,0.9846286774,0.0975977331,0.6672277451,0.1700370908,-0.7251858711,1,-279.2,-544.3,2509.6,1,0.5061941743,0.0494809560,0.8609988689,0.0146241244,0.9977167249,-0.0659357682,-0.8622955084,0.0459676571,0.5043147802,1,-395.9,-186.3,2695.8,1,0.5025092363,0.0889927223,0.8599795103,-0.0331046581,0.9959394336,-0.0837182328,-0.8639378548,0.0135998568,0.5034148097,1,-415.6,-582.6,2677.5,1,-75.9,286.5,2745.2,1,-446.0,-315.7,2824.6,0,-266.5,-858.9,2455.3,1,-440.8,-864.6,2673.7,1,
