1,0.8582974672,-0.0800069124,0.5068770647,-0.0478913151,0.9709706306,0.2343553603,-0.5109127760,-0.2254216224,0.8295500278,1,152.0,468.3,2276.3,1,0.8582974672,-0.0800069124,0.5068770647,-0.0478913151,0.9709706306,0.2343553603,-0.5109127760,-0.2254216224,0.8295500278,1,168.6,267.4,2323.0,1,0.8584650755,-0.0572483316,0.5096669197,-0.0502728559,0.9795719981,0.1947082430,-0.5104022026,-0.1927726418,0.8380503058,1,180.0,72.8,2361.2,1,0.1384249181,-0.8552131057,0.4994488358,0.8558088541,0.3570944369,0.3742657006,-0.4984273016,0.3756250143,0.7813296914,1,43.2,274.8,2397.5,1,0.5095978975,-0.8552131057,0.0944489390,0.7114552259,0.3570944369,-0.6052396297,0.4838816822,0.3756250143,0.7904203534,1,6.6,48.4,2529.4,1,-0.0631116182,0.2013343424,0.9774872661,-0.9877412319,0.1275161356,-0.0900383294,-0.1427732110,-0.9711869359,0.1908184886,1,294.0,260.1,2248.4,1,-0.9543877840,0.2013343424,0.2204732746,-0.1976294219,0.1275161356,-0.9719476700,-0.2238003463,-0.9711869359,-0.0819102526,1,278.6,19.8,2213.7,1,0.9580681920,0.0721382201,0.2773110271,-0.0614276677,0.9969981909,-0.0471304022,-0.2798784673,0.0281195696,0.9596235156,1,112.0,-116.3,2441.7,1,0.9611849785,0.0678052232,0.2674431503,-0.0254066344,0.9869651794,-0.1589157134,-0.2747323811,0.1459525824,0.9503788352,1,83.3,-512.4,2430.5,1,0.7779009938,0.1178231239,0.6172420382,-0.1295224279,0.9912361503,-0.0259783100,-0.6148934960,-0.0597381406,0.7863442898,1,269.4,-124.8,2348.1,1,0.7818399072,-0.0556612983,0.6209896803,0.0640924722,0.9979056120,0.0087516243,-0.6201761961,0.0329583995,0.7837698460,1,222.6,-518.6,2371.8,1,-131.2,-144.0,2398.5,1,9.0,-36.0,2150.5,1,61.6,-829.2,2383.7,1,240.8,-845.4,2361.0,1,
2,0.8901369572,-0.0951676294,0.4456447661,-0.0204546470,0.9686194062,0.2477054745,-0.4552337229,-0.2296073139,0.8602573872,1,148.3,465.1,2272.0,1,0.8901369572,-0.0951676294,0.4456447661,-0.0204546470,0.9686194062,0.2477054745,-0.4552337229,-0.2296073139,0.8602573872,1,168.0,263.9,2319.7,1,0.8903388977,-0.0760582909,0.4489006400,-0.0227492768,0.9772851467,0.2107040882,-0.4547297359,-0.1978102177,0.8683847189,1,183.1,69.8,2359.1,1,0.1293358207,-0.8582623601,0.4966467619,0.8177404404,0.3756088316,0.4361405075,-0.5608679056,0.3497195840,0.7504155040,1,38.3,267.2,2386.0,1,0.5129043460,-0.8582623601,0.0177450292,0.6513306499,0.3756088316,-0.6593074799,0.5591936111,0.3497195840,0.7516639829,1,4.2,51.3,2534.1,1,-0.0520101488,0.2208317220,0.9739241600,-0.9870234132,0.1369928271,-0.0837720260,-0.1519201547,-0.9656429291,0.2108410597,1,297.8,260.7,2253.4,1,-0.9517456889,0.2208317220,0.2131043375,-0.1860638559,0.1369928271,-0.9729405046,-0.2440498918,-0.9656429291,-0.0892935395,1,285.3,24.2,2217.0,1,0.9728538394,0.0823773518,0.2162623852,-0.0726770610,0.9959757328,-0.0524441153,-0.2197122872,0.0353031419,0.9749257565,1,112.6,-117.2,2446.3,1,0.9767506123,0.0572057813,0.2066053897,-0.0250642411,0.9876031280,-0.1549576968,-0.2129085958,0.1461766064,0.9660757184,1,79.9,-512.9,2432.3,1,0.8185332417,0.1156805605,0.5626911521,-0.1104357168,0.9929316044,-0.0434831418,-0.5637440085,-0.0265488047,0.8255227804,1,270.0,-126.4,2352.7,1,0.8195630312,-0.0377554856,0.5717437863,0.0032101411,0.9981136322,0.0613095462,-0.5729800463,-0.0484116599,0.8181382418,1,224.1,-520.7,2363.3,1,-133.4,-123.4,2384.2,1,16.4,-28.3,2148.1,1,61.4,-831.3,2385.2,1,237.5,-873.8,2380.4,1,
3,0.8838825226,-0.1040742323,0.4559826851,-0.0069592106,0.9718939066,0.2353164703,-0.4676571786,-0.2111653984,0.8583157659,1,145.3,464.9,2276.4,1,0.8838825226,-0.1040742323,0.4559826851,-0.0069592106,0.9718939066,0.2353164703,-0.4676571786,-0.2111653984,0.8583157659,1,166.9,263.7,2320.1,1,0.8840832710,-0.0859258622,0.4593620598,-0.0090210270,0.9796304107,0.2006063014,-0.4672423303,-0.1814965904,0.8652997017,1,183.9,69.1,2356.2,1,0.1362885535,-0.8582382202,0.4948257804,0.7905043960,0.3952660561,0.4678328335,-0.5970998406,0.3274016976,0.7323113084,1,37.9,265.0,2388.3,1,0.5109602809,-0.8582382202,-0.0484427176,0.5977899432,0.3952660561,-0.6974323988,0.6177108884,0.3274016976,0.7150114179,1,3.0,62.2,2541.4,1,-0.0590177849,0.2358304262,0.9700004458,-0.9857874513,0.1393359005,-0.0938542187,-0.1572895646,-0.9617533684,0.2242553681,1,295.9,262.4,2252.0,1,-0.9584924579,0.2358304262,0.1602380872,-0.1298346817,0.1393359005,-0.9816967249,-0.2538408637,-0.9617533684,-0.1029334441,1,281.7,25.3,2214.1,1,0.9683937430,0.0894798040,0.2328238040,-0.0839305818,0.9959031343,-0.0336536281,-0.2348812819,0.0130489264,0.9719364643,1,116.7,-122.3,2440.2,1,0.9733856320,0.0675878525,0.2189800590,-0.0313822664,0.9858312607,-0.1647783220,-0.2270144075,0.1535207629,0.9617150426,1,81.2,-517.9,2435.0,1,0.8062987328,0.1442637295,0.5736464858,-0.1357432157,0.9890486598,-0.0579351000,-0.5757222176,-0.0311556235,0.8170515299,1,279.6,-126.4,2356.9,1,0.8099107146,-0.0531693585,0.5841383934,0.0442346446,0.9985837340,0.0295613911,-0.5848827958,0.0018970658,0.8111155629,1,222.3,-519.1,2369.3,1,-133.7,-97.7,2376.2,1,11.1,-11.3,2142.5,1,59.7,-831.5,2386.1,1,239.9,-849.1,2368.7,1,
4,0.8892931342,-0.1085582525,0.4442666173,-0.0028207153,0.9700988531,0.2426936477,-0.4573289454,-0.2170789391,0.8623960614,1,141.7,464.4,2272.1,1,0.8892931342,-0.1085582525,0.4442666173,-0.0028207153,0.9700988531,0.2426936477,-0.4573289454,-0.2170789391,0.8623960614,1,164.1,264.7,2316.8,1,0.8894311190,-0.0906062275,0.4479986429,-0.0041708127,0.9785051942,0.2061799169,-0.4570501745,-0.1852513552,0.8699350953,1,182.0,70.2,2353.6,1,0.1139429659,-0.8435637951,0.5248020291,0.7876347899,0.3986572623,0.4697912335,-0.6055150032,0.3598228991,0.7098444104,1,34.2,265.2,2383.5,1,0.5294648409,-0.8435637951,-0.0898172110,0.5053289533,0.3986572623,-0.7653202415,0.6814027429,0.3598228991,0.6373521686,1,5.2,64.7,2537.7,1,-0.0941410363,0.1407668591,0.9855567813,-0.9813947082,0.1532739401,-0.1156355515,-0.1673378199,-0.9781062007,0.1237184703,1,293.9,264.1,2250.1,1,-0.9824598432,0.1407668591,0.1223004386,-0.1004151329,0.1532739401,-0.9830685854,-0.1571289450,-0.9781062007,-0.1364503652,1,270.8,23.4,2209.0,1,0.9707455635,0.0911402553,0.2221406698,-0.0874734521,0.9958193302,-0.0263111033,-0.2236099690,0.0061099767,0.9746595621,1,120.0,-124.7,2435.1,1,0.9750790596,0.0800874308,0.2068981975,-0.0452681631,0.9847726226,-0.1678500473,-0.2171903700,0.1543011665,0.9638565779,1,83.8,-520.4,2432.7,1,0.8101094961,0.1489571035,0.5670400262,-0.1570032239,0.9869788885,-0.0349670500,-0.5648651123,-0.0606999733,0.8229476810,1,281.9,-126.3,2349.5,1,0.8180752993,-0.0614811406,0.5718154311,0.0757027045,0.9971298575,-0.0010944594,-0.5701069236,0.0441833250,0.8203815818,1,222.8,-518.2,2373.6,1,-134.0,-68.2,2358.4,1,-6.4,-4.9,2164.7,1,58.6,-830.5,2384.1,1,242.3,-835.0,2359.6,1,
5,0.8920123577,-0.1063862294,0.4393129945,0.0045114406,0.9739547968,0.2266974151,-0.4519884586,-0.2002349645,0.8692596555,1,139.4,467.0,2276.9,1,0.8920123577,-0.1063862294,0.4393129945,0.0045114406,0.9739547968,0.2266974151,-0.4519884586,-0.2002349645,0.8692596555,1,161.3,266.4,2318.2,1,0.8921500444,-0.0905922502,0.4425621927,0.0031448887,0.9809070826,0.1944514662,-0.4517281950,-0.1720880866,0.8754012585,1,179.3,71.5,2352.4,1,0.1245504096,-0.8372401595,0.5324622989,0.7861215472,0.4106953740,0.4618898034,-0.6053925157,0.3610515296,0.7093248367,1,31.0,266.0,2384.1,1,0.5265420079,-0.8372401595,-0.1475886554,0.4272654355,0.4106953740,-0.8054648042,0.7349814773,0.3610515296,0.5739721656,1,-0.1,69.8,2535.2,1,-0.0864663348,0.1661579907,0.9823009372,-0.9823390245,0.1500039995,-0.1118431389,-0.1659327000,-0.9746231437,0.1502531767,1,291.6,266.9,2252.2,1,-0.9827474952,0.1661579907,0.0812337995,-0.0562304258,0.1500039995,-0.9870850444,-0.1761974692,-0.9746231437,-0.1380729228,1,270.2,24.7,2211.3,1,0.9723970294,0.0832180828,0.2179878801,-0.0806218609,0.9965278506,-0.0207932536,-0.2189613581,0.0026447098,0.9757299423,1,118.5,-123.8,2432.3,1,0.9752235413,0.0853983164,0.2040740103,-0.0525861755,0.9855334759,-0.1611161977,-0.2148808241,0.1463928372,0.9656062126,1,85.4,-519.8,2431.3,1,0.8115774989,0.1534852087,0.5637235045,-0.1617738903,0.9861852527,-0.0356075279,-0.5614010692,-0.0622974746,0.8251956701,1,281.5,-124.5,2348.6,1,0.8199141622,-0.0697059259,0.5682269335,0.0880806968,0.9961012602,-0.0049002273,-0.5656700134,0.0540675893,0.8228573203,1,220.5,-516.3,2373.3,1,-139.8,-43.5,2340.2,1,-8.1,8.8,2161.4,1,58.4,-832.3,2384.9,1,242.4,-828.8,2356.4,1,
6,0.8740282655,-0.1002537012,0.4754196107,-0.0179671347,0.9711429477,0.2378203571,-0.4855427742,-0.2164036334,0.8470051289,1,137.7,464.4,2273.3,1,0.8740282655,-0.1002537012,0.4754196107,-0.0179671347,0.9711429477,0.2378203571,-0.4855427742,-0.2164036334,0.8470051289,1,158.5,263.5,2318.1,1,0.8740143180,-0.0829277039,0.4787712693,-0.0178189985,0.9791955352,0.2021351308,-0.4855732918,-0.1852002293,0.8543532491,1,175.0,69.0,2354.9,1,0.1284179837,-0.8291190863,0.5441235304,0.7948505878,0.4141591787,0.4434915185,-0.5930610299,0.3755446076,0.7122112513,1,30.9,266.1,2388.9,1,0.5259392858,-0.8291190863,-0.1896034628,0.3499991596,0.4141591787,-0.8402218819,0.7751699686,0.3755446076,0.5080135465,1,0.1,75.6,2531.1,1,-0.0550546274,0.1765766442,0.9827460051,-0.9885220528,0.1290419549,-0.0785640553,-0.1406880319,-0.9757913947,0.1674455553,1,286.0,260.9,2247.3,1,-0.9831699133,0.1765766442,0.0468783453,-0.0240923632,0.1290419549,-0.9913464189,-0.1810978949,-0.9757913947,-0.1226160154,1,273.0,26.3,2213.9,1,0.9639641643,0.0755351633,0.2550833821,-0.0758534074,0.9970818758,-0.0086041363,-0.2549889386,-0.0110548660,0.9668807983,1,115.5,-123.6,2428.0,1,0.9670138955,0.0848287791,0.2401836514,-0.0457116738,0.9854030013,-0.1639858186,-0.2505884171,0.1475973725,0.9567760825,1,85.5,-519.8,2432.4,1,0.7911428809,0.1448810548,0.5942242742,-0.1562630534,0.9871759415,-0.0326420516,-0.5913330913,-0.0670307651,0.8036367297,1,279.1,-123.1,2345.2,1,0.7981228232,-0.0689788014,0.5985330939,0.0870107338,0.9962066412,-0.0012164917,-0.5961787105,0.0530497134,0.8010971546,1,221.5,-515.3,2371.8,1,-140.1,-17.7,2324.4,1,-8.0,19.4,2162.1,1,58.5,-833.4,2385.4,1,243.0,-826.5,2355.2,1,
7,0.8740394115,-0.1002095789,0.4754083455,-0.0248671863,0.9679891467,0.2497572601,-0.4852181971,-0.2301197648,0.8435687423,1,136.4,465.1,2270.6,1,0.8740394115,-0.1002095789,0.4754083455,-0.0248671863,0.9679891467,0.2497572601,-0.4852181971,-0.2301197648,0.8435687423,1,157.1,264.7,2318.2,1,0.8741301298,-0.0798252672,0.4790870547,-0.0258474108,0.9773580432,0.2100074887,-0.4850035012,-0.1959570348,0.8522748947,1,173.0,70.5,2357.2,1,0.1155696809,-0.8378384709,0.5335450768,0.7807840705,0.4086677134,0.4726171494,-0.6140194535,0.3619632721,0.7014005184,1,29.5,268.5,2389.0,1,0.4860534966,-0.8378384709,-0.2485532463,0.2565419972,0.4086677134,-0.8758863807,0.8354269266,0.3619632721,0.4135751426,1,1.8,81.5,2536.1,1,-0.0409204885,0.2026156336,0.9784029722,-0.9911978245,0.1151619628,-0.0653042868,-0.1259064823,-0.9724631906,0.1961196959,1,284.7,260.9,2247.4,1,-0.9791274667,0.2026156336,0.0160090532,0.0075899600,0.1151619628,-0.9933177233,-0.2031053454,-0.9724631906,-0.1142960861,1,275.0,24.8,2217.4,1,0.9648561478,0.0717826933,0.2527841628,-0.0678438842,0.9974005818,-0.0242756940,-0.2538696527,0.0062726936,0.9672181010,1,111.5,-123.9,2436.2,1,0.9679081440,0.0754015073,0.2397257388,-0.0350203849,0.9850887060,-0.1684452295,-0.2488521338,0.1546442211,0.9561159611,1,82.9,-520.2,2433.7,1,0.7947743535,0.1263693720,0.5936029553,-0.1370476782,0.9901880622,-0.0273035634,-0.5912289619,-0.0596517324,0.8042947054,1,271.6,-127.2,2347.3,1,0.7992087603,-0.0726940036,0.5966413617,0.0920380279,0.9957535267,-0.0019648089,-0.5939649343,0.0564839877,0.8025056124,1,221.4,-520.6,2371.0,1,-127.7,13.1,2313.5,1,-5.3,27.0,2159.3,1,59.1,-831.5,2384.9,1,243.6,-824.9,2353.7,1,
8,0.8836529851,-0.1027433202,0.4567288160,-0.0157679673,0.9685335159,0.2483831793,-0.4678768814,-0.2266862243,0.8542274833,1,133.9,463.9,2271.2,1,0.8836529851,-0.1027433202,0.4567288160,-0.0157679673,0.9685335159,0.2483831793,-0.4678768814,-0.2266862243,0.8542274833,1,155.1,263.8,2318.0,1,0.8838066459,-0.0832290500,0.4603897631,-0.0173759833,0.9775310159,0.2100741565,-0.4675295651,-0.1936646551,0.8625022173,1,171.7,69.5,2356.5,1,0.1574214697,-0.8687263131,0.4696094394,0.7668768167,0.4071505070,0.4961132705,-0.6221883893,0.2820337117,0.7303003669,1,26.1,266.3,2386.3,1,0.3783386052,-0.8687263131,-0.3196473718,0.1780078560,0.4071505070,-0.8958469033,0.9083904028,0.2820337117,0.3086808622,1,-10.7,87.1,2531.7,1,-0.0017257095,0.2309314162,0.9729685187,-0.9932898283,0.1121175140,-0.0283725373,-0.1156389192,-0.9664886594,0.2291883379,1,284.2,261.2,2249.7,1,-0.9729436636,0.2309314162,0.0071619377,0.0192981530,0.1121175140,-0.9935075641,-0.2302350849,-0.9664886594,-0.1135405749,1,283.8,27.1,2222.5,1,0.9701946378,0.0656246841,0.2332718968,-0.0599303208,0.9977078438,-0.0314233564,-0.2347993553,0.0165067110,0.9719036818,1,108.8,-121.3,2440.6,1,0.9722231627,0.0720756575,0.2226819545,-0.0360797867,0.9861841798,-0.1616757512,-0.2312583029,0.1491505951,0.9613915682,1,82.7,-517.8,2434.0,1,0.8065628409,0.1218825355,0.5784470439,-0.1357776076,0.9905495048,-0.0193924550,-0.5753440857,-0.0628989264,0.8154894114,1,269.0,-126.1,2351.7,1,0.8117465377,-0.0760587528,0.5790359378,0.1035627499,0.9945164919,-0.0145500898,-0.5747541189,0.0717775449,0.8151721954,1,220.6,-519.7,2376.7,1,-111.3,39.8,2290.1,1,7.0,32.6,2157.0,1,59.7,-832.5,2386.4,1,244.0,-825.7,2354.6,1,
9,0.8867822886,-0.1040521041,0.4503225088,-0.0250952765,0.9620516896,0.2717109323,-0.4615056217,-0.2522493899,0.8505191207,1,132.0,459.9,2262.5,1,0.8867822886,-0.1040521041,0.4503225088,-0.0250952765,0.9620516896,0.2717109323,-0.4615056217,-0.2522493899,0.8505191207,1,153.5,260.4,2314.8,1,0.8869088292,-0.0830929205,0.4544097781,-0.0264041554,0.9729622006,0.2294500768,-0.4611892104,-0.2154996097,0.8607348204,1,170.0,67.1,2357.6,1,0.2158976495,-0.8910469413,0.3992787898,0.7664279342,0.4080071151,0.4961032569,-0.6049598455,0.1989108771,0.7710110545,1,24.0,264.2,2382.1,1,0.2647072375,-0.8910469413,-0.3687348962,0.1110967398,0.4080071151,-0.9061940908,0.9579079151,0.1989108771,0.2069948465,1,-25.8,87.4,2521.7,1,0.0251370408,0.2558075190,0.9664008617,-0.9957996011,0.0915440172,0.0016699142,-0.0880410448,-0.9623836279,0.2570341825,1,283.1,256.5,2247.4,1,-0.9667243361,0.2558075190,-0.0025684878,0.0268684868,0.0915440172,-0.9954384565,-0.2544055283,-0.9623836279,-0.0953709856,1,288.8,28.6,2227.3,1,0.9723905921,0.0608916730,0.2252748609,-0.0543591268,0.9979045391,-0.0350939073,-0.2269397378,0.0218792409,0.9736630321,1,107.2,-123.1,2437.9,1,0.9732279181,0.0739265457,0.2176288664,-0.0438874476,0.9892118573,-0.1397633106,-0.2256132811,0.1264703721,0.9659730196,1,83.0,-519.6,2429.2,1,0.8121198416,0.1240874678,0.5701435804,-0.1343278438,0.9906397462,-0.0242670029,-0.5678181052,-0.0568784438,0.8211866021,1,269.3,-126.3,2352.2,1,0.8172088265,-0.0733472332,0.5716553926,0.0975989699,0.9951554537,-0.0118372822,-0.5680177808,0.0654665083,0.8204084039,1,219.9,-520.0,2374.8,1,-96.4,57.8,2266.3,1,16.4,36.2,2155.6,1,59.5,-833.8,2389.0,1,242.4,-825.3,2354.7,1,
10,0.8944280148,-0.1054395884,0.4346044362,-0.0163084548,0.9634721279,0.2673116624,-0.4469144940,-0.2461787611,0.8600369096,1,130.1,461.0,2264.6,1,0.8944280148,-0.1054395884,0.4346044362,-0.0163084548,0.9634721279,0.2673116624,-0.4469144940,-0.2461787611,0.8600369096,1,152.0,260.9,2315.8,1,0.8945299983,-0.0867200345,0.4385153651,-0.0173364356,0.9735327959,0.2278888524,-0.4466716349,-0.2114557028,0.8693508506,1,169.3,67.4,2357.8,1,0.2409266531,-0.9145843387,0.3247919679,0.7630063295,0.3853065372,0.5189992189,-0.5998129845,0.1227775961,0.7906643152,1,21.4,263.4,2381.0,1,0.1672737896,-0.9145843387,-0.3681778610,0.0840338320,0.3853065372,-0.9189543724,0.9823226333,0.1227775961,0.1413077116,1,-32.4,92.9,2515.0,1,0.0341242440,0.2664925456,0.9632326961,-0.9961156249,0.0873494670,0.0111226579,-0.0811737627,-0.9598706961,0.2684381306,1,282.7,258.3,2250.5,1,-0.9632954001,0.2664925456,-0.0323054977,0.0575174689,0.0873494670,-0.9945158958,-0.2622092068,-0.9598706961,-0.0994713232,1,290.6,27.5,2231.7,1,0.9755586386,0.0637927726,0.2102757245,-0.0596532226,0.9978811145,-0.0259772409,-0.2114873379,0.0127986968,0.9772969484,1,105.2,-123.8,2442.7,1,0.9778601527,0.0638142973,0.1992919743,-0.0306560658,0.9857781529,-0.1652319133,-0.2070018500,0.1554642022,0.9659094810,1,79.9,-520.3,2437.6,1,0.8226210475,0.1214167029,0.5554750562,-0.1225299910,0.9918354750,-0.0353384651,-0.5552305579,-0.0389921889,0.8307819366,1,267.9,-128.6,2358.1,1,0.8265344501,-0.0736541525,0.5580464602,0.0975869894,0.9951395392,-0.0131939705,-0.5543623567,0.0653633475,0.8297047615,1,219.6,-522.7,2373.6,1,-77.7,70.2,2249.2,1,21.8,43.6,2158.6,1,59.9,-829.2,2388.9,1,242.0,-824.4,2353.8,1,
11,0.8812639117,-0.1063880846,0.4604948163,-0.0238423590,0.9630876780,0.2681299746,-0.4720227122,-0.2472725511,0.8461979032,1,129.4,462.4,2266.2,1,0.8812639117,-0.1063880846,0.4604948163,-0.0238423590,0.9630876780,0.2681299746,-0.4720227122,-0.2472725511,0.8461979032,1,151.5,262.1,2317.6,1,0.8811467290,-0.0870050192,0.4647694230,-0.0226682052,0.9740225673,0.2253135890,-0.4722993076,-0.2090698034,0.8562844992,1,168.8,68.5,2359.2,1,0.2851813138,-0.9157854319,0.2828580141,0.7583385110,0.3960654140,0.5177401304,-0.5861691833,0.0668523163,0.8074258566,1,22.9,265.4,2386.6,1,0.1028689146,-0.9157854319,-0.3882718682,0.0703794211,0.3960654140,-0.9155211449,0.9922019839,0.0668523163,0.1051952690,1,-38.7,101.7,2513.1,1,0.0464124866,0.2592535615,0.9646934867,-0.9967614412,0.0755071193,0.0276633874,-0.0656693950,-0.9628531933,0.2619184256,1,280.2,258.8,2248.7,1,-0.9649061561,0.2592535615,-0.0417575538,0.0633530170,0.0755071193,-0.9951306581,-0.2548381686,-0.9628531933,-0.0892817751,1,290.8,29.7,2233.6,1,0.9698235989,0.0492706746,0.2387773395,-0.0462721772,0.9987639785,-0.0181504879,-0.2393764853,0.0065540238,0.9709047079,1,104.5,-124.4,2440.8,1,0.9698675275,0.0856269225,0.2280898988,-0.0457688496,0.9835705161,-0.1746258736,-0.2392951846,0.1589245647,0.9578521848,1,84.9,-521.3,2438.1,1,0.8058705926,0.1256264746,0.5786108971,-0.1246066540,0.9913300872,-0.0416868590,-0.5788313746,-0.0385045558,0.8145376444,1,268.5,-127.6,2358.9,1,0.8088521957,-0.0806066021,0.5824608803,0.1054111719,0.9943900704,-0.0087690875,-0.5784864426,0.0684907809,0.8128114343,1,218.6,-521.5,2374.2,1,-67.1,82.3,2238.4,1,24.8,47.1,2163.3,1,58.0,-830.9,2388.1,1,243.4,-827.5,2353.1,1,
12,0.8875234723,-0.1045403183,0.4487465322,-0.0208571218,0.9638080001,0.2657802999,-0.4602902234,-0.2452457994,0.8532217741,1,127.3,461.9,2267.5,1,0.8875234723,-0.1045403183,0.4487465322,-0.0208571218,0.9638080001,0.2657802999,-0.4602902234,-0.2452457994,0.8532217741,1,149.0,261.8,2318.4,1,0.8874498606,-0.0852064863,0.4529598057,-0.0201053917,0.9746712446,0.2227368653,-0.4604655206,-0.2067747265,0.8632587790,1,166.0,68.2,2359.5,1,0.2841835618,-0.9241997600,0.2551361918,0.7538158298,0.3798142672,0.5361928344,-0.5924536586,0.0399485044,0.8046134114,1,19.4,264.8,2385.6,1,0.0627722889,-0.9241997600,-0.3767152727,0.0478927307,0.3798142672,-0.9238221645,0.9968780875,0.0399485044,0.0681042597,1,-41.9,102.0,2513.5,1,0.0475243554,0.2524576187,0.9664401412,-0.9972444773,0.0671688318,0.0314930193,-0.0569640063,-0.9652737975,0.2549540997,1,278.6,258.9,2251.1,1,-0.9657593966,0.2524576187,-0.0597824231,0.0791261569,0.0671688318,-0.9945991039,-0.2470785975,-0.9652737975,-0.0848449320,1,289.5,30.2,2238.1,1,0.9726876616,0.0537925661,0.2257988602,-0.0507080741,0.9985242486,-0.0194423683,-0.2265114933,0.0074615264,0.9739798903,1,105.3,-122.9,2444.0,1,0.9736435413,0.0805656463,0.2133716643,-0.0398017876,0.9811965227,-0.1888628453,-0.2245754004,0.1753925085,0.9585422873,1,83.9,-519.7,2441.0,1,0.8135265112,0.1198080182,0.5690524578,-0.1233264431,0.9918334484,-0.0325106569,-0.5683003068,-0.0437309332,0.8216583133,1,266.9,-127.1,2357.4,1,0.8169937134,-0.0767476484,0.5715164542,0.1011444628,0.9948109388,-0.0109970411,-0.5677068233,0.0667902380,0.8205169439,1,219.2,-521.2,2374.8,1,-59.6,88.5,2232.8,1,25.9,51.8,2170.6,1,58.4,-830.7,2385.4,1,242.7,-824.8,2354.4,1,
13,0.9050007463,-0.0980794504,0.4139493704,-0.0160117783,0.9645170569,0.2635345757,-0.4251085520,-0.2451270670,0.8713182211,1,127.1,460.8,2269.1,1,0.9050007463,-0.0980794504,0.4139493704,-0.0160117783,0.9645170569,0.2635345757,-0.4251085520,-0.2451270670,0.8713182211,1,147.4,261.0,2319.9,1,0.9048693180,-0.0816727579,0.4177812040,-0.0145935342,0.9748938084,0.2221916765,-0.4254392982,-0.2071513236,0.8809595704,1,163.7,67.2,2361.1,1,0.2394436896,-0.9326710701,0.2697988451,0.7199721336,0.3569974303,0.5951411128,-0.6513884068,0.0517448597,0.7569779754,1,15.4,263.1,2382.0,1,0.0712292641,-0.9326710701,-0.3536256254,0.0416390561,0.3569974303,-0.9331768155,0.9965904951,0.0517448597,0.0642642081,1,-34.8,112.1,2518.6,1,0.0366513059,0.2485621274,0.9679222703,-0.9962078333,0.0855685547,0.0157483891,-0.0789092556,-0.9648289680,0.2507557273,1,279.5,258.8,2257.8,1,-0.9664773941,0.2485621274,-0.0643300861,0.0880645439,0.0855685547,-0.9924327135,-0.2411765605,-0.9648289680,-0.1045895815,1,287.9,30.4,2239.7,1,0.9807853699,0.0535564795,0.1875947416,-0.0503650755,0.9984942079,-0.0217410345,-0.1884766370,0.0118750641,0.9820058942,1,101.5,-123.7,2442.8,1,0.9816460013,0.0700194165,0.1773934066,-0.0391626619,0.9843496084,-0.1718198955,-0.1866478622,0.1617191136,0.9690250158,1,80.2,-520.5,2438.1,1,0.8349987864,0.1138877422,0.5383369327,-0.1239572242,0.9921310544,-0.0176235996,-0.5361078978,-0.0520150661,0.8425453901,1,264.2,-127.4,2358.3,1,0.8396807909,-0.0798548833,0.5371772647,0.1120547131,0.9933216572,-0.0274929870,-0.5313943624,0.0832785740,0.8430212140,1,219.0,-521.6,2379.0,1,-55.3,100.2,2232.6,1,26.2,54.2,2174.4,1,58.1,-832.1,2386.9,1,243.3,-824.3,2353.6,1,
14,0.9027411938,-0.1009136811,0.4181802869,-0.0146042574,0.9643465877,0.2642392218,-0.4299360812,-0.2446468472,0.8690816164,1,126.2,461.0,2268.4,1,0.9027411938,-0.1009136811,0.4181802869,-0.0146042574,0.9643465877,0.2642392218,-0.4299360812,-0.2446468472,0.8690816164,1,147.1,261.3,2319.1,1,0.9026837945,-0.0839266628,0.4220405817,-0.0140022403,0.9745467901,0.2237464041,-0.4300765991,-0.2078817636,0.8785324693,1,163.8,67.6,2360.4,1,0.2388169318,-0.9355300069,0.2602884471,0.7021889687,0.3515185118,0.6191650629,-0.6707437038,0.0349045731,0.7408674359,1,15.3,263.3,2381.9,1,0.0535809249,-0.9355300069,-0.3491599560,0.0435404629,0.3515185118,-0.9351678491,0.9976137877,0.0349045731,0.0595680997,1,-34.5,116.9,2521.8,1,0.0329699442,0.2454338223,0.9688525200,-0.9972465038,0.0725051314,0.0155688804,-0.0664256513,-0.9666981101,0.2471485138,1,278.9,259.2,2256.3,1,-0.9665513039,0.2454338223,-0.0744367987,0.0948728248,0.0725051314,-0.9928454757,-0.2382808179,-0.9666981101,-0.0933649316,1,286.5,30.2,2241.1,1,0.9798379540,0.0526069440,0.1927435249,-0.0498672202,0.9985743165,-0.0190416127,-0.1934704483,0.0090461113,0.9810643792,1,97.0,-125.2,2441.2,1,0.9815877080,0.0564102195,0.1824923903,-0.0248537175,0.9849941730,-0.1707886606,-0.1893881708,0.1631084383,0.9682601690,1,76.1,-522.0,2437.6,1,0.8334466815,0.1094335541,0.5416557789,-0.1140162051,0.9931588173,-0.0252161585,-0.5407096744,-0.0407412127,0.8402221203,1,262.8,-127.8,2363.2,1,0.8377676010,-0.0758125111,0.5407382846,0.1114217788,0.9932125807,-0.0333758779,-0.5345377922,0.0882112533,0.8405284882,1,219.3,-522.5,2379.4,1,-50.0,104.3,2233.9,1,26.5,55.8,2177.0,1,58.4,-830.8,2386.5,1,242.4,-824.5,2352.6,1,
15,0.9141846895,-0.0989668667,0.3930290937,0.0018427268,0.9707340598,0.2401499599,-0.4052936137,-0.2188171744,0.8876125813,1,127.0,460.6,2274.6,1,0.9141846895,-0.0989668667,0.3930290937,0.0018427268,0.9707340598,0.2401499599,-0.4052936137,-0.2188171744,0.8876125813,1,147.5,259.8,2319.9,1,0.9142894149,-0.0839340985,0.3962700665,0.0007270753,0.9786342978,0.2056073248,-0.4050609469,-0.1876964718,0.8948159814,1,164.2,65.4,2357.1,1,0.2478643209,-0.9397853017,0.2353017032,0.6975687146,0.3416710496,0.6298085451,-0.6722806096,0.0080320323,0.7402528524,1,14.0,259.8,2379.0,1,0.0154517507,-0.9397853017,-0.3414159417,0.0189998671,0.3416710496,-0.9396275282,0.9997000694,0.0080320323,0.0231352113,1,-37.5,114.9,2518.6,1,0.0086842766,0.2581415176,0.9660680890,-0.9969722033,0.0768910497,-0.0115838517,-0.0772722661,-0.9630424380,0.2580276430,1,280.9,259.9,2260.7,1,-0.9626745582,0.2581415176,-0.0813672319,0.1044266894,0.0768910497,-0.9915557504,-0.2497052997,-0.9630424380,-0.1009779200,1,283.0,29.8,2242.9,1,0.9847054482,0.0502805300,0.1668143868,-0.0480949134,0.9986960888,-0.0171187036,-0.1674576104,0.0088339588,0.9858397245,1,97.7,-124.8,2441.1,1,0.9853273630,0.0668958649,0.1570189595,-0.0394981690,0.9843875170,-0.1715259403,-0.1660418808,0.1628072411,0.9725862145,1,77.7,-521.7,2437.6,1,0.8464428186,0.1123465076,0.5204928517,-0.1180187166,0.9927596450,-0.0223576296,-0.5192361474,-0.0425034463,0.8535732627,1,263.2,-127.3,2362.3,1,0.8512999415,-0.0763495192,0.5190945864,0.1100484282,0.9933316112,-0.0343749002,-0.5130085945,0.0863888934,0.8540252447,1,218.5,-521.9,2379.2,1,-41.9,109.4,2233.7,1,25.4,57.7,2176.1,1,56.6,-831.6,2386.4,1,241.9,-825.9,2352.7,1,
16,0.9120966196,-0.1004853100,0.3974701166,0.0037966236,0.9715262651,0.2369014025,-0.4099577963,-0.2145679146,0.8865073323,1,128.6,457.6,2277.2,1,0.9120966196,-0.1004853100,0.3974701166,0.0037966236,0.9715262651,0.2369014025,-0.4099577963,-0.2145679146,0.8865073323,1,149.3,257.0,2321.5,1,0.9122146368,-0.0843730420,0.4009310007,0.0025507943,0.9797168374,0.2003706843,-0.4097047448,-0.1817583740,0.8939272165,1,166.1,62.4,2357.6,1,0.2720890343,-0.9416124821,0.1983266026,0.7189216614,0.3359124064,0.6085347533,-0.6396242976,-0.0229943451,0.7683436871,1,16.1,256.7,2381.3,1,-0.0205114204,-0.9416124821,-0.3360731602,0.0109383287,0.3359124064,-0.9418297410,0.9997297525,-0.0229943451,0.0034096264,1,-38.3,113.1,2509.1,1,-0.0134404767,0.2771487534,0.9607329965,-0.9968343377,0.0715852454,-0.0345961787,-0.0783625916,-0.9581566453,0.2753092647,1,282.5,257.4,2261.7,1,-0.9556615949,0.2771487534,-0.0994964093,0.1238026991,0.0715852454,-0.9897214174,-0.2671775818,-0.9581566453,-0.1027230322,1,279.5,29.8,2243.8,1,0.9838439822,0.0452590995,0.1732128114,-0.0470251516,0.9988750815,0.0061036255,-0.1727417111,-0.0141503746,0.9848654866,1,97.1,-129.1,2431.5,1,0.9839228392,0.0747704506,0.1621889323,-0.0459947586,0.9835968614,-0.1744181365,-0.1725698411,0.1641541421,0.9712224603,1,79.2,-526.0,2437.2,1,0.8430125713,0.1159366071,0.5252509117,-0.1217021644,0.9922838211,-0.0236945041,-0.5239450336,-0.0439494140,0.8506174088,1,264.7,-129.0,2357.3,1,0.8468818665,-0.0770920441,0.5261633992,0.1003388092,0.9948288202,-0.0157398544,-0.5222290754,0.0661244020,0.8502378464,1,218.7,-523.3,2374.8,1,-32.5,110.0,2228.7,1,25.3,62.7,2172.7,1,55.9,-831.9,2386.1,1,242.3,-828.2,2354.5,1,
17,0.8644738197,-0.0912393257,0.4943281710,-0.0416585766,0.9670035243,0.2513340414,-0.5009486079,-0.2378647178,0.8321483135,1,129.3,457.0,2272.5,1,0.8644738197,-0.0912393257,0.4943281710,-0.0416585766,0.9670035243,0.2513340414,-0.5009486079,-0.2378647178,0.8321483135,1,148.2,256.1,2321.9,1,0.8642272949,-0.0738244578,0.4976556003,-0.0387559608,0.9764667749,0.2121569514,-0.5016065240,-0.2026389539,0.8410281539,1,163.1,62.2,2362.2,1,0.3171449304,-0.9358605146,0.1535716057,0.7857389450,0.3499670029,0.5100367069,-0.5310682058,-0.0410883762,0.8463322520,1,22.8,261.9,2394.6,1,-0.0448316708,-0.9358605146,-0.3495071828,-0.0025981429,0.3499670029,-0.9367584586,0.9989911914,-0.0410883762,-0.0181211047,1,-38.9,109.0,2498.0,1,0.0272138342,0.2691073120,0.9627256393,-0.9992249608,0.0347240753,0.0185392797,-0.0284407027,-0.9624840021,0.2698436975,1,273.7,250.4,2249.1,1,-0.9567286372,0.2691073120,-0.1106865779,0.1244895980,0.0347240753,-0.9916130900,-0.2630068362,-0.9624840021,-0.0667225793,1,279.6,32.5,2242.9,1,0.9599403143,0.0594214611,0.2738315463,-0.0647357032,0.9978482127,0.0104035288,-0.2726241350,-0.0277134441,0.9617214203,1,99.2,-132.5,2431.3,1,0.9646474123,0.0611994714,0.2563394904,-0.0117849177,0.9817079306,-0.1900281161,-0.2632801533,0.1802891940,0.9477232695,1,75.6,-529.0,2442.3,1,0.7855752707,0.1183004528,0.6073520184,-0.1199971884,0.9920458794,-0.0380218476,-0.6070190668,-0.0430115089,0.7935224175,1,266.5,-132.1,2356.2,1,0.7882140279,-0.0744246617,0.6108843088,0.0983613133,0.9951345921,-0.0056757173,-0.6074897051,0.0645610616,0.7916995287,1,219.5,-526.3,2373.3,1,-26.6,109.7,2223.9,1,25.2,65.6,2173.0,1,56.6,-833.7,2386.3,1,242.0,-827.8,2353.7,1,
18,0.8755782843,-0.0818927363,0.4760843515,-0.0465288050,0.9666475654,0.2518482804,-0.4808303118,-0.2426645160,0.8425652385,1,130.0,461.6,2272.1,1,0.8755782843,-0.0818927363,0.4760843515,-0.0465288050,0.9666475654,0.2518482804,-0.4808303118,-0.2426645160,0.8425652385,1,147.0,261.3,2322.4,1,0.8753590584,-0.0654228851,0.4790264368,-0.0436383896,0.9760664105,0.2130494863,-0.4814999402,-0.2073987424,0.8515536189,1,160.1,67.3,2363.7,1,0.2984955609,-0.9483128190,0.1077181324,0.8257666230,0.3132020831,0.4690564275,-0.4785497487,-0.0510612130,0.8765745163,1,19.6,267.7,2392.5,1,-0.0606166124,-0.9483128190,-0.3114938438,-0.0208405480,0.3132020831,-0.9494578242,0.9979435205,-0.0510612130,-0.0387486070,1,-39.6,104.0,2487.3,1,0.0452246517,0.2324940860,0.9715458155,-0.9971186519,0.0697961599,0.0297126006,-0.0609021597,-0.9700902104,0.2349807024,1,274.5,254.8,2252.4,1,-0.9680750370,0.2324940860,-0.0936866850,0.1126846746,0.0697961599,-0.9911764264,-0.2239036709,-0.9700902104,-0.0937664360,1,284.3,36.9,2239.0,1,0.9665068984,0.0610700175,0.2492686361,-0.0561890751,0.9980642200,-0.0266566705,-0.2504140437,0.0117576821,0.9680674672,1,99.3,-128.1,2448.3,1,0.9702576995,0.0561911352,0.2354623973,-0.0097338222,0.9809557796,-0.1939872503,-0.2418785691,0.1859256625,0.9523268342,1,75.0,-524.4,2443.6,1,0.8008833528,0.0983249769,0.5906928778,-0.1065812930,0.9940829277,-0.0209652018,-0.5892591476,-0.0461661331,0.8066240549,1,256.8,-135.4,2356.9,1,0.8019630313,-0.0845393091,0.5913615227,0.1150731519,0.9932575226,-0.0140609602,-0.5861855149,0.0793262050,0.8062840104,1,217.8,-530.4,2375.2,1,-23.4,109.6,2221.3,1,25.3,67.1,2179.1,1,57.4,-831.9,2385.3,1,243.1,-827.7,2351.5,1,
19,0.9054250121,-0.0806055516,0.4167832732,-0.0313237831,0.9664446712,0.2549577951,-0.4233489931,-0.2439004034,0.8725183010,1,130.7,461.8,2271.4,1,0.9054250121,-0.0806055516,0.4167832732,-0.0313237831,0.9664446712,0.2549577951,-0.4233489931,-0.2439004034,0.8725183010,1,147.3,261.7,2321.9,1,0.9052605033,-0.0664776638,0.4196237922,-0.0291517153,0.9756356478,0.2174516320,-0.4238556325,-0.2090831250,0.8812665343,1,160.6,67.9,2363.5,1,0.2756570280,-0.9567523003,0.0929419547,0.8311190009,0.2858002484,0.4770318866,-0.4829641879,-0.0542513579,0.8739578724,1,15.6,266.0,2383.6,1,-0.0660358742,-0.9567523003,-0.2833094895,-0.0317510180,0.2858002484,-0.9577630758,0.9973119497,-0.0542513579,-0.0492509305,1,-39.2,100.9,2479.5,1,0.0259841122,0.2469125837,0.9686893225,-0.9943392277,0.1062513888,-0.0004106423,-0.1030259803,-0.9631950855,0.2482757121,1,279.1,257.5,2260.3,1,-0.9662718177,0.2469125837,-0.0731636807,0.1020419225,0.1062513888,-0.9890895486,-0.2364449054,-0.9631950855,-0.1278631687,1,284.8,40.4,2237.8,1,0.9814156294,0.0459178425,0.1863195151,-0.0413683280,0.9987449646,-0.0282347687,-0.1873821467,0.0200023167,0.9820834398,1,93.2,-122.5,2448.9,1,0.9826470613,0.0553628802,0.1770302057,-0.0226645153,0.9831033945,-0.1816425472,-0.1840952635,0.1744782031,0.9672984481,1,75.0,-519.2,2440.9,1,0.8385269642,0.0913181901,0.5371531844,-0.0967206880,0.9951453209,-0.0181921367,-0.5362067223,-0.0366992243,0.8432885408,1,253.2,-130.6,2360.9,1,0.8392652869,-0.0849895775,0.5370386839,0.1130347699,0.9934009314,-0.0194351729,-0.5318429470,0.0770153105,0.8433337212,1,217.0,-526.0,2375.5,1,-22.1,109.1,2221.2,1,25.4,67.8,2174.3,1,57.4,-831.9,2385.5,1,242.8,-828.2,2352.1,1,
20,0.9335981011,-0.0872595012,0.3475347161,-0.0070142830,0.9652588367,0.2612013221,-0.3582532704,-0.2462947518,0.9005517960,1,131.7,461.8,2269.6,1,0.9335981011,-0.0872595012,0.3475347161,-0.0070142830,0.9652588367,0.2612013221,-0.3582532704,-0.2462947518,0.9005517960,1,149.8,261.7,2320.7,1,0.9334992170,-0.0736011714,0.3509445786,-0.0058212420,0.9754683971,0.2200624943,-0.3585322201,-0.2074711025,0.9101705551,1,164.4,67.9,2362.0,1,0.2769316435,-0.9529592991,0.1231967658,0.7952473760,0.2992657423,0.5272775888,-0.5393426418,-0.0480479524,0.8407145143,1,14.1,262.5,2372.8,1,-0.0506755374,-0.9529592991,-0.2988320291,-0.0010209292,0.2992657423,-0.9541692734,0.9987146258,-0.0480479524,-0.0161383562,1,-40.9,104.8,2479.7,1,-0.0045185634,0.2667214274,0.9637630582,-0.9891248345,0.1404924840,-0.0435187630,-0.1470088512,-0.9534786344,0.2631859779,1,285.5,260.8,2268.6,1,-0.9621564150,0.2667214274,-0.0558097549,0.0961045846,0.1404924840,-0.9854063988,-0.2549881339,-0.9534786344,-0.1608088911,1,284.5,42.5,2236.1,1,0.9923946261,0.0384800434,0.1169282645,-0.0358809493,0.9990617037,-0.0242531560,-0.1177518219,0.0198732056,0.9928441644,1,91.1,-123.3,2443.8,1,0.9921750426,0.0583697930,0.1103703454,-0.0397152901,0.9856223464,-0.1642293632,-0.1183695123,0.1585608870,0.9802280664,1,75.9,-520.2,2435.9,1,0.8741848469,0.1009012163,0.4749945104,-0.1003925577,0.9945945740,-0.0265143104,-0.4751022756,-0.0245075040,0.8795892000,1,256.6,-128.6,2366.4,1,0.8757039905,-0.0856185481,0.4751968086,0.1104440317,0.9935800433,-0.0245106723,-0.4700475335,0.0739467442,0.8795380592,1,216.5,-523.8,2376.1,1,-27.8,105.1,2222.6,1,25.0,68.4,2167.3,1,57.4,-832.6,2385.6,1,242.6,-827.2,2353.5,1,
21,0.9284223914,-0.0901779160,0.3604162335,-0.0070751039,0.9656283855,0.2598302662,-0.3714590967,-0.2437822074,0.8958729506,1,132.0,461.7,2268.7,1,0.9284223914,-0.0901779160,0.3604162335,-0.0070751039,0.9656283855,0.2598302662,-0.3714590967,-0.2437822074,0.8958729506,1,150.6,261.8,2319.1,1,0.9282671809,-0.0766209513,0.3639358878,-0.0052686096,0.9757409096,0.2188651264,-0.3718767762,-0.2050827444,0.9053445458,1,165.9,68.0,2359.9,1,0.2822901309,-0.9487121105,0.1423293501,0.7902608514,0.3140789866,0.5261579752,-0.5438750982,-0.0360518880,0.8383914232,1,15.3,262.6,2373.3,1,-0.0393264666,-0.9487121105,-0.3136858046,-0.0040938724,0.3140789866,-0.9493880272,0.9992180467,-0.0360518880,-0.0162355229,1,-41.5,103.4,2482.9,1,0.0013229512,0.2591034770,0.9658486843,-0.9910502434,0.1292642206,-0.0333196037,-0.1334829032,-0.9571604729,0.2569555640,1,285.9,261.1,2265.0,1,-0.9643984437,0.2591034770,-0.0529248267,0.0889281183,0.1292642206,-0.9876145720,-0.2490530759,-0.9571604729,-0.1477037966,1,286.2,44.5,2235.8,1,0.9901819229,0.0454147980,0.1322016865,-0.0457630940,0.9989522099,-0.0004041346,-0.1320815384,-0.0056497916,0.9912227392,1,93.9,-125.4,2436.0,1,0.9905461073,0.0625746325,0.1220773086,-0.0402825363,0.9833515286,-0.1771922559,-0.1311326474,0.1705995202,0.9765756726,1,75.8,-522.2,2438.2,1,0.8660563231,0.1176015884,0.4859179556,-0.1109684929,0.9929137230,-0.0425241850,-0.4874755442,-0.0170932449,0.8729693294,1,264.3,-126.5,2370.5,1,0.8694657087,-0.0803308561,0.4874179661,0.1083460748,0.9936753511,-0.0295032505,-0.4819652140,0.0784618929,0.8726701736,1,217.6,-521.0,2377.3,1,-31.4,104.4,2226.4,1,24.6,68.6,2168.2,1,56.2,-831.1,2384.6,1,242.2,-825.1,2353.3,1,
22,0.9067379236,-0.0874911919,0.4125186205,-0.0190377329,0.9687497616,0.2473083735,-0.4212646186,-0.2320972979,0.8767365217,1,134.1,460.7,2271.2,1,0.9067379236,-0.0874911919,0.4125186205,-0.0190377329,0.9687497616,0.2473083735,-0.4212646186,-0.2320972979,0.8767365217,1,152.2,259.6,2319.4,1,0.9065134525,-0.0727653950,0.4158588648,-0.0163100641,0.9782628417,0.2067263126,-0.4218618274,-0.1941828579,0.8856216073,1,166.6,65.2,2358.0,1,0.3020089269,-0.9397298098,0.1603075564,0.7988973260,0.3412404358,0.4952958822,-0.5201477408,-0.0215145033,0.8538053036,1,20.2,261.9,2380.9,1,-0.0274293292,-0.9397298098,-0.3408159912,-0.0125173824,0.3412404358,-0.9398927093,0.9995453954,-0.0215145033,-0.0211229548,1,-40.6,101.0,2485.6,1,0.0156024098,0.2316180319,0.9726817012,-0.9942743778,0.1064429879,-0.0093977703,-0.1057118326,-0.9669658542,0.2319526523,1,284.3,257.2,2257.9,1,-0.9721290469,0.2316180319,-0.0363077857,0.0624242388,0.1064429879,-0.9923573732,-0.2259831429,-0.9669658542,-0.1179348975,1,287.6,47.4,2235.6,1,0.9809796810,0.0525028817,0.1868749708,-0.0551617406,0.9984363914,0.0090529174,-0.1861074716,-0.0191890784,0.9823420048,1,96.2,-125.5,2434.7,1,0.9828023314,0.0634974688,0.1734003723,-0.0314077176,0.9828181267,-0.1818847507,-0.1819702536,0.1733106524,0.9679102302,1,75.3,-522.1,2442.3,1,0.8363047838,0.1240298450,0.5340514779,-0.1218295917,0.9917627573,-0.0395495854,-0.5345577002,-0.0319877602,0.8445264101,1,266.0,-126.4,2366.7,1,0.8401330113,-0.0829595625,0.5359983444,0.1130221933,0.9933165908,-0.0234115683,-0.5304738283,0.0802485421,0.8438943624,1,216.8,-520.5,2379.4,1,-33.5,104.3,2225.8,1,24.3,64.3,2174.4,1,55.2,-833.8,2387.4,1,242.3,-825.9,2354.7,1,
23,0.9153922200,-0.0858527422,0.3933018446,-0.0172489043,0.9677322507,0.2513895631,-0.4021933675,-0.2369040996,0.8843737841,1,135.3,461.5,2270.5,1,0.9153922200,-0.0858527422,0.3933018446,-0.0172489043,0.9677322507,0.2513895631,-0.4021933675,-0.2369040996,0.8843737841,1,153.1,260.9,2319.6,1,0.9152353406,-0.0715579242,0.3965145350,-0.0153099671,0.9772160649,0.2116940767,-0.4026287496,-0.1998205185,0.8932871222,1,167.3,66.7,2359.3,1,0.2918294072,-0.9423378706,0.1638135612,0.7989448905,0.3343261182,0.4999131560,-0.5258542299,-0.0150113590,0.8504422307,1,19.6,263.1,2378.3,1,-0.0232630316,-0.9423378706,-0.3338534236,-0.0206910390,0.3343261182,-0.9422302842,0.9995152354,-0.0150113590,-0.0272753891,1,-40.0,100.0,2485.7,1,0.0100572910,0.2219370157,0.9750091434,-0.9935556054,0.1123063266,-0.0153151937,-0.1128986999,-0.9685717821,0.2216362655,1,286.6,258.7,2260.9,1,-0.9742937088,0.2219370157,-0.0386743918,0.0649419054,0.1123063266,-0.9915491939,-0.2157180905,-0.9685717821,-0.1238323599,1,288.7,44.5,2236.5,1,0.9843091369,0.0596740358,0.1660557538,-0.0625840500,0.9979633689,0.0123425443,-0.1649810374,-0.0225413200,0.9860391021,1,98.1,-127.7,2435.2,1,0.9867625237,0.0602816753,0.1505518109,-0.0309945419,0.9813364744,-0.1897841990,-0.1591824889,0.1826056540,0.9702144861,1,74.4,-524.3,2444.2,1,0.8465970159,0.1224335209,0.5179609656,-0.1306880563,0.9912075996,-0.0206905901,-0.5159400702,-0.0501747206,0.8551539779,1,263.9,-130.7,2358.1,1,0.8499090075,-0.0912929475,0.5189608335,0.1143047437,0.9933677316,-0.0124502014,-0.5143823028,0.0699012205,0.8547073603,1,215.3,-524.5,2378.0,1,-33.9,105.4,2226.0,1,24.1,62.1,2177.9,1,55.5,-832.2,2386.9,1,243.5,-830.9,2356.4,1,
