1,0.3782732487,0.3575581014,-0.8538510203,-0.4928784668,0.8585682511,0.1411783844,0.7835688591,0.3674407601,0.5010060668,1,-215.8,428.8,2806.8,1,0.3782732487,0.3575581014,-0.8538510203,-0.4928784668,0.8585682511,0.1411783844,0.7835688591,0.3674407601,0.5010060668,1,-286.4,259.2,2734.2,1,0.3870047331,0.3363571465,-0.8585401773,-0.4710962176,0.8725268841,0.1294804662,0.7926510572,0.3543454707,0.4961285889,1,-353.2,86.1,2663.9,1,-0.1790803671,0.8797764182,-0.4403676689,0.9782962203,0.2066644281,0.0150438929,0.1042435989,-0.4281159639,-0.8976914883,1,-343.0,328.0,2618.6,1,-0.4671632648,0.8797764182,-0.0880451724,0.5426372290,0.2066644281,-0.8141465783,-0.6980711818,-0.4281159639,-0.5739454627,1,-282.5,-2.4,2583.4,1,0.0090911044,0.6158821583,-0.7877858281,-0.9833884239,-0.1373196691,-0.1187033653,-0.1812857836,0.7757785916,0.6044030190,0,-229.9,190.5,2849.9,1,-0.4179618359,0.5355258584,-0.7338391542,-0.9007859826,-0.3491028845,0.2582862377,-0.1178664118,0.7689858675,0.6283058524,0,-227.4,-83.6,2799.4,0,0.4288705289,0.0788391754,-0.8999191523,0.2015061527,0.9627360702,0.1803732812,0.8806051016,-0.2586960196,0.3970025480,1,-463.7,-56.7,2530.1,1,0.4669629335,-0.0294258110,-0.8837871552,-0.1428984404,0.9837988615,-0.1082583666,0.8726543784,0.1768444479,0.4551926851,1,-495.0,-439.0,2632.9,1,-0.6207330227,0.1783273071,0.7634722590,-0.1065348610,0.9455725551,-0.3074782491,-0.7767501473,-0.2721983194,-0.5679500699,1,-391.9,-136.8,2678.6,1,-0.6238234043,-0.2177964002,0.7506058216,-0.0929901004,0.9742491841,0.2054055035,-0.7760136724,0.0583378449,-0.6280122995,1,-462.7,-511.9,2786.5,1,-154.2,-151.5,2775.1,1,-336.7,-319.1,2768.6,0,-483.4,-827.3,2563.1,1,-395.9,-810.5,2768.7,1,
2,0.3745017648,0.3860811889,-0.8430241346,-0.4922877550,0.8532544374,0.1720743924,0.7857487798,0.3505683243,0.5096083283,1,-207.6,427.6,2801.8,1,0.3745017648,0.3860811889,-0.8430241346,-0.4922877550,0.8532544374,0.1720743924,0.7857487798,0.3505683243,0.5096083283,1,-284.4,257.8,2732.0,1,0.3850262761,0.3527470827,-0.8528330922,-0.4677231610,0.8711947799,0.1491800696,0.7956065536,0.3414515257,0.5004208684,1,-354.5,84.8,2664.2,1,-0.1684250236,0.8588428497,-0.4837581515,0.9794400334,0.2010983825,0.0160197616,0.1110414341,-0.4711139798,-0.8750550747,1,-340.7,326.1,2615.9,1,-0.4957333803,0.8588428497,-0.1289858967,0.5578974485,0.2010983825,-0.8051769137,-0.6655815840,-0.4711139798,-0.5788373947,1,-283.9,-4.4,2578.4,1,-0.0079990188,0.6190804243,-0.7852868438,-0.9855192900,-0.1378968805,-0.0986723155,-0.1693747044,0.7731260061,0.6112187505,0,-228.2,189.5,2848.2,1,-0.4330330491,0.5353517532,-0.7251764536,-0.8953500986,-0.3483565748,0.2774812579,-0.1040699109,0.7694453597,0.6301771402,0,-230.4,-85.3,2801.0,0,0.4372893274,0.0846104398,-0.8953318596,0.1946945488,0.9630475640,0.1861005276,0.8779932261,-0.2556959987,0.4046572149,1,-455.5,-43.9,2521.0,1,0.4653184414,-0.0159588214,-0.8849994540,-0.1189259216,0.9896445870,-0.0803751796,0.8771176338,0.1426494271,0.4586019814,1,-489.1,-426.6,2622.5,1,-0.6268600225,0.1912411004,0.7552968860,-0.1010718569,0.9412569404,-0.3222109377,-0.7725483775,-0.2783204019,-0.5707072616,1,-384.5,-130.3,2666.2,1,-0.6246463656,-0.2030005604,0.7540608048,-0.1119388193,0.9789249897,0.1708087027,-0.7728431821,0.0222863723,-0.6342055798,1,-460.4,-504.0,2776.7,1,-153.0,-151.7,2754.0,1,-343.7,-319.5,2773.7,0,-482.6,-830.0,2564.4,1,-396.0,-814.7,2769.6,1,
3,0.3748236299,0.4157941639,-0.8286268711,-0.4869169295,0.8488804102,0.2057036161,0.7889354825,0.3263698816,0.5206376314,1,-203.9,422.2,2790.8,1,0.3748236299,0.4157941639,-0.8286268711,-0.4869169295,0.8488804102,0.2057036161,0.7889354825,0.3263698816,0.5206376314,1,-286.3,254.0,2726.1,1,0.3870801926,0.3704825640,-0.8443409204,-0.4601044655,0.8711777925,0.1713275462,0.7990449071,0.3221675158,0.5076763630,1,-359.9,81.0,2662.1,1,-0.1442449987,0.7445108294,-0.6518412232,0.9817839861,0.1900004297,-0.0002455334,0.1236673072,-0.6400026679,-0.7583554387,1,-342.8,321.2,2609.4,1,-0.6177836061,0.7445108294,-0.2530751526,0.5594723225,0.1900004297,-0.8067778945,-0.5525705218,-0.6400026679,-0.5339123607,1,-294.5,-7.6,2568.0,1,-0.0255437400,0.6260190010,-0.7793893218,-0.9880362153,-0.1344260126,-0.0755913556,-0.1520918310,0.7681339979,0.6219632030,0,-229.7,186.8,2842.8,1,-0.4482371509,0.5389630198,-0.7131636143,-0.8900105357,-0.3435542881,0.2997527421,-0.0834547579,0.7690834403,0.6336765885,0,-236.8,-88.7,2800.4,0,0.4493245482,0.0686814338,-0.8907245994,0.1860658824,0.9679811597,0.1684991270,0.8737773895,-0.2414442599,0.4221584499,1,-459.9,-45.3,2523.5,1,0.4717319906,-0.0041716713,-0.8817321062,-0.1126964241,0.9915021658,-0.0649842843,0.8745104074,0.1300232261,0.4672531784,1,-487.2,-429.8,2619.4,1,-0.6373825073,0.1687697619,0.7518379688,-0.1034109443,0.9481570125,-0.3005069792,-0.7635769248,-0.2692861557,-0.5868860483,1,-389.2,-131.0,2669.3,1,-0.6359992623,-0.1893197894,0.7481062412,-0.1106775627,0.9817950726,0.1543662995,-0.7637116313,0.0153782740,-0.6453743577,1,-456.3,-507.6,2776.3,1,-137.9,-149.4,2708.1,1,-354.1,-321.5,2778.6,0,-485.5,-828.8,2567.1,1,-396.5,-817.7,2771.4,1,
4,0.3605147004,0.4018572271,-0.8417481184,-0.4583917558,0.8622705340,0.2153288722,0.8123461008,0.3082211912,0.4950692356,1,-203.3,423.5,2793.3,1,0.3605147004,0.4018572271,-0.8417481184,-0.4583917558,0.8622705340,0.2153288722,0.8123461008,0.3082211912,0.4950692356,1,-283.9,250.6,2731.4,1,0.3730089962,0.3728069961,-0.8496347666,-0.4302782416,0.8808073401,0.1975831240,0.8220248818,0.2918790877,0.4889597893,1,-358.0,75.7,2673.5,1,-0.1109803617,0.6752837896,-0.7291606069,0.9806296825,0.1935595572,0.0300029870,0.1613965183,-0.7117067575,-0.6836846471,1,-338.4,313.3,2611.5,1,-0.6736022830,0.6752837896,-0.3004193008,0.5548896194,0.1935595572,-0.8090934157,-0.4882186651,-0.7117067575,-0.5050901175,1,-302.1,-7.6,2558.7,1,-0.0314097479,0.6147912145,-0.7880642414,-0.9931337237,-0.1080908477,-0.0447415560,-0.1126892418,0.7812478542,0.6139649749,0,-229.4,187.8,2851.4,1,-0.4542226493,0.5260379314,-0.7190033793,-0.8892651200,-0.3164083958,0.3302926421,-0.0537522659,0.7894110680,0.6115070581,0,-238.2,-89.0,2820.0,0,0.4381369650,0.0501057133,-0.8975107074,0.2025959790,0.9672519565,0.1529002786,0.8757801652,-0.2488233298,0.4136376381,1,-468.9,-49.8,2524.9,1,0.4657873511,-0.0109119294,-0.8848294020,-0.1184328347,0.9901591539,-0.0745556876,0.8769354820,0.1395199448,0.4599112570,1,-488.8,-434.0,2623.7,1,-0.6251124740,0.1624750942,0.7634370923,-0.1135077253,0.9487746358,-0.2948603630,-0.7722372413,-0.2709769011,-0.5746487379,1,-397.9,-134.1,2671.4,1,-0.6260206699,-0.2123360485,0.7503409386,-0.1093575954,0.9766106606,0.1851285547,-0.7721003890,0.0338388272,-0.6345990300,1,-462.5,-511.1,2779.1,1,-134.4,-145.7,2680.2,1,-357.0,-321.6,2805.9,0,-484.5,-826.3,2568.5,1,-394.8,-822.4,2768.3,1,
5,0.3628573418,0.4134004712,-0.8351255059,-0.4532812834,0.8613358140,0.2294268459,0.8141686916,0.2952975333,0.4999287128,1,-198.8,422.8,2795.0,1,0.3628573418,0.4134004712,-0.8351255059,-0.4532812834,0.8613358140,0.2294268459,0.8141686916,0.2952975333,0.4999287128,1,-281.8,249.8,2735.7,1,0.3758944571,0.3811053336,-0.8446668386,-0.4246910810,0.8810017109,0.2085028291,0.8236144781,0.2803474069,0.4930157065,1,-357.5,74.9,2680.0,1,-0.0843342319,0.6533271074,-0.7523638606,0.9818195105,0.1833423227,0.0491537675,0.1700536311,-0.7345401645,-0.6569113135,1,-336.7,311.8,2615.5,1,-0.6675385833,0.6533271074,-0.3571497202,0.5972120762,0.1833423227,-0.7808478475,-0.4446684122,-0.7345401645,-0.5125628710,1,-309.3,-7.4,2560.2,1,-0.0390768461,0.6196451783,-0.7839087248,-0.9939687252,-0.1045511439,-0.0330949873,-0.1024656966,0.7778874636,0.6199934483,0,-226.9,187.8,2856.0,1,-0.4606373012,0.5295674801,-0.7123001814,-0.8866164684,-0.3120788336,0.3413473964,-0.0415273122,0.7887744308,0.6132784486,0,-237.8,-89.3,2827.4,0,0.4423523843,0.0571223237,-0.8950203657,0.1473057270,0.9797883034,0.1353363991,0.8846611977,-0.1917079985,0.4249972403,1,-466.4,-59.7,2540.2,1,0.4600963891,-0.0097704837,-0.8878152370,-0.1095213741,0.9916782379,-0.0676712468,0.8810881972,0.1283700466,0.4551974833,1,-489.0,-448.4,2616.3,1,-0.6237132549,0.1588741988,0.7653369904,-0.0714319944,0.9634437561,-0.2582122982,-0.7783824205,-0.2157199830,-0.5895639658,1,-397.9,-138.5,2690.9,1,-0.6145770550,-0.2171542645,0.7583792806,-0.1153905839,0.9757711291,0.1858917624,-0.7803717852,0.0267349910,-0.6247440577,1,-461.0,-520.7,2776.4,1,-140.4,-158.5,2672.6,1,-358.3,-321.3,2816.5,0,-485.3,-826.0,2567.4,1,-394.4,-819.6,2768.3,1,
6,0.3635204732,0.4212376475,-0.8309101462,-0.4550917745,0.8585587740,0.2361532152,0.8128618002,0.2922938466,0.5038054585,1,-194.0,423.6,2796.4,1,0.3635204732,0.4212376475,-0.8309101462,-0.4550917745,0.8585587740,0.2361532152,0.8128618002,0.2922938466,0.5038054585,1,-278.3,251.6,2737.8,1,0.3763684928,0.3807794452,-0.8446027040,-0.4272367060,0.8802500367,0.2064671218,0.8220800161,0.2831375897,0.4939813316,1,-354.0,76.7,2681.6,1,-0.0326443277,0.6415241957,-0.7664079070,0.9793459177,0.1736230701,0.1036175489,0.1995392591,-0.7471959591,-0.6339418888,1,-333.3,314.0,2617.8,1,-0.6346191764,0.6415241957,-0.4309353232,0.6673147082,0.1736230701,-0.7242555618,-0.3898071349,-0.7471959591,-0.5382830501,1,-323.3,14.0,2556.7,1,-0.0385925472,0.6199524403,-0.7836897373,-0.9936421514,-0.1068182215,-0.0355689675,-0.1057634056,0.7773344517,0.6201332808,0,-223.3,189.2,2857.9,1,-0.4601275325,0.5300233364,-0.7122905850,-0.8867469430,-0.3143711388,0.3388962746,-0.0443006642,0.7875570059,0.6146473885,0,-234.1,-88.0,2828.4,0,0.4421492815,0.0486998297,-0.8956183791,0.1366498768,0.9832111597,0.1209241152,0.8864709735,-0.1758526564,0.4280712903,1,-467.7,-61.2,2548.9,1,0.4588968754,-0.0057026283,-0.8884712458,-0.1208563372,0.9902844429,-0.0687786117,0.8802314401,0.1389396638,0.4537492096,1,-487.1,-451.5,2618.7,1,-0.6217812896,0.1737412512,0.7636766434,-0.0566461310,0.9625533819,-0.2651079297,-0.7811396718,-0.2080984712,-0.5886559486,1,-398.8,-139.0,2699.9,1,-0.6079018116,-0.2381506711,0.7574560642,-0.1184313968,0.9704844952,0.2100806683,-0.7851302028,0.0380018428,-0.6181637645,1,-467.8,-521.1,2782.5,1,-161.3,-156.3,2656.2,1,-354.5,-320.1,2816.8,0,-484.9,-823.8,2566.4,1,-394.8,-818.3,2770.8,1,
7,0.3700238764,0.3713909686,-0.8515580297,-0.4431267381,0.8761836290,0.1895809621,0.8165298700,0.3071986437,0.4887821376,1,-201.2,419.1,2796.6,1,0.3700238764,0.3713909686,-0.8515580297,-0.4431267381,0.8761836290,0.1895809621,0.8165298700,0.3071986437,0.4887821376,1,-274.5,246.1,2735.9,1,0.3791302741,0.3536996245,-0.8550770879,-0.4209599793,0.8888342381,0.1810148656,0.8240466714,0.2913250029,0.4858773351,1,-344.7,69.6,2678.1,1,-0.0205048174,0.6210812926,-0.7834779024,0.9810164571,0.1636459827,0.1040513068,0.1928373277,-0.7664711475,-0.6126465201,1,-329.9,307.6,2615.5,1,-0.6472854018,0.6210812926,-0.4419046044,0.6585108042,0.1636459827,-0.7345634699,-0.3839077055,-0.7664711475,-0.5149143934,1,-323.6,5.8,2556.2,1,-0.0104042720,0.6143758893,-0.7889449000,-0.9937952757,-0.0937279388,-0.0598831065,-0.1107369140,0.7834266424,0.6115390658,0,-219.1,184.6,2856.3,1,-0.4352825582,0.5300453901,-0.7277231216,-0.8987150192,-0.3036724925,0.3163768649,-0.0532954000,0.7917290330,0.6085430980,0,-222.0,-92.5,2825.4,0,0.4279333949,0.0657914430,-0.9014124870,0.1234605163,0.9837430120,0.1304117143,0.8953382373,-0.1670963764,0.4128538370,1,-464.2,-59.0,2550.0,1,0.4441408813,-0.0166484732,-0.8958022594,-0.1113790050,0.9910458326,-0.0736405477,0.8890070915,0.1324803531,0.4383096695,1,-490.3,-449.7,2616.3,1,-0.6089681983,0.1781563312,0.7729282379,-0.0533948727,0.9630318880,-0.2640426457,-0.7913954258,-0.2020639777,-0.5769431591,1,-395.2,-137.3,2700.7,1,-0.5951731205,-0.2358995080,0.7681928873,-0.1153760999,0.9711230993,0.2088260502,-0.7952718139,0.0356565528,-0.6052035093,1,-465.9,-519.8,2781.0,1,-156.6,-164.0,2655.2,1,-335.9,-327.7,2811.5,0,-484.0,-824.5,2566.2,1,-393.6,-817.6,2770.1,1,
8,0.3539555073,0.3875367343,-0.8511937261,-0.4006398022,0.8852072954,0.2364228964,0.8451054692,0.2573388815,0.4685866237,1,-203.1,412.8,2786.7,1,0.3539555073,0.3875367343,-0.8511937261,-0.4006398022,0.8852072954,0.2364228964,0.8451054692,0.2573388815,0.4685866237,1,-280.4,236.2,2735.3,1,0.3640777767,0.3624189496,-0.8579626083,-0.3765469491,0.8998194933,0.2203117758,0.8518566489,0.2428525835,0.4640720487,1,-352.5,57.7,2687.1,1,-0.0356247723,0.6532818079,-0.7562762499,0.9796020389,0.1725817770,0.1029338613,0.1977643073,-0.7371827364,-0.6461043954,1,-333.6,291.1,2611.1,1,-0.6070278883,0.6532818079,-0.4524820447,0.7012997270,0.1725817770,-0.6916605234,-0.3737590909,-0.7371827364,-0.5629082918,1,-323.7,19.2,2556.2,1,-0.0230377521,0.6041752696,-0.7965183854,-0.9983596206,-0.0556750558,-0.0133550335,-0.0524149872,0.7949041128,0.6044667959,0,-227.2,181.3,2859.6,1,-0.4475732744,0.5166096091,-0.7299264669,-0.8942276835,-0.2639592886,0.3615001440,-0.0059164101,0.8145182729,0.5801077485,0,-233.6,-96.6,2845.0,0,0.4157541096,0.0890851840,-0.9051035047,0.1280095577,0.9795521498,0.1552132815,0.9004232883,-0.1803924590,0.3958490789,1,-451.3,-69.7,2546.5,1,0.4310628474,-0.0047007883,-0.9023096561,-0.1273468584,0.9896603823,-0.0659936219,0.8932903409,0.1433537006,0.4260071814,1,-486.5,-456.9,2617.9,1,-0.5907812119,0.1997452080,0.7817156911,-0.0440572277,0.9594386816,-0.2784534991,-0.8056280017,-0.1989453137,-0.5580181479,1,-383.5,-146.5,2700.0,1,-0.5761068463,-0.2254359722,0.7856714129,-0.1141503826,0.9739841223,0.1957666427,-0.8093643188,0.0230978150,-0.5868525505,1,-462.4,-525.2,2778.5,1,-166.7,-162.3,2652.9,1,-350.6,-330.4,2843.4,0,-484.8,-824.2,2564.6,1,-394.7,-817.4,2771.6,1,
9,0.3148818016,0.3975150883,-0.8618765473,-0.4058392644,0.8772597909,0.2563390732,0.8579882979,0.2690668404,0.4375603795,1,-201.3,409.5,2791.7,1,0.3148818016,0.3975150883,-0.8618765473,-0.4058392644,0.8772597909,0.2563390732,0.8579882979,0.2690668404,0.4375603795,1,-280.9,233.8,2737.8,1,0.3296514153,0.3719927669,-0.8677276969,-0.3718043566,0.8959813118,0.2428558469,0.8678084016,0.2425671518,0.4336700439,1,-354.9,55.9,2689.6,1,-0.0136827119,0.5663962364,-0.8240194321,0.9837740064,0.1550617367,0.0902474970,0.1788897365,-0.8094140887,-0.5593275428,1,-329.1,288.0,2611.2,1,-0.6483432055,0.5663962364,-0.5087694526,0.6901502013,0.1550617367,-0.7068582177,-0.3214711547,-0.8094140887,-0.4914317429,1,-325.2,12.4,2561.1,1,-0.0407772698,0.5776043534,-0.8152977228,-0.9983495474,-0.0565785430,0.0098491088,-0.0404394716,0.8143537641,0.5789582133,0,-232.8,179.6,2864.4,1,-0.4640292525,0.4856371284,-0.7408329248,-0.8857766390,-0.2626478374,0.3826432824,-0.0087523898,0.8337701559,0.5520423055,0,-244.2,-98.6,2853.1,0,0.3855843842,0.0763846189,-0.9195053577,0.0912032872,0.9885314703,0.1203638017,0.9181539416,-0.1302723140,0.3741957843,1,-458.8,-86.9,2561.9,1,0.3976329565,-0.0136262132,-0.9174433947,-0.1227243468,0.9901155829,-0.0678960383,0.9093001485,0.1395903379,0.3920303285,1,-489.0,-478.2,2613.4,1,-0.5573754907,0.1731930971,0.8119955063,-0.0027252417,0.9776139259,-0.2103890628,-0.8302561045,-0.1194785833,-0.5444260240,1,-392.8,-155.7,2719.0,1,-0.5302923322,-0.2305471897,0.8158664107,-0.1405019611,0.9729079008,0.1836012155,-0.8360916376,-0.0172685236,-0.5483179092,1,-461.2,-541.4,2766.2,1,-157.5,-166.1,2644.3,1,-365.5,-330.3,2850.9,0,-484.2,-826.9,2564.3,1,-395.4,-819.0,2771.1,1,
10,0.2955133915,0.3954184651,-0.8696643710,-0.4012639523,0.8775029778,0.2626323700,0.8669827580,0.2713535726,0.4179810584,1,-199.7,408.4,2794.7,1,0.2955133915,0.3954184651,-0.8696643710,-0.4012639523,0.8775029778,0.2626323700,0.8669827580,0.2713535726,0.4179810584,1,-278.8,232.8,2740.4,1,0.3103348017,0.3680980802,-0.8764680028,-0.3668181300,0.8969526887,0.2468203455,0.8770044446,0.2449074090,0.4133807123,1,-352.0,54.7,2691.8,1,-0.0100499894,0.5499595404,-0.8351308703,0.9853384495,0.1476960033,0.0854047984,0.1703146696,-0.8220282197,-0.5433806181,1,-324.2,286.3,2612.5,1,-0.6613595486,0.5499595404,-0.5100471377,0.6780833006,0.1476960033,-0.7199922800,-0.3206346929,-0.8220282197,-0.4705985188,1,-321.3,5.8,2564.0,1,-0.0413222760,0.5598825812,-0.8275409341,-0.9985355139,-0.0520871878,0.0146204839,-0.0349185243,0.8269331455,0.5612149835,0,-233.5,179.3,2868.4,1,-0.4649092555,0.4672863781,-0.7519991994,-0.8852630258,-0.2578116953,0.3870949149,-0.0129900081,0.8456811309,0.5335304141,0,-245.0,-99.1,2858.7,0,0.3674500883,0.0909383446,-0.9255866408,0.1142213494,0.9832617640,0.1419498026,0.9230026603,-0.1578812301,0.3509125412,1,-459.4,-88.2,2562.4,1,0.3913370669,-0.0383092277,-0.9194496870,-0.1498676986,0.9831414819,-0.1047498062,0.9079619646,0.1787882894,0.3789983988,1,-495.5,-478.0,2625.0,1,-0.5459008813,0.1715520769,0.8200988173,-0.0434456617,0.9717009664,-0.2321846485,-0.8367225528,-0.1623795480,-0.5229992270,1,-399.4,-156.2,2721.9,1,-0.5326120853,-0.2464099079,0.8096953034,-0.0992916822,0.9682655931,0.2293532789,-0.8405150175,0.0417603217,-0.5401764512,1,-467.3,-540.6,2786.2,1,-149.1,-170.8,2647.4,1,-366.7,-330.8,2855.3,0,-481.8,-828.4,2561.3,1,-395.3,-823.3,2774.0,1,
11,0.3273734748,0.4143401086,-0.8492048383,-0.3947043717,0.8765285015,0.2755109072,0.8585074544,0.2449899018,0.4504940212,1,-193.1,408.4,2786.8,1,0.3273734748,0.4143401086,-0.8492048383,-0.3947043717,0.8765285015,0.2755109072,0.8585074544,0.2449899018,0.4504940212,1,-276.0,232.9,2737.7,1,0.3422175646,0.3848696649,-0.8571828604,-0.3617841899,0.8959029913,0.2578178048,0.8671789765,0.2218854427,0.4458335042,1,-352.4,55.0,2693.7,1,-0.0323348455,0.5691580176,-0.8215920925,0.9844855666,0.1599774510,0.0720786676,0.1724603623,-0.8065149188,-0.5655007362,1,-326.0,285.8,2611.2,1,-0.6578916311,0.5691580176,-0.4931913614,0.6769657135,0.1599774510,-0.7184181809,-0.3299939632,-0.8065149188,-0.4905483127,1,-316.7,3.1,2561.7,1,-0.0504324287,0.5921246409,-0.8042667508,-0.9984398484,-0.0492165238,0.0263736267,-0.0239667390,0.8043420315,0.5936829448,0,-226.1,180.1,2864.2,1,-0.4717766345,0.4988258779,-0.7270485163,-0.8816094995,-0.2539303005,0.3978493214,0.0138379103,0.8286688924,0.5595680475,0,-240.1,-98.4,2857.5,0,0.4040527642,0.1123983338,-0.9078039527,0.1098139286,0.9792845249,0.1701254696,0.9081201553,-0.1684291810,0.3833397329,1,-453.8,-90.0,2563.0,1,0.4323695898,-0.0505217165,-0.9002799988,-0.1521254033,0.9800302386,-0.1280570626,0.8887712955,0.1923234463,0.4160496294,1,-498.4,-478.6,2629.8,1,-0.5756526589,0.1870663166,0.7960089445,-0.0264645461,0.9687075615,-0.2467898726,-0.8172659874,-0.1631312519,-0.5526884198,1,-397.1,-157.2,2724.0,1,-0.5579312444,-0.2583429515,0.7886517644,-0.0986869484,0.9642226696,0.2460396439,-0.8239985704,0.0594435669,-0.5634650588,1,-471.3,-541.3,2788.7,1,-145.1,-173.4,2647.7,1,-363.6,-329.1,2861.2,0,-480.1,-833.6,2560.2,1,-396.6,-820.1,2771.5,1,
12,0.3338844776,0.4054929614,-0.8509386778,-0.4044466615,0.8770498633,0.2592420578,0.8514364362,0.2576023936,0.4568336010,1,-191.3,410.0,2791.8,1,0.3338844776,0.4054929614,-0.8509386778,-0.4044466615,0.8770498633,0.2592420578,0.8514364362,0.2576023936,0.4568336010,1,-273.0,233.4,2739.9,1,0.3475188911,0.3866163194,-0.8542590141,-0.3739861846,0.8925911188,0.2518241107,0.8598633409,0.2319674343,0.4547814429,1,-349.8,56.1,2693.8,1,-0.0212271176,0.5528360009,-0.8330196738,0.9848150611,0.1551596075,0.0778769478,0.1723041832,-0.8187171817,-0.5477347970,1,-323.7,288.1,2614.4,1,-0.6682572365,0.5528360009,-0.4977997839,0.6694951057,0.1551596075,-0.7264308929,-0.3243587017,-0.8187171817,-0.4738075137,1,-317.5,0.7,2564.1,1,-0.0510689877,0.5971462131,-0.8005051017,-0.9979845881,-0.0607447289,0.0183541365,-0.0376663618,0.7998290658,0.5990448594,0,-222.2,178.8,2865.4,1,-0.4722323716,0.5038589835,-0.7232722044,-0.8814627528,-0.2657679021,0.3903726339,0.0044702194,0.8218841553,0.5696371794,0,-236.5,-99.5,2854.9,0,0.4092067480,0.0946776047,-0.9075164199,0.0913271010,0.9853575826,0.1439786255,0.9078596830,-0.1417978704,0.3945683241,1,-460.3,-89.9,2570.3,1,0.4326440990,-0.0479012392,-0.9002913833,-0.1439297050,0.9821105003,-0.1214214191,0.8900018334,0.1821109354,0.4180099368,1,-497.8,-481.0,2626.6,1,-0.4630926549,0.1929367930,0.8650552630,-0.0560007952,0.9676992893,-0.2458089739,-0.8845389485,-0.1622761041,-0.4373297989,1,-397.6,-156.2,2729.4,1,-0.4630926549,-0.2661538720,0.8454036713,-0.0560007952,0.9607273340,0.2717846632,-0.8845389485,0.0785181969,-0.4598105848,1,-474.2,-540.4,2793.8,1,-142.5,-174.6,2649.0,1,-360.1,-330.2,2856.1,0,-480.6,-834.5,2561.1,1,-398.0,-815.7,2771.3,1,
13,0.3669382930,0.3967459500,-0.8413970470,-0.3781683445,0.8899975419,0.2547411621,0.8499088287,0.2247154415,0.4766109288,1,-192.2,408.0,2783.8,1,0.3669382930,0.3967459500,-0.8413970470,-0.3781683445,0.8899975419,0.2547411621,0.8499088287,0.2247154415,0.4766109288,1,-271.9,229.2,2738.6,1,0.3804877400,0.3718180358,-0.8467469811,-0.3465015590,0.9062325954,0.2422376722,0.8574180603,0.2012306899,0.4736459553,1,-345.6,49.2,2698.6,1,-0.0513437018,0.5917614102,-0.8044763803,0.9840220213,0.1674890220,0.0603997894,0.1704832166,-0.7885212898,-0.5909057260,1,-327.4,279.8,2613.5,1,-0.6582768559,0.5917614102,-0.4652848840,0.6650029421,0.1674890220,-0.7278175950,-0.3527642787,-0.7885212898,-0.5037772655,1,-312.7,-2.0,2564.7,1,-0.0281710755,0.6208349466,-0.7834349871,-0.9994936585,-0.0290912520,0.0128867701,-0.0147905452,0.7834013104,0.6213401556,0,-216.4,178.6,2863.7,1,-0.4507752657,0.5331330299,-0.7159405351,-0.8918657899,-0.2356523722,0.3860613704,0.0371089950,0.8125497699,0.5817093849,0,-224.2,-100.1,2859.6,0,0.4295720160,0.0903391242,-0.8985024691,0.0845911801,0.9865827560,0.1396379322,0.8990618587,-0.1359899342,0.4161664546,1,-458.5,-86.9,2569.0,1,0.4477055967,-0.0353537686,-0.8934818506,-0.1309034675,0.9858613610,-0.1046021655,0.8845473528,0.1637908518,0.4367477298,1,-494.3,-478.8,2623.0,1,-0.4761216640,0.1939143986,0.8577327132,-0.0303790066,0.9711748958,-0.2364243567,-0.8788545132,-0.1386238188,-0.4565064609,1,-394.8,-155.5,2726.7,1,-0.4595499933,-0.2593090534,0.8494542837,-0.0962547883,0.9653367400,0.2426106781,-0.8829206228,0.0297276936,-0.4685802460,1,-471.8,-541.2,2781.8,1,-140.3,-176.1,2657.1,1,-342.1,-333.3,2869.3,0,-481.6,-833.0,2564.2,1,-399.8,-809.0,2773.5,1,
14,0.3378603756,0.3900504410,-0.8565693498,-0.3882311583,0.8868097663,0.2506891191,0.8573954105,0.2478490025,0.4510475993,1,-193.3,407.6,2789.8,1,0.3378603756,0.3900504410,-0.8565693498,-0.3882311583,0.8868097663,0.2506891191,0.8573954105,0.2478490025,0.4510475993,1,-271.6,229.6,2740.0,1,0.3551565707,0.3647753298,-0.8606989980,-0.3471423984,0.9063495994,0.2408787161,0.8679608107,0.2132354379,0.4485250115,1,-344.0,49.6,2697.7,1,-0.0376784913,0.5497210026,-0.8344981074,0.9881983399,0.1445741355,0.0506191924,0.1484732777,-0.8227424622,-0.5486807823,1,-323.4,280.3,2613.4,1,-0.6636189222,0.5497210026,-0.5073624849,0.6737825871,0.1445741355,-0.7246484160,-0.3250029981,-0.8227424622,-0.4663345814,1,-312.7,-0.1,2571.2,1,-0.0268750545,0.5972875357,-0.8015767932,-0.9995008707,-0.0293747783,0.0116226580,-0.0166040715,0.8014890552,0.5977788568,0,-219.8,179.0,2866.7,1,-0.4507696629,0.5089815259,-0.7333106399,-0.8923506141,-0.2360172272,0.3847157657,0.0227392744,0.8277884126,0.5605794191,0,-227.3,-99.8,2862.1,0,0.3995312154,0.1040617600,-0.9107941389,0.0536755808,0.9891762137,0.1365626752,0.9151468277,-0.1034484580,0.3896211982,1,-454.3,-99.0,2580.1,1,0.4138173759,-0.0375532433,-0.9095850587,-0.1327308416,0.9859830737,-0.1010935605,0.9006318450,0.1625642627,0.4030324519,1,-495.6,-491.8,2621.2,1,-0.5505968332,0.2310536802,0.8021578789,-0.0321857445,0.9543409348,-0.2969806194,-0.8341505527,-0.1893346459,-0.5180204511,1,-384.6,-162.5,2737.3,1,-0.5505968332,-0.2699204683,0.7899278998,-0.0321857445,0.9524412751,0.3030175865,-0.8341505527,0.1414161175,-0.5330987573,1,-476.2,-540.8,2812.3,1,-138.8,-176.7,2656.4,1,-345.2,-333.3,2868.0,0,-482.7,-829.5,2565.5,1,-399.5,-811.2,2772.2,1,
15,0.3376286924,0.4049361944,-0.8497256041,-0.3992058039,0.8791270256,0.2603275776,0.8524327278,0.2513213158,0.4584713876,1,-192.0,408.2,2793.3,1,0.3376286924,0.4049361944,-0.8497256041,-0.3992058039,0.8791270256,0.2603275776,0.8524327278,0.2513213158,0.4584713876,1,-273.2,231.9,2742.9,1,0.3540446460,0.3730675578,-0.8575972319,-0.3616604507,0.9002670646,0.2423241138,0.8624697924,0.2243654430,0.4536584914,1,-347.3,53.1,2698.3,1,-0.0583115183,0.5655250549,-0.8226671219,0.9866036177,0.1584137827,0.0389666855,0.1523584574,-0.8093741536,-0.5671864152,1,-324.9,284.7,2616.9,1,-0.6511241794,0.5655250549,-0.5061805248,0.6880835295,0.1584137827,-0.7081285715,-0.3202784956,-0.8093741536,-0.4922755361,1,-308.3,2.7,2573.4,1,-0.0356678739,0.5987680554,-0.8001278639,-0.9989225268,-0.0451489612,0.0107428925,-0.0296924431,0.7996489406,0.5997332335,0,-221.6,179.1,2868.8,1,-0.4586100578,0.5086753964,-0.7286467552,-0.8885559440,-0.2513765395,0.3837684095,0.0120488424,0.8234434724,0.5672703981,0,-231.5,-99.5,2860.5,0,0.4062004685,0.1174317449,-0.9062069058,0.0742802769,0.9841826558,0.1608318985,0.9107599258,-0.1326432973,0.3910526037,1,-448.9,-98.6,2575.8,1,0.4248134494,-0.0354845040,-0.9045851827,-0.1486756653,0.9829290509,-0.1083791479,0.8929888606,0.1805307269,0.4122858047,1,-495.5,-489.4,2628.5,1,-0.3997085392,0.2201295048,0.8898180127,-0.0441131182,0.9649921656,-0.2585423291,-0.9155802131,-0.1425942332,-0.3760049939,1,-383.9,-162.3,2734.9,1,-0.3997085392,-0.2620744109,0.8783792257,-0.0441131182,0.9626467228,0.2671428025,-0.9155802131,0.0680312142,-0.3963390291,1,-471.1,-544.8,2791.4,1,-138.4,-176.8,2656.9,1,-351.5,-332.1,2863.7,0,-483.2,-831.5,2565.7,1,-401.2,-801.7,2773.3,1,
16,0.2968277037,0.4129140377,-0.8610431552,-0.3962312639,0.8736526966,0.2823680341,0.8688464165,0.2573575675,0.4229337871,1,-188.2,407.9,2794.5,1,0.2968277037,0.4129140377,-0.8610431552,-0.3962312639,0.8736526966,0.2823680341,0.8688464165,0.2573575675,0.4229337871,1,-271.3,232.0,2742.7,1,0.3124464452,0.3859331608,-0.8680050969,-0.3616853654,0.8932586312,0.2669694424,0.8783854246,0.2305310667,0.4186818600,1,-347.9,54.6,2696.8,1,-0.0480017662,0.5834570527,-0.8107241988,0.9889443517,0.1417708695,0.0434748828,0.1403028071,-0.7996742725,-0.5838118196,1,-316.9,284.8,2614.5,1,-0.6331802607,0.5834570527,-0.5085869431,0.6960190535,0.1417708695,-0.7038881183,-0.3385856748,-0.7996742725,-0.4958637357,1,-303.3,5.2,2574.9,1,-0.0587687232,0.5668967962,-0.8216899037,-0.9980118275,-0.0521428622,0.0354054011,-0.0227740556,0.8221369386,0.5688340664,0,-225.7,179.3,2870.9,1,-0.4799149334,0.4710880816,-0.7401065230,-0.8773129582,-0.2558646798,0.4060236812,0.0019058066,0.8441618681,0.5360849500,0,-242.1,-99.1,2864.5,0,0.3760341704,0.1187679768,-0.9189627171,0.0940545723,0.9817368984,0.1653675735,0.9218199849,-0.1486165076,0.3579959571,1,-453.9,-92.6,2574.7,1,0.4040189683,-0.0557040162,-0.9130529761,-0.1633192599,0.9777141213,-0.1319164336,0.9000530243,0.2024158835,0.3859175146,1,-501.0,-482.6,2633.7,1,-0.4393612444,0.2175582647,0.8715676069,-0.0478026867,0.9631927609,-0.2645270526,-0.8970376849,-0.1578862071,-0.4127897024,1,-389.0,-158.9,2732.8,1,-0.4393612444,-0.2802293897,0.8534829617,-0.0478026867,0.9560453296,0.2892961502,-0.8970376849,0.0863067359,-0.4334449768,1,-475.3,-541.2,2795.5,1,-137.5,-177.0,2663.5,1,-367.7,-328.6,2865.0,0,-481.1,-833.1,2561.2,1,-397.9,-805.5,2771.6,1,
17,0.2693846524,0.4111311436,-0.8708634377,-0.3629860580,0.8809446096,0.3036077619,0.8920050859,0.2343239933,0.3865478337,1,-187.0,408.0,2786.1,1,0.2693846524,0.4111311436,-0.8708634377,-0.3629860580,0.8809446096,0.3036077619,0.8920050859,0.2343239933,0.3865478337,1,-269.2,231.9,2739.3,1,0.2827120423,0.3868292868,-0.8777453899,-0.3332797885,0.8976781964,0.2882680893,0.8994434476,0.2110379338,0.3827068210,1,-346.1,53.6,2697.3,1,-0.0368055664,0.6100148559,-0.7915347219,0.9913448095,0.1221716627,0.0480579287,0.1260191649,-0.7829150558,-0.6092316508,1,-310.5,280.5,2608.1,1,-0.6186502576,0.6100148559,-0.4951300025,0.6908155680,0.1221716627,-0.7126345038,-0.3742267489,-0.7829150558,-0.4969893098,1,-300.3,6.2,2573.2,1,-0.0674888343,0.5414842963,-0.8379976153,-0.9976685047,-0.0280895550,0.0621975847,0.0101400362,0.8402414322,0.5421175957,0,-228.0,183.3,2870.5,1,-0.4880142212,0.4431197643,-0.7519887090,-0.8726546168,-0.2301546782,0.4307003319,0.0177781135,0.8664142489,0.4990092516,0,-246.8,-94.8,2873.3,0,0.3465067744,0.1206978261,-0.9302499890,0.1035182178,0.9807104468,0.1658042222,0.9323180914,-0.1537501067,0.3273283839,1,-453.2,-89.8,2570.5,1,0.3771444857,-0.0631180108,-0.9240011573,-0.1639613807,0.9773661494,-0.1336865574,0.9115254879,0.2019196600,0.3582593203,1,-501.1,-479.4,2631.6,1,-0.4073365331,0.1967576593,0.8918314576,-0.0515674129,0.9700037837,-0.2375571728,-0.9118211269,-0.1427551657,-0.3849717081,1,-395.9,-156.0,2731.5,1,-0.4040651023,-0.2794598639,0.8709957600,-0.0628879741,0.9584226608,0.2783363760,-0.9125658870,0.0576908626,-0.4048398137,1,-474.0,-541.1,2788.1,1,-136.8,-176.3,2672.1,1,-374.5,-323.2,2878.0,0,-478.1,-835.7,2558.0,1,-397.6,-803.4,2772.4,1,
18,0.2534772456,0.4023371041,-0.8797011971,-0.3586758375,0.8836681843,0.3008025289,0.8983879685,0.2392809540,0.3682983816,1,-189.7,407.4,2790.5,1,0.2534772456,0.4023371041,-0.8797011971,-0.3586758375,0.8836681843,0.3008025289,0.8983879685,0.2392809540,0.3682983816,1,-270.4,230.2,2742.5,1,0.2656858861,0.3895502090,-0.8818512559,-0.3312395513,0.8959250450,0.2959706783,0.9053680897,0.2134687901,0.3670690954,1,-347.8,52.2,2700.0,1,-0.0489420854,0.6800694466,-0.7315122485,0.9885464907,0.1376635283,0.0618434399,0.1427603960,-0.7201071382,-0.6790177822,1,-309.1,278.5,2610.3,1,-0.5678965449,0.6800694466,-0.4636799097,0.7201156020,0.1376635283,-0.6800605059,-0.3986565769,-0.7201071382,-0.5679072738,1,-295.8,9.8,2571.5,1,-0.0743065774,0.5275179148,-0.8462879658,-0.9971445799,-0.0278454926,0.0701952577,0.0134639489,0.8490874171,0.5280807018,0,-231.6,181.8,2874.6,1,-0.4941600859,0.4273561835,-0.7570815682,-0.8692628145,-0.2291506529,0.4380321205,0.0137099931,0.8745608330,0.4847219586,0,-252.3,-96.3,2878.4,0,0.3316403925,0.1316112280,-0.9341804385,0.1028368473,0.9792772532,0.1744724214,0.9377841949,-0.1539302766,0.3112334013,1,-448.9,-94.2,2573.0,1,0.3630943000,-0.0648471862,-0.9294930696,-0.1698762923,0.9762479663,-0.1344690472,0.9161356688,0.2067237794,0.3434540629,1,-501.2,-483.3,2634.2,1,-0.3909012377,0.1990626752,0.8986491561,-0.0481428392,0.9705751538,-0.2359367758,-0.9191727042,-0.1354915053,-0.3698155880,1,-397.1,-155.2,2737.8,1,-0.3909012377,-0.2851562500,0.8751469254,-0.0481428392,0.9558323622,0.2899427116,-0.9191727042,0.0712069124,-0.3873642683,1,-476.2,-540.7,2791.6,1,-145.3,-181.1,2677.2,1,-381.7,-323.8,2881.9,0,-477.6,-838.0,2559.1,1,-397.4,-804.8,2771.9,1,
19,0.2693330348,0.4135018289,-0.8697562814,-0.3538227677,0.8824548125,0.3099724948,0.8956947923,0.2242537439,0.3839806020,1,-188.1,404.6,2783.1,1,0.2693330348,0.4135018289,-0.8697562814,-0.3538227677,0.8824548125,0.3099724948,0.8956947923,0.2242537439,0.3839806020,1,-270.6,228.5,2738.4,1,0.2815290987,0.3954075277,-0.8742964268,-0.3270065784,0.8961433172,0.2999897301,0.9021131396,0.2014448494,0.3815912902,1,-349.1,50.5,2698.3,1,-0.0664346218,0.7071374059,-0.7039481997,0.9907558560,0.1303800792,0.0374688730,0.1182764694,-0.6949515939,-0.7092622519,1,-311.7,276.3,2606.7,1,-0.5361571312,0.7071374059,-0.4609687924,0.7396298647,0.1303800792,-0.6602641344,-0.4067963362,-0.6949515939,-0.5929241180,1,-294.1,13.3,2575.3,1,-0.0760527328,0.5429787636,-0.8362954259,-0.9968963265,-0.0242964402,0.0748829171,0.0203408301,0.8393948674,0.5431413651,0,-229.5,180.8,2870.1,1,-0.4956499636,0.4428706467,-0.7471256256,-0.8680831790,-0.2252568603,0.4423696995,0.0276173688,0.8678277135,0.4960971177,0,-250.7,-97.3,2875.8,0,0.3504732847,0.1322545111,-0.9271878004,0.1177360788,0.9759046435,0.1837072670,0.9291430116,-0.1735479534,0.3264573812,1,-449.6,-95.5,2574.6,1,0.3916489184,-0.0708374232,-0.9173839092,-0.1916540414,0.9688829780,-0.1566348374,0.8999332786,0.2371661961,0.3658857048,1,-502.1,-483.2,2643.6,1,-0.4053281546,0.1911926270,0.8939543962,-0.0397117957,0.9732794762,-0.2261638343,-0.9133083224,-0.1271711141,-0.3869049847,1,-400.9,-156.2,2740.6,1,-0.3971972167,-0.2878047228,0.8714371920,-0.0673003793,0.9561318159,0.2851011157,-0.9152622819,0.0545933172,-0.3991422355,1,-476.8,-542.8,2791.1,1,-151.5,-183.3,2683.4,1,-380.4,-324.5,2883.0,0,-476.1,-838.2,2556.7,1,-397.8,-805.3,2776.1,1,
20,0.3190429807,0.4484347999,-0.8349357843,-0.3860819042,0.8660583496,0.3176220059,0.8655358553,0.2210185230,0.4494424164,1,-173.9,408.7,2778.4,1,0.3190429807,0.4484347999,-0.8349357843,-0.3860819042,0.8660583496,0.3176220059,0.8655358553,0.2210185230,0.4494424164,1,-264.1,234.4,2734.0,1,0.3336421549,0.4147805572,-0.8465459347,-0.3564358950,0.8868430257,0.2940457165,0.8727177978,0.2036333084,0.4437308908,1,-346.6,58.2,2693.6,1,-0.0643017590,0.6918201447,-0.7192010283,0.9925992489,0.1187350154,0.0254690964,0.1030143797,-0.7122406960,-0.6943350434,1,-312.7,286.4,2606.8,1,-0.5330851078,0.6918201447,-0.4870370924,0.7493063807,0.1187350154,-0.6514920592,-0.3928869963,-0.7122406960,-0.5816811323,1,-295.1,14.0,2578.5,1,-0.0840222985,0.5933290720,-0.8005628586,-0.9964521527,-0.0539267361,0.0646144152,-0.0048341327,0.8031516075,0.5957550406,0,-215.6,182.4,2861.1,1,-0.5003771186,0.4936387241,-0.7112970948,-0.8652094007,-0.2545596063,0.4319861829,0.0321775861,0.8315769434,0.5544766784,0,-239.0,-95.5,2859.8,0,0.4093037546,0.1111759618,-0.9055994153,0.0977275372,0.9814964533,0.1646633744,0.9071492553,-0.1558993459,0.3908652365,1,-453.5,-97.6,2575.6,1,0.4430972934,-0.0602251031,-0.8944482803,-0.1772569120,0.9721568227,-0.1532680094,0.8787745833,0.2264597863,0.4200847447,1,-497.7,-487.5,2637.6,1,-0.4623593688,0.1840259284,0.8673858643,-0.0156705361,0.9763774276,-0.2155029178,-0.8865541220,-0.1132321954,-0.4485534728,1,-401.9,-157.5,2741.0,1,-0.4418731034,-0.2883705199,0.8494648933,-0.0880293101,0.9562930465,0.2788448930,-0.8927479982,0.0484362543,-0.4479452372,1,-475.0,-545.5,2786.0,1,-153.1,-185.6,2683.2,1,-370.0,-322.0,2868.2,0,-475.8,-840.5,2555.3,1,-396.7,-805.2,2772.8,1,
21,0.3097841740,0.4333013892,-0.8463354111,-0.3863868415,0.8706805706,0.3043362796,0.8687571287,0.2327343225,0.4371450245,1,-177.5,407.9,2777.6,1,0.3097841740,0.4333013892,-0.8463354111,-0.3863868415,0.8706805706,0.3043362796,0.8687571287,0.2327343225,0.4371450245,1,-264.2,233.5,2731.0,1,0.3237558603,0.4099560082,-0.8527122736,-0.3572560251,0.8875041008,0.2910406291,0.8760994673,0.2104104757,0.4337939024,1,-345.7,57.2,2689.3,1,-0.0474936143,0.6697052717,-0.7411067486,0.9940187335,0.1047344282,0.0309424456,0.0983417109,-0.7352043986,-0.6706738472,1,-311.4,285.7,2603.2,1,-0.5155452490,0.6697052717,-0.5345165133,0.7781394124,0.1047344282,-0.6192978024,-0.3587647080,-0.7352043986,-0.5751194358,1,-298.9,24.1,2577.3,1,-0.0809491128,0.5835205913,-0.8080537915,-0.9966875315,-0.0537528247,0.0610294640,-0.0078232260,0.8103174567,0.5859389305,0,-217.0,181.4,2858.8,1,-0.4985576570,0.4838910401,-0.7192285657,-0.8665155768,-0.2549245059,0.4291435778,0.0243097581,0.8371756077,0.5463936925,0,-239.6,-96.6,2856.6,0,0.4006976485,0.1037172303,-0.9103208780,0.1233583614,0.9784178138,0.1657747179,0.9078679085,-0.1787212342,0.3792553544,1,-459.5,-85.4,2573.5,1,0.4394278526,-0.0595016666,-0.8963050246,-0.1797726005,0.9717921615,-0.1526493132,0.8801050782,0.2282094508,0.4163357913,1,-500.7,-474.0,2644.5,1,-0.4545954764,0.1902827621,0.8701353073,-0.0321774185,0.9727677703,-0.2295374721,-0.8901165724,-0.1323454082,-0.4360930324,1,-398.5,-150.7,2733.2,1,-0.4399208128,-0.2790541053,0.8535798192,-0.0850322843,0.9591688514,0.2697492540,-0.8940017819,0.0460864827,-0.4456869364,1,-474.1,-537.1,2785.7,1,-161.6,-183.2,2672.9,1,-370.1,-323.5,2863.0,0,-478.3,-839.3,2558.7,1,-396.0,-805.6,2772.8,1,
22,0.3288739026,0.4124380052,-0.8495509624,-0.3906578422,0.8784282207,0.2752277553,0.8597839475,0.2413685173,0.4500142336,1,-182.9,406.7,2777.2,1,0.3288739026,0.4124380052,-0.8495509624,-0.3906578422,0.8784282207,0.2752277553,0.8597839475,0.2413685173,0.4500142336,1,-265.1,231.7,2729.1,1,0.3415932059,0.3996921480,-0.8506234884,-0.3629463911,0.8909547329,0.2728911340,0.8669394255,0.2155129611,0.4494108856,1,-344.5,54.7,2686.3,1,-0.0577215888,0.6893351674,-0.7221393585,0.9932690859,0.1124156937,0.0279156994,0.1004230678,-0.7156673074,-0.6911841035,1,-314.9,284.7,2602.5,1,-0.5111548901,0.6893351674,-0.5133591890,0.7755177021,0.1124156937,-0.6212366819,-0.3705306649,-0.7156673074,-0.5920534730,1,-299.6,21.8,2576.0,1,-0.0661010072,0.5958378315,-0.8003798723,-0.9976290464,-0.0548645332,0.0415476747,-0.0191567931,0.8012285233,0.5980517268,0,-215.2,178.7,2855.6,1,-0.4853017926,0.4995378852,-0.7175960541,-0.8741061687,-0.2579398751,0.4115889072,0.0205076262,0.8269999623,0.5618278384,0,-233.6,-99.5,2850.3,0,0.4111627638,0.0944794863,-0.9066525102,0.1111496538,0.9819965363,0.1527367234,0.9047601223,-0.1635737717,0.3932590783,1,-456.8,-86.4,2567.3,1,0.4386752844,-0.0408300310,-0.8977175951,-0.1604596823,0.9793545604,-0.1229526624,0.8842039704,0.1979837716,0.4230670631,1,-494.3,-476.5,2632.3,1,-0.4662565887,0.1905157566,0.8638914824,-0.0252298787,0.9732744098,-0.2282551825,-0.8842896819,-0.1282213628,-0.4489888847,1,-397.5,-151.9,2727.8,1,-0.4447988570,-0.2790871561,0.8510372043,-0.1045751125,0.9598942995,0.2601287961,-0.8895043731,0.0267076772,-0.4561454654,1,-473.2,-538.6,2778.7,1,-163.3,-185.0,2674.8,1,-360.7,-328.3,2855.7,0,-479.3,-837.2,2559.4,1,-395.2,-806.7,2771.3,1,
23,0.2959513366,0.4008081257,-0.8670442104,-0.3634462655,0.8866835833,0.2858303785,0.8833570480,0.2305320948,0.4080874026,1,-187.1,403.2,2778.5,1,0.2959513366,0.4008081257,-0.8670442104,-0.3634462655,0.8866835833,0.2858303785,0.8833570480,0.2305320948,0.4080874026,1,-266.8,226.8,2732.6,1,0.3092932701,0.3868884146,-0.8687088490,-0.3331889212,0.8996832371,0.2820552886,0.8906866908,0.2022063583,0.4071729183,1,-343.7,48.1,2692.5,1,-0.0478080511,0.6863358617,-0.7257117033,0.9945167303,0.1003601402,0.0293985270,0.0930097923,-0.7203269601,-0.6873705387,1,-311.9,275.5,2602.7,1,-0.4980304837,0.6863358617,-0.5300082564,0.7866327167,0.1003601402,-0.6092100143,-0.3649309576,-0.7203269601,-0.5898766518,1,-299.8,22.8,2579.1,1,-0.0611535348,0.5644664168,-0.8231876493,-0.9980744720,-0.0260092448,0.0563108958,0.0103751207,0.8250461817,0.5649700761,0,-221.7,178.2,2862.5,1,-0.4819053113,0.4681723416,-0.7406631708,-0.8757162094,-0.2285834700,0.4252889454,0.0298051722,0.8535597324,0.5201417208,0,-238.8,-100.1,2865.4,0,0.3737265170,0.1018040627,-0.9219351411,0.1282280684,0.9787437320,0.1600571573,0.9186326861,-0.1780355722,0.3527283669,1,-455.2,-89.1,2564.0,1,0.4033209383,-0.0394125022,-0.9142094254,-0.1681395173,0.9788693786,-0.1163780242,0.8994783759,0.2006524354,0.3881717324,1,-495.7,-477.9,2634.8,1,-0.3052038550,0.2092389166,0.9290154576,-0.0705957934,0.9679066539,-0.2411906719,-0.9496666789,-0.1391969025,-0.2806374431,1,-392.6,-155.6,2722.9,1,-0.3052038550,-0.2887792289,0.9074454308,-0.0705957934,0.9571507573,0.2808534205,-0.9496666789,0.0216557179,-0.3125126958,1,-475.7,-540.1,2778.2,1,-166.9,-187.1,2676.4,1,-364.9,-329.3,2873.2,0,-481.4,-831.4,2562.3,1,-394.4,-809.6,2772.1,1,
