1,0.9997549057,0.0004788738,-0.0221332703,0.0005012288,0.9990201592,0.0442551188,0.0221327767,-0.0442553647,0.9987750649,1,-65.3,472.6,2137.2,1,0.9997549057,0.0004788738,-0.0221332703,0.0005012288,0.9990201592,0.0442551188,0.0221327767,-0.0442553647,0.9987750649,1,-65.3,270.8,2146.2,1,0.9997549653,-0.0003897773,-0.0221334137,0.0012984569,0.9991560578,0.0410551429,0.0220987312,-0.0410738215,0.9989116788,1,-65.3,75.1,2154.2,1,0.1576138586,-0.8648954630,-0.4765644670,0.9873069525,0.1475803554,0.0586944297,0.0195670035,-0.4797664583,0.8771780133,1,-207.8,270.6,2143.0,1,0.0508774295,-0.8633983731,-0.5019509196,0.9462358952,0.2024386525,-0.2523018718,0.3194512725,-0.4621275067,0.8272780776,1,-249.8,7.8,2137.8,1,0.1233255118,0.6915102005,0.7117615342,-0.9884313345,0.1494048685,0.0261095949,-0.0882855803,-0.7067473531,0.7019357681,1,77.1,271.0,2149.3,1,-0.0777774155,0.6923062801,0.7173999548,-0.9533966184,0.1587624550,-0.2565723062,-0.2915228009,-0.7039222121,0.6476943493,1,111.5,-4.6,2124.7,1,0.9038970470,0.0108362418,-0.4276128113,-0.0059847380,0.9999015927,0.0126880882,0.4277082086,-0.0089095747,0.9038729668,1,-161.0,-120.3,2161.9,1,0.9020792246,0.0595168546,-0.4274468422,-0.0540112518,0.9982271791,0.0250064135,0.4281773567,0.0005291724,0.9036945701,1,-165.2,-512.0,2165.4,1,0.9229635596,-0.0303903259,0.3836856186,0.0365673378,0.9992923141,-0.0088132070,-0.3831462562,0.0221646316,0.9234217405,1,19.8,-121.9,2164.7,1,0.9232162237,0.0413835607,0.3820460141,-0.0586658567,0.9977089167,0.0336936489,-0.3797763288,-0.0535195805,0.9235288501,1,31.7,-513.3,2156.0,1,-264.0,-256.1,2048.7,1,89.6,-273.2,2042.6,1,-187.6,-887.9,2165.2,1,16.1,-889.0,2176.2,1,
2,0.9996183515,-0.0023079962,-0.0275279973,0.0035725709,0.9989361167,0.0459774360,0.0273925941,-0.0460582338,0.9985631108,1,-65.2,472.3,2137.3,1,0.9996183515,-0.0023079962,-0.0275279973,0.0035725709,0.9989361167,0.0459774360,0.0273925941,-0.0460582338,0.9985631108,1,-64.7,270.5,2146.6,1,0.9996160269,-0.0032067609,-0.0275224429,0.0044153547,0.9990233183,0.0439652316,0.0273545757,-0.0440698750,0.9986538887,1,-64.1,74.8,2155.2,1,0.1453663707,-0.8636401892,-0.4826947451,0.9891216159,0.1379629970,0.0510356240,0.0225176010,-0.4848626852,0.8743003607,1,-207.2,269.9,2142.7,1,0.0633210316,-0.8613377213,-0.5040711761,0.9446660280,0.2146258354,-0.2480762750,0.3218641579,-0.4604704976,0.8272668123,1,-246.2,4.1,2136.6,1,0.1252194792,0.6940496564,0.7089535594,-0.9876475334,0.1550450921,0.0226583388,-0.0941937566,-0.7030335069,0.7048910856,1,77.7,271.1,2150.5,1,-0.0887482315,0.6935196519,0.7149505019,-0.9531698823,0.1492161453,-0.2630622089,-0.2891209722,-0.7048155665,0.6477993727,1,112.4,-2.4,2124.4,1,0.9014542103,0.0227184724,-0.4322778881,-0.0143827992,0.9996424317,0.0225431677,0.4326354563,-0.0141042667,0.9014586210,1,-155.6,-120.7,2160.3,1,0.8998069167,0.0595872588,-0.4322000146,-0.0536809340,0.9982231259,0.0258651078,0.4329732656,-0.0000727035,0.9014067650,1,-164.5,-512.3,2165.8,1,0.9251322746,-0.0193945225,0.3791492283,0.0277674012,0.9994761348,-0.0166271124,-0.3786281347,0.0259102657,0.9251861572,1,25.2,-120.5,2164.3,1,0.9245638251,0.0496185422,0.3777826726,-0.0663237572,0.9973061681,0.0313293040,-0.3752104938,-0.0540219061,0.9253640771,1,32.8,-512.0,2154.1,1,-263.9,-259.4,2046.8,1,87.4,-270.9,2042.9,1,-186.9,-888.2,2165.8,1,14.1,-887.5,2174.5,1,
3,0.9996646643,0.0040468336,-0.0255770534,-0.0028479532,0.9989031553,0.0467370786,0.0257381368,-0.0466485620,0.9985797405,1,-66.1,473.0,2137.3,1,0.9996646643,0.0040468336,-0.0255770534,-0.0028479532,0.9989031553,0.0467370786,0.0257381368,-0.0466485620,0.9985797405,1,-66.9,271.3,2146.7,1,0.9996657372,0.0037283665,-0.0255841333,-0.0025762690,0.9989873767,0.0449178033,0.0257256962,-0.0448368751,0.9986630082,1,-67.6,75.6,2155.5,1,0.1348941475,-0.8654178381,-0.4825510681,0.9905463457,0.1300322264,0.0436984003,0.0249298103,-0.4838838577,0.8747770786,1,-209.4,271.6,2143.0,1,0.0607559420,-0.8633773923,-0.5008874536,0.9451743960,0.2110755742,-0.2491835654,0.3208645582,-0.4582865834,0.8288663030,1,-245.8,4.0,2136.3,1,0.1296291798,0.6926370263,0.7095422149,-0.9867839813,0.1602815837,0.0238168016,-0.0972301513,-0.7032522559,0.7042602897,1,75.6,270.9,2150.4,1,-0.0831634998,0.6918401718,0.7172454596,-0.9548206925,0.1507428139,-0.2561133802,-0.2853091359,-0.7061400414,0.6480469704,1,111.3,-1.4,2123.5,1,0.9020300508,0.0285648480,-0.4307270944,-0.0205730945,0.9995191097,0.0232016109,0.4311827123,-0.0120671615,0.9021839499,1,-153.8,-121.2,2161.4,1,0.9006145000,0.0550760180,-0.4311150610,-0.0572957695,0.9983264208,0.0078457985,0.4308256805,0.0176350307,0.9022628665,1,-165.0,-512.8,2166.1,1,0.9245705605,-0.0163624007,0.3806594014,0.0289814174,0.9992032051,-0.0274418611,-0.3799070716,0.0364039876,0.9243080616,1,26.9,-120.4,2166.3,1,0.9238433242,0.0531936698,0.3790566027,-0.0700858831,0.9970624447,0.0308950413,-0.3762996495,-0.0551086962,0.9248576164,1,33.3,-511.8,2152.0,1,-262.8,-259.6,2046.8,1,87.9,-270.4,2043.1,1,-185.8,-888.7,2159.4,1,13.3,-887.3,2172.8,1,
4,0.9996739626,0.0085431971,-0.0240620598,-0.0074102324,0.9988774061,0.0467869230,0.0244347584,-0.0465933606,0.9986150265,1,-65.6,472.7,2137.8,1,0.9996739626,0.0085431971,-0.0240620598,-0.0074102324,0.9988774061,0.0467869230,0.0244347584,-0.0465933606,0.9986150265,1,-67.3,271.0,2147.2,1,0.9996684790,0.0090980902,-0.0240869839,-0.0080326954,0.9990007877,0.0439643003,0.0244629085,-0.0437562391,0.9987426996,1,-69.1,75.4,2155.8,1,0.1382428408,-0.8654372096,-0.4815676510,0.9900127649,0.1343199760,0.0428115800,0.0276334230,-0.4826765358,0.8753626347,1,-209.8,272.2,2143.7,1,0.0592590831,-0.8634393215,-0.5009599924,0.9465321898,0.2080258727,-0.2465807348,0.3171201348,-0.4595626295,0.8296005130,1,-246.9,6.6,2136.3,1,0.1162287593,0.6932504773,0.7112627029,-0.9882818460,0.1520608068,0.0132869883,-0.0989439711,-0.7044723034,0.7028006911,1,75.2,269.9,2150.7,1,-0.0700484887,0.6939337850,0.7166234255,-0.9549745321,0.1609719545,-0.2492221147,-0.2882999182,-0.7018147111,0.6514132619,1,107.1,-1.5,2123.5,1,0.9027707577,0.0161397476,-0.4298191071,-0.0129550509,0.9998626709,0.0103347898,0.4299268723,-0.0037616175,0.9028558731,1,-158.7,-119.8,2161.9,1,0.9010558724,0.0603093877,-0.4294892848,-0.0539186783,0.9981790185,0.0270456597,0.4303382933,-0.0012121572,0.9026668668,1,-165.1,-511.4,2163.4,1,0.9239113331,-0.0295711216,0.3814621270,0.0404592864,0.9989697933,-0.0205528643,-0.3804613650,0.0344227105,0.9241559505,1,22.0,-120.3,2166.6,1,0.9237441421,0.0491095036,0.3798486590,-0.0621700287,0.9978190064,0.0221846439,-0.3779307306,-0.0441081375,0.9247825742,1,33.6,-511.6,2153.1,1,-263.4,-257.5,2047.8,1,87.3,-270.5,2042.3,1,-187.8,-887.3,2163.9,1,15.1,-887.3,2169.7,1,
5,0.9994987249,0.0078171538,-0.0306791011,-0.0063021011,0.9987703562,0.0491735227,0.0310257729,-0.0489555299,0.9983189702,1,-65.4,471.3,2137.5,1,0.9994987249,0.0078171538,-0.0306791011,-0.0063021011,0.9987703562,0.0491735227,0.0310257729,-0.0489555299,0.9983189702,1,-67.0,269.4,2147.4,1,0.9995146394,0.0053224498,-0.0306940842,-0.0038790233,0.9988922477,0.0468954667,0.0309096817,-0.0467536449,0.9984281063,1,-68.0,73.7,2156.6,1,0.1582456827,-0.8601791859,-0.4848196507,0.9872123003,0.1473983824,0.0607093051,0.0192407481,-0.4882268906,0.8725045919,1,-209.4,269.9,2143.0,1,0.0466710255,-0.8589323163,-0.5099579096,0.9435975552,0.2054321319,-0.2596560121,0.3277886808,-0.4690766037,0.8200742006,1,-251.3,8.5,2137.9,1,0.1108535528,0.6973223090,0.7081335187,-0.9884767532,0.1512620896,0.0057866685,-0.1030785739,-0.7006149888,0.7060548663,1,75.5,268.8,2151.8,1,-0.0671748444,0.6981154084,0.7128270268,-0.9549795985,0.1619291753,-0.2485818416,-0.2889663279,-0.6974337101,0.6558083892,1,105.7,-1.0,2123.7,1,0.9000568986,0.0121717723,-0.4356023371,-0.0057197842,0.9998537302,0.0161198862,0.4357348382,-0.0120172640,0.8999948502,1,-161.2,-119.6,2162.1,1,0.8980119228,0.0616488457,-0.4356305301,-0.0618663132,0.9979904294,0.0137002915,0.4355996847,0.0146478293,0.9000213146,1,-166.0,-511.2,2166.8,1,0.9264994860,-0.0276040640,0.3752821088,0.0323410369,0.9994568825,-0.0063282633,-0.3749035895,0.0180001445,0.9268890619,1,19.5,-121.0,2166.5,1,0.9264951944,0.0281209722,0.3752544224,-0.0281798691,0.9995886683,-0.0053320928,-0.3752499819,-0.0056344620,0.9269065261,1,30.3,-512.5,2159.5,1,-264.3,-254.7,2046.5,1,86.8,-270.0,2042.3,1,-189.2,-887.0,2161.3,1,19.7,-888.6,2161.6,1,
6,0.9997525215,0.0079569910,-0.0207759198,-0.0069007841,0.9987040758,0.0504239202,0.0211502183,-0.0502680689,0.9985117912,1,-65.4,473.8,2136.9,1,0.9997525215,0.0079569910,-0.0207759198,-0.0069007841,0.9987040758,0.0504239202,0.0211502183,-0.0502680689,0.9985117912,1,-67.0,271.5,2147.1,1,0.9997677207,0.0056562047,-0.0207962524,-0.0046642763,0.9988631606,0.0474403538,0.0210409444,-0.0473323353,0.9986575842,1,-68.1,75.9,2156.4,1,0.1504101902,-0.8650821447,-0.4785495102,0.9881653190,0.1462922096,0.0461297184,0.0301020686,-0.4798243940,0.8768479824,1,-209.5,272.2,2144.1,1,0.0530608334,-0.8634541631,-0.5016287565,0.9448602200,0.2059688568,-0.2545898855,0.3231466115,-0.4604603052,0.8267723918,1,-250.0,6.0,2136.0,1,0.1123194322,0.6911812425,0.7138997316,-0.9894229174,0.1441643536,0.0160915013,-0.0917967558,-0.7081561685,0.7000630498,1,75.5,270.8,2150.1,1,-0.0709352568,0.6927887797,0.7176432610,-0.9536454082,0.1638360769,-0.2524246871,-0.2924528420,-0.7022830248,0.6490530968,1,106.4,-1.7,2124.8,1,0.9042617679,0.0136275869,-0.4267609715,-0.0099205459,0.9998912811,0.0109085310,0.4268632233,-0.0056304662,0.9042986631,1,-159.4,-121.6,2163.0,1,0.9023807049,0.0621539094,-0.4264339507,-0.0548072904,0.9980612993,0.0294919536,0.4274402559,-0.0032412822,0.9040377736,1,-164.7,-513.2,2165.2,1,0.9225410819,-0.0263133794,0.3850006759,0.0403379835,0.9987825155,-0.0283950288,-0.3837848008,0.0417257324,0.9224793911,1,21.3,-122.3,2168.5,1,0.9233579040,0.0351715460,0.3823259771,-0.0543511324,0.9977411628,0.0394779555,-0.3800738752,-0.0572321340,0.9231837988,1,31.6,-513.4,2152.2,1,-264.8,-257.5,2045.8,1,86.4,-270.3,2042.4,1,-188.1,-889.0,2166.4,1,18.4,-888.5,2173.7,1,
7,0.9998015761,0.0106062060,-0.0168599375,-0.0097830929,0.9987909794,0.0481752157,0.0173505098,-0.0480007157,0.9986966252,1,-64.9,473.2,2137.6,1,0.9998015761,0.0106062060,-0.0168599375,-0.0097830929,0.9987909794,0.0481752157,0.0173505098,-0.0480007157,0.9986966252,1,-67.1,271.1,2147.3,1,0.9998103976,0.0096700881,-0.0169018842,-0.0089176130,0.9989898801,0.0440423265,0.0173107032,-0.0438832492,0.9988867044,1,-69.0,75.5,2155.9,1,0.1476693451,-0.8663685322,-0.4770737588,0.9880581498,0.1506789923,0.0322012343,0.0439868569,-0.4761317372,0.8782731295,1,-209.6,272.4,2144.8,1,0.0514789857,-0.8648780584,-0.4993353784,0.9489467144,0.1981720030,-0.2454138249,0.3112073243,-0.4612090290,0.8309249282,1,-249.1,8.0,2133.1,1,0.1150540560,0.6890245676,0.7155471444,-0.9892534614,0.1448998898,0.0195347555,-0.0902227834,-0.7101050615,0.6982912421,1,75.4,269.9,2149.8,1,-0.0715765804,0.6907854676,0.7195083499,-0.9527637959,0.1661107838,-0.2542604208,-0.2951574922,-0.7037205696,0.6462657452,1,106.8,0.1,2125.2,1,0.9058768153,0.0104499860,-0.4234123230,-0.0087220669,0.9999438524,0.0060184393,0.4234514236,-0.0017589342,0.9059171081,1,-159.6,-119.4,2163.7,1,0.9036970139,0.0665958300,-0.4229617715,-0.0577773750,0.9977621436,0.0336521119,0.4242563248,-0.0059736930,0.9055224657,1,-163.7,-511.0,2164.4,1,0.9210708737,-0.0297238752,0.3882589042,0.0457383320,0.9984385967,-0.0320682414,-0.3866994977,0.0472954400,0.9209921956,1,21.2,-120.2,2167.5,1,0.9223221540,0.0448891260,0.3838056922,-0.0738380998,0.9954016805,0.0610199422,-0.3793016970,-0.0846195295,0.9213955402,1,32.8,-511.2,2149.0,1,-263.4,-256.7,2046.3,1,86.6,-268.3,2042.0,1,-188.8,-886.8,2166.7,1,15.9,-885.7,2180.8,1,
8,0.9999070764,0.0117576104,-0.0068986407,-0.0114165405,0.9988033772,0.0475544371,0.0074495124,-0.0474712625,0.9988448024,1,-63.9,471.1,2137.9,1,0.9999070764,0.0117576104,-0.0068986407,-0.0114165405,0.9988033772,0.0475544371,0.0074495124,-0.0474712625,0.9988448024,1,-66.3,268.7,2147.5,1,0.9999248385,0.0101064444,-0.0069436207,-0.0097954916,0.9990078211,0.0434444137,0.0073758001,-0.0433731303,0.9990317225,1,-68.3,73.1,2156.0,1,0.1592734456,-0.8698205352,-0.4669519961,0.9864746332,0.1587766260,0.0407152176,0.0387261249,-0.4671211541,0.8833448291,1,-208.8,270.1,2146.5,1,0.0428442508,-0.8688375354,-0.4932400584,0.9465355277,0.1932988316,-0.2582752109,0.3197419047,-0.4558036327,0.8306673169,1,-250.8,9.6,2136.3,1,0.1137675643,0.6818997264,0.7225439548,-0.9890978932,0.1461823881,0.0177782029,-0.0935002416,-0.7166892886,0.6910963655,1,76.2,267.3,2148.6,1,-0.0758929476,0.6833516955,0.7261341214,-0.9535763264,0.1631039679,-0.2531585991,-0.2914316952,-0.7116372585,0.6392495632,1,107.1,-0.7,2123.3,1,0.9100787640,0.0066769393,-0.4143815339,-0.0042400965,0.9999678731,0.0068002623,0.4144136310,-0.0044317567,0.9100778699,1,-161.2,-119.4,2162.9,1,0.9077857733,0.0670422092,-0.4140414298,-0.0580475442,0.9977249503,0.0342838876,0.4153979421,-0.0070883385,0.9096121788,1,-163.9,-511.1,2164.7,1,0.9172311425,-0.0326402150,0.3970158696,0.0449782349,0.9987500310,-0.0218027178,-0.3958079815,0.0378552042,0.9175527692,1,19.5,-121.0,2166.1,1,0.9185500741,0.0351881497,0.3937354684,-0.0589953437,0.9970782995,0.0485220030,-0.3908776939,-0.0677984506,0.9179422855,1,32.3,-512.2,2151.2,1,-262.8,-254.4,2047.1,1,85.7,-269.4,2041.2,1,-189.1,-886.9,2167.3,1,19.1,-887.4,2176.7,1,
9,0.9997718930,0.0127507932,-0.0171334222,-0.0119320508,0.9988204241,0.0470672809,0.0177133586,-0.0468521081,0.9987447858,1,-63.6,471.5,2137.1,1,0.9997718930,0.0127507932,-0.0171334222,-0.0119320508,0.9988204241,0.0470672809,0.0177133586,-0.0468521081,0.9987447858,1,-66.2,267.7,2146.7,1,0.9997907281,0.0111294668,-0.0171648078,-0.0103572076,0.9989582896,0.0444417074,0.0176415388,-0.0442546271,0.9988645315,1,-68.4,72.0,2155.3,1,0.1575902104,-0.8660063744,-0.4745506048,0.9871019125,0.1518673748,0.0506573431,0.0281991698,-0.4764128923,0.8787693381,1,-208.7,269.2,2144.2,1,0.0447267182,-0.8648523092,-0.5000299811,0.9449390769,0.1990477741,-0.2597502172,0.3241754472,-0.4608801007,0.8261354566,1,-250.6,6.8,2136.7,1,0.1080843359,0.6895041466,0.7161716223,-0.9896194935,0.1432570070,0.0114303129,-0.0947153643,-0.7099728584,0.6978305578,1,76.3,266.2,2149.2,1,-0.0666700527,0.6916056275,0.7191917300,-0.9529007673,0.1695987433,-0.2514286339,-0.2958634794,-0.7020811439,0.6477243900,1,105.6,-2.1,2123.5,1,0.9057748914,0.0071745906,-0.4236984253,-0.0047462196,0.9999657273,0.0067862840,0.4237325788,-0.0041358797,0.9057778716,1,-160.6,-121.7,2163.9,1,0.9031031132,0.0716188625,-0.4234093428,-0.0648065805,0.9974320531,0.0304856747,0.4245054126,-0.0000919957,0.9054253697,1,-163.4,-513.4,2165.5,1,0.9213585258,-0.0298371762,0.3875671029,0.0411755517,0.9989315867,-0.0209825467,-0.3865269721,0.0352907367,0.9216026664,1,20.1,-123.5,2165.2,1,0.9225375652,0.0318184309,0.3845932484,-0.0543440171,0.9973755479,0.0478413887,-0.3820616603,-0.0650358200,0.9218455553,1,31.8,-514.8,2151.4,1,-263.0,-256.8,2046.2,1,86.8,-270.6,2040.1,1,-190.4,-889.1,2165.5,1,19.9,-890.3,2175.9,1,
10,0.9996898770,0.0143572316,-0.0203474592,-0.0133620705,0.9987469912,0.0482278988,0.0210143812,-0.0479410551,0.9986290932,1,-63.0,473.1,2137.2,1,0.9996898770,0.0143572316,-0.0203474592,-0.0133620705,0.9987469912,0.0482278988,0.0210143812,-0.0479410551,0.9986290932,1,-65.9,270.0,2146.9,1,0.9997207522,0.0119563472,-0.0203841422,-0.0110200308,0.9989061356,0.0454429425,0.0209051780,-0.0452056192,0.9987589717,1,-68.2,74.3,2155.8,1,0.1635843068,-0.8645470142,-0.4751827419,0.9864122272,0.1507624984,0.0652807504,0.0152014643,-0.4794049859,0.8774621487,1,-208.4,271.6,2144.0,1,0.0347910486,-0.8638940454,-0.5024705529,0.9402571321,0.1986788362,-0.2764836848,0.3386828899,-0.4628323913,0.8191947937,1,-252.3,6.4,2139.9,1,0.1025952548,0.6926335096,0.7139558792,-0.9907481670,0.1352536976,0.0111558987,-0.0888382271,-0.7084950805,0.7001017928,1,76.6,268.4,2149.9,1,-0.0591727607,0.6962583661,0.7153480649,-0.9499730468,0.1808744669,-0.2546283305,-0.3066753149,-0.6946284771,0.6507238746,1,104.7,-3.1,2125.6,1,0.9043756127,0.0082621565,-0.4266573191,-0.0064810128,0.9999631643,0.0056264866,0.4266881049,-0.0023232857,0.9043958783,1,-160.9,-122.7,2162.4,1,0.9023280144,0.0642883256,-0.4262289703,-0.0545307957,0.9978959560,0.0350712836,0.4275868535,-0.0084031969,0.9039351940,1,-164.2,-514.4,2163.3,1,0.9224895835,-0.0331757478,0.3845936954,0.0449492335,0.9987543821,-0.0216612406,-0.3833959997,0.0372694619,0.9228317738,1,19.8,-124.6,2165.6,1,0.9234254360,0.0440959856,0.3812361360,-0.0681519881,0.9964300394,0.0498240069,-0.3776781261,-0.0719907582,0.9231340885,1,32.8,-515.8,2151.0,1,-262.0,-255.8,2045.4,1,88.0,-270.7,2039.2,1,-188.4,-890.2,2166.5,1,16.2,-891.0,2178.1,1,
11,0.9998435378,0.0122066820,-0.0128004784,-0.0115520274,0.9986810684,0.0500264131,0.0133942524,-0.0498707145,0.9986658692,1,-63.3,473.0,2137.2,1,0.9998435378,0.0122066820,-0.0128004784,-0.0115520274,0.9986810684,0.0500264131,0.0133942524,-0.0498707145,0.9986658692,1,-65.8,270.3,2147.4,1,0.9998757839,0.0091315368,-0.0128457015,-0.0085344426,0.9989144802,0.0457928851,0.0132499170,-0.0456775688,0.9988683462,1,-67.6,74.7,2156.3,1,0.1607404351,-0.8676215410,-0.4705266654,0.9866316915,0.1542114019,0.0526951253,0.0268411487,-0.4727067649,0.8808109164,1,-208.3,271.5,2145.5,1,0.0367791131,-0.8668435812,-0.4972217381,0.9418835640,0.1963268220,-0.2726007402,0.3339201808,-0.4582989514,0.8236864805,1,-251.2,7.9,2138.3,1,0.1051206365,0.6873748899,0.7186552882,-0.9911068082,0.1317052245,0.0190006457,-0.0815900862,-0.7142614722,0.6951068640,1,76.7,269.1,2149.2,1,-0.0617227368,0.6921638250,0.7190963626,-0.9468193650,0.1873469651,-0.2615992725,-0.3157900572,-0.6970009804,0.6437905431,1,105.7,-4.4,2126.7,1,0.9075869918,0.0094838552,-0.4197569489,-0.0098165963,0.9999508858,0.0013673981,0.4197492898,0.0028795516,0.9076355100,1,-161.0,-120.3,2162.8,1,0.9058127999,0.0605999269,-0.4193218648,-0.0530761182,0.9981517196,0.0295975413,0.4203404784,-0.0045538535,0.9073550105,1,-164.7,-512.0,2161.6,1,0.9196580648,-0.0305396747,0.3915307522,0.0396020636,0.9991015792,-0.0150898034,-0.3907181323,0.0293828864,0.9200412631,1,19.8,-122.3,2166.5,1,0.9200593233,0.0440587550,0.3892938197,-0.0643379688,0.9971578717,0.0392022952,-0.3864601851,-0.0611148104,0.9202790260,1,31.7,-513.7,2155.0,1,-261.5,-254.8,2045.2,1,88.3,-271.1,2037.8,1,-187.5,-888.0,2163.3,1,15.2,-889.2,2178.0,1,
12,0.9997404814,0.0157716740,-0.0164387915,-0.0149498787,0.9986883998,0.0489689223,0.0171895530,-0.0487104580,0.9986650348,1,-62.5,473.0,2137.8,1,0.9997404814,0.0157716740,-0.0164387915,-0.0149498787,0.9986883998,0.0489689223,0.0171895530,-0.0487104580,0.9986650348,1,-65.7,270.5,2147.6,1,0.9997866154,0.0124290334,-0.0164992344,-0.0116809513,0.9989327192,0.0446874872,0.0170370471,-0.0444852263,0.9988647699,1,-68.1,74.8,2156.3,1,0.1542535871,-0.8665749431,-0.4746090174,0.9875795245,0.1497543752,0.0475429296,0.0298752636,-0.4760478139,0.8789117932,1,-208.1,272.1,2145.2,1,0.0410044119,-0.8656100035,-0.4990370274,0.9433856010,0.1980773956,-0.2660620213,0.3291538954,-0.4598746002,0.8247260451,1,-249.5,7.6,2137.2,1,0.1030190811,0.6906127930,0.7158498764,-0.9914523959,0.1292188764,0.0180181675,-0.0800577328,-0.7115872502,0.6980217099,1,76.8,268.8,2150.1,1,-0.0518507101,0.6959345937,0.7162308097,-0.9459110498,0.1957704723,-0.2587009668,-0.3202557862,-0.6909044981,0.6481413841,1,105.1,-3.4,2128.1,1,0.9059602022,0.0105562052,-0.4232312441,-0.0122388778,0.9999243021,-0.0012582485,0.4231859446,0.0063197990,0.9060208201,1,-159.7,-120.2,2164.0,1,0.9041025043,0.0644338652,-0.4224298000,-0.0523322895,0.9978204370,0.0401952527,0.4240990281,-0.0142339095,0.9055039287,1,-163.9,-511.9,2161.6,1,0.9210087657,-0.0315232724,0.3882642984,0.0455347560,0.9985995293,-0.0269372836,-0.3868713975,0.0424889959,0.9211542606,1,21.0,-121.8,2166.4,1,0.9214889407,0.0599893518,0.3837438822,-0.0916153640,0.9936931729,0.0646565109,-0.3774449825,-0.0947370976,0.9211732745,1,33.4,-512.9,2149.8,1,-260.9,-255.6,2045.4,1,90.5,-269.8,2037.9,1,-188.1,-887.7,2166.9,1,10.8,-886.9,2185.5,1,
13,0.9997411370,0.0169045925,-0.0152267767,-0.0160857253,0.9984974861,0.0523835234,0.0160894208,-0.0521250293,0.9985109568,1,-62.0,471.9,2137.0,1,0.9997411370,0.0169045925,-0.0152267767,-0.0160857253,0.9984974861,0.0523835234,0.0160894208,-0.0521250293,0.9985109568,1,-65.4,269.6,2147.6,1,0.9997648001,0.0153501751,-0.0153219197,-0.0146230264,0.9988116026,0.0464919917,0.0160173718,-0.0462570004,0.9988011718,1,-68.4,74.0,2156.6,1,0.1538047642,-0.8671485186,-0.4737061560,0.9877247810,0.1481591761,0.0494837873,0.0272741187,-0.4755021632,0.8792916536,1,-207.9,271.7,2145.3,1,0.0528277494,-0.8655382991,-0.4980488420,0.9432528019,0.2069910169,-0.2596707940,0.3278466463,-0.4560681283,0.8273562789,1,-248.9,8.2,2138.0,1,0.1089066342,0.6898331046,0.7157301307,-0.9911997318,0.1298646778,0.0256567001,-0.0752492175,-0.7122257352,0.6979054809,1,77.1,267.5,2149.9,1,-0.0528938212,0.6957845688,0.7163002491,-0.9429193139,0.2013764977,-0.2652369142,-0.3287937939,-0.6894427538,0.6454171538,1,107.1,-5.6,2129.1,1,0.9063951373,0.0075959801,-0.4223626554,-0.0110398214,0.9999227524,-0.0057084756,0.4222866595,0.0098369429,0.9064089656,1,-160.9,-119.8,2163.5,1,0.9047090411,0.0634223223,-0.4212826788,-0.0466399863,0.9976579547,0.0500332937,0.4234692454,-0.0256169569,0.9055482149,1,-163.9,-511.5,2159.7,1,0.9207092524,-0.0304597393,0.3890587389,0.0429864898,0.9987984896,-0.0235309396,-0.3878745437,0.0383894220,0.9209123850,1,19.8,-121.9,2166.6,1,0.9207504392,0.0543508865,0.3863478303,-0.0755079836,0.9963511229,0.0397865288,-0.3827756643,-0.0658058077,0.9214946628,1,31.8,-513.1,2151.6,1,-263.7,-254.9,2046.6,1,92.2,-271.2,2036.5,1,-187.8,-887.2,2169.3,1,11.3,-888.1,2176.3,1,
14,0.9998005629,0.0199591890,0.0007243270,-0.0199702177,0.9985101223,0.0507813916,0.0002903075,-0.0507857278,0.9987095594,1,-61.4,471.3,2137.1,1,0.9998005629,0.0199591890,0.0007243270,-0.0199702177,0.9985101223,0.0507813916,0.0002903075,-0.0507857278,0.9987095594,1,-65.5,269.0,2147.4,1,0.9998227358,0.0188183654,0.0006168992,-0.0188270025,0.9987983704,0.0452481247,0.0002353378,-0.0452517197,0.9989755750,1,-69.2,73.4,2156.3,1,0.1518776566,-0.8744683862,-0.4606931806,0.9879201651,0.1488174200,0.0432107039,0.0307727735,-0.4616908133,0.8865069747,1,-208.0,271.7,2147.4,1,0.0493120030,-0.8730783463,-0.4850799143,0.9431040287,0.2005958408,-0.2651718557,0.3288207948,-0.4444046617,0.8332954645,1,-248.4,9.0,2139.2,1,0.1048716456,0.6799158454,0.7257522941,-0.9923103452,0.1197862104,0.0311685819,-0.0657431036,-0.7234401703,0.6872496605,1,77.0,266.3,2147.5,1,-0.0452730656,0.6876298189,0.7246485949,-0.9416520596,0.2128130496,-0.2607719898,-0.3335292637,-0.6941727996,0.6378732920,1,105.9,-7.6,2129.3,1,0.9129391909,0.0116826724,-0.4079283774,-0.0106681185,0.9999317527,0.0047619431,0.4079561532,0.0000044637,0.9130015373,1,-161.8,-120.3,2164.2,1,0.9118074179,0.0497553162,-0.4075925350,-0.0429723896,0.9987434149,0.0257861745,0.4083633721,-0.0059967996,0.9127997756,1,-166.4,-512.0,2164.2,1,0.9142788649,-0.0365896039,0.4034295380,0.0516951382,0.9983083010,-0.0266119987,-0.4017733335,0.0451861322,0.9146236181,1,18.9,-123.0,2167.1,1,0.9147267342,0.0620479956,0.3992807269,-0.0902907252,0.9945412874,0.0522991531,-0.3938561082,-0.0838907808,0.9153358340,1,33.3,-514.0,2149.4,1,-262.1,-254.1,2047.5,1,93.2,-272.8,2035.4,1,-185.1,-888.1,2166.5,1,9.9,-888.4,2181.0,1,
15,0.9994252324,0.0274602100,0.0198788103,-0.0284651592,0.9982323050,0.0521726049,-0.0184109993,-0.0527084693,0.9984402061,1,-60.2,471.2,2137.7,1,0.9994252324,0.0274602100,0.0198788103,-0.0284651592,0.9982323050,0.0521726049,-0.0184109993,-0.0527084693,0.9984402061,1,-65.8,269.1,2148.4,1,0.9994872808,0.0252249427,0.0197187047,-0.0261120163,0.9985952973,0.0461044572,-0.0185280237,-0.0465957150,0.9987419844,1,-70.7,73.5,2157.5,1,0.1462895125,-0.8827940822,-0.4464011788,0.9884119034,0.1489188224,0.0294122025,0.0405126177,-0.4455309510,0.8943494558,1,-208.2,272.8,2151.0,1,0.0496147014,-0.8814101219,-0.4697387815,0.9421923161,0.1973502338,-0.2707886100,0.3313789070,-0.4291491807,0.8402493596,1,-247.1,10.1,2140.3,1,0.1065671444,0.6668453813,0.7375369072,-0.9924821854,0.1162406281,0.0383051559,-0.0601881370,-0.7360743284,0.6742195487,1,76.6,265.4,2145.7,1,-0.0430434830,0.6752725840,0.7363111973,-0.9421232343,0.2178375274,-0.2548541427,-0.3324922323,-0.7046657205,0.6268134713,1,106.0,-8.4,2129.1,1,0.9204701185,0.0077516194,-0.3907360733,-0.0074258675,0.9999696612,0.0023445371,0.3907423913,0.0007434780,0.9204998016,1,-163.2,-120.5,2165.2,1,0.9193068147,0.0495277978,-0.3904125094,-0.0420104526,0.9987309575,0.0277769063,0.3912928104,-0.0091340933,0.9202209115,1,-166.3,-512.2,2164.9,1,0.9067006111,-0.0374700762,0.4201070964,0.0512917452,0.9984490871,-0.0216475595,-0.4186443985,0.0411758833,0.9072163105,1,17.5,-123.9,2165.2,1,0.9082701802,0.0442756154,0.4160347879,-0.0734767839,0.9958102703,0.0544345304,-0.4118815958,-0.0800101608,0.9077180028,1,32.2,-515.0,2149.1,1,-260.9,-252.7,2047.8,1,93.9,-273.8,2035.5,1,-184.9,-888.4,2168.3,1,15.5,-889.9,2179.2,1,
16,0.9992033839,0.0341141187,0.0207076035,-0.0351943411,0.9979063869,0.0542606935,-0.0188131947,-0.0549462587,0.9983120561,1,-59.7,470.9,2137.0,1,0.9992033839,0.0341141187,0.0207076035,-0.0351943411,0.9979063869,0.0542606935,-0.0188131947,-0.0549462587,0.9983120561,1,-66.6,269.1,2148.1,1,0.9992318153,0.0333855264,0.0205238312,-0.0343544632,0.9982162714,0.0488260984,-0.0188571382,-0.0494936742,0.9985964298,1,-73.1,73.6,2157.8,1,0.1439467520,-0.8831179738,-0.4465221465,0.9888547659,0.1457013041,0.0306166019,0.0380207859,-0.4459527135,0.8942486048,1,-208.9,274.0,2150.8,1,0.0467980318,-0.8818956017,-0.4691162407,0.9460095167,0.1899243444,-0.2626685202,0.3207428157,-0.4314960539,0.8431697488,1,-247.2,11.0,2140.7,1,0.1020778939,0.6667938232,0.7382181883,-0.9927827716,0.1152436882,0.0331844985,-0.0629477650,-0.7362776995,0.6737452745,1,75.8,264.2,2145.4,1,-0.0346385501,0.6741862297,0.7377486229,-0.9459660053,0.2160260677,-0.2418285608,-0.3224104345,-0.7062617540,0.6302744150,1,104.1,-10.4,2128.0,1,0.9206239581,-0.0016315201,-0.3904469907,-0.0029148720,0.9999346733,-0.0110512171,0.3904395401,0.0113121178,0.9205590487,1,-166.0,-119.7,2168.3,1,0.9192841649,0.0515683256,-0.3902016878,-0.0437863730,0.9986251593,0.0288192239,0.3911513686,-0.0094075399,0.9202782512,1,-165.3,-511.4,2163.9,1,0.9062799215,-0.0462929904,0.4201352596,0.0593254194,0.9980764389,-0.0179977678,-0.4184939265,0.0412357152,0.9072830081,1,14.7,-124.4,2165.0,1,0.9084619284,0.0437697992,0.4156695306,-0.0728986338,0.9958513379,0.0544601344,-0.4115613699,-0.0797766969,0.9078837633,1,32.8,-515.4,2148.8,1,-260.3,-252.9,2051.2,1,94.3,-276.8,2037.2,1,-184.8,-887.5,2167.5,1,16.3,-890.4,2178.9,1,
17,0.9993312955,0.0347797424,0.0112834554,-0.0353381336,0.9979271889,0.0537824556,-0.0093895262,-0.0541452281,0.9984889030,1,-59.6,472.1,2137.1,1,0.9993312955,0.0347797424,0.0112834554,-0.0353381336,0.9979271889,0.0537824556,-0.0093895262,-0.0541452281,0.9984889030,1,-66.7,269.5,2148.1,1,0.9994017482,0.0327555016,0.0110997539,-0.0332556479,0.9982765317,0.0483526364,-0.0094968099,-0.0486928374,0.9987686276,1,-73.1,74.0,2157.7,1,0.1564572752,-0.8775883317,-0.4531664252,0.9871055484,0.1546460539,0.0413187519,0.0338195451,-0.4537877142,0.8904678226,1,-209.1,274.3,2149.5,1,0.0284284186,-0.8772225976,-0.4792414010,0.9509323239,0.1715025902,-0.2575162351,0.3080902100,-0.4484053552,0.8390548825,1,-250.9,10.4,2140.4,1,0.0901126340,0.6741467118,0.7330797911,-0.9936930537,0.1101845354,0.0208214168,-0.0667373613,-0.7303325534,0.6798238754,1,75.7,264.8,2146.8,1,-0.0200109892,0.6807693839,0.7322244048,-0.9484471679,0.2187717706,-0.2293183506,-0.3163029552,-0.6990650296,0.6412959695,1,100.6,-9.5,2128.3,1,0.9167868495,-0.0174666103,-0.3989946842,0.0112688718,0.9997767210,-0.0178738181,0.3992177844,0.0118902614,0.9167790413,1,-169.9,-118.8,2169.2,1,0.9149326086,0.0583277792,-0.3993697464,-0.0549456514,0.9982905984,0.0199226569,0.3998490870,0.0037157419,0.9165734649,1,-163.1,-510.4,2164.6,1,0.9099048376,-0.0554669499,0.4110920131,0.0643183142,0.9978995919,-0.0077187074,-0.4098004103,0.0334640332,0.9115611911,1,10.7,-125.0,2165.8,1,0.9115589857,0.0473599099,0.4084327221,-0.0669286326,0.9971869588,0.0337453596,-0.4056856036,-0.0580967292,0.9121644497,1,32.4,-515.9,2152.7,1,-258.8,-254.7,2054.5,1,95.0,-276.7,2039.2,1,-185.1,-886.4,2163.2,1,14.6,-891.4,2174.6,1,
18,0.9993122220,0.0370678455,-0.0010046734,-0.0369536541,0.9977499843,0.0559410490,0.0030760269,-0.0558654480,0.9984335899,1,-59.3,472.0,2137.2,1,0.9993122220,0.0370678455,-0.0010046734,-0.0369536541,0.9977499843,0.0559410490,0.0030760269,-0.0558654480,0.9984335899,1,-66.8,269.3,2148.6,1,0.9993960857,0.0347274244,-0.0011979111,-0.0346224792,0.9981202483,0.0505691431,0.0029517955,-0.0504971296,0.9987198710,1,-73.6,73.8,2158.4,1,0.1554789692,-0.8722898364,-0.4636127353,0.9874121547,0.1510316730,0.0469754934,0.0290439632,-0.4650805295,0.8847917914,1,-209.2,274.3,2148.1,1,0.0210845489,-0.8720577955,-0.4889484942,0.9518096447,0.1671756953,-0.2571198940,0.3059637249,-0.4599646628,0.8335578442,1,-250.7,10.9,2140.4,1,0.0927420706,0.6823391914,0.7251290679,-0.9928890467,0.1179653779,0.0159836113,-0.0746338814,-0.7214550376,0.6884275079,1,75.6,264.4,2149.0,1,-0.0280866679,0.6880419254,0.7251272202,-0.9495497346,0.2083125263,-0.2344380915,-0.3123563230,-0.6951289177,0.6474791765,1,101.3,-10.3,2128.3,1,0.9117416143,-0.0189273544,-0.4103279114,0.0136519242,0.9997822642,-0.0157830026,0.4105373025,0.0087882541,0.9118014574,1,-169.8,-118.5,2168.1,1,0.9097800851,0.0597800873,-0.4107633531,-0.0528431423,0.9982036352,0.0282329526,0.4117132425,-0.0039797528,0.9113047719,1,-162.4,-510.1,2164.6,1,0.9148066044,-0.0555761084,0.4000502527,0.0655992925,0.9977809787,-0.0113932742,-0.3985293508,0.0366656557,0.9164223671,1,10.8,-124.5,2166.4,1,0.9167736769,0.0476832315,0.3965505958,-0.0697479323,0.9967052341,0.0413993597,-0.3932699859,-0.0656124279,0.9170789123,1,32.6,-515.3,2152.0,1,-256.6,-254.5,2055.1,1,93.4,-277.8,2040.3,1,-184.9,-886.0,2166.1,1,14.6,-890.7,2176.7,1,
19,0.9990122914,0.0383791253,-0.0223933645,-0.0371400118,0.9978851080,0.0533474423,0.0243934318,-0.0524630621,0.9983248711,1,-58.0,469.5,2139.2,1,0.9990122914,0.0383791253,-0.0223933645,-0.0371400118,0.9978851080,0.0533474423,0.0243934318,-0.0524630621,0.9983248711,1,-65.8,267.3,2149.9,1,0.9991114736,0.0355939157,-0.0225696601,-0.0344646610,0.9982240200,0.0485902168,0.0242590923,-0.0477691852,0.9985637665,1,-72.7,71.8,2159.2,1,0.1616685688,-0.8622688055,-0.4799539447,0.9866370559,0.1512167603,0.0606697612,0.0202634390,-0.4833487272,0.8751933575,1,-208.1,272.2,2146.4,1,0.0184173193,-0.8620725274,-0.5064501166,0.9515643120,0.1705942154,-0.2557790577,0.3068975806,-0.4772090912,0.8234593868,1,-250.9,10.8,2141.0,1,0.0840557888,0.6973586082,0.7117763758,-0.9925175905,0.1220784560,-0.0023962776,-0.0885636285,-0.7062491179,0.7024020553,1,76.6,262.4,2153.3,1,-0.0228198450,0.7021631002,0.7116503716,-0.9496476054,0.2072735578,-0.2349618077,-0.3124878109,-0.6811788678,0.6620775461,1,99.7,-9.8,2129.0,1,0.9027026296,-0.0202603359,-0.4297876954,0.0153410714,0.9997711778,-0.0149079990,0.4299913943,0.0068640867,0.9028068781,1,-170.7,-118.5,2168.1,1,0.9005216360,0.0629588589,-0.4302289486,-0.0605751388,0.9979779720,0.0192509871,0.4305710495,0.0087252473,0.9025145173,1,-162.8,-510.1,2165.4,1,0.9228339791,-0.0599263236,0.3805079460,0.0712304711,0.9973366261,-0.0156821571,-0.3785547316,0.0415757895,0.9246446490,1,9.9,-124.8,2168.6,1,0.9249832630,0.0532229282,0.3762623072,-0.0751213655,0.9962138534,0.0437582657,-0.3725087643,-0.0687410012,0.9254792929,1,33.4,-515.5,2152.3,1,-256.1,-254.6,2055.4,1,93.2,-277.3,2041.0,1,-186.5,-886.0,2162.1,1,13.4,-890.6,2178.2,1,
20,0.9990006685,0.0366502330,-0.0255815238,-0.0351219960,0.9977084994,0.0578289106,0.0276423469,-0.0568726473,0.9979987144,1,-57.9,468.0,2137.8,1,0.9990006685,0.0366502330,-0.0255815238,-0.0351219960,0.9977084994,0.0578289106,0.0276423469,-0.0568726473,0.9979987144,1,-65.3,265.5,2149.3,1,0.9991151094,0.0332584642,-0.0257465914,-0.0318552330,0.9980800748,0.0531164669,0.0274637341,-0.0522493012,0.9982563853,1,-71.8,70.0,2159.5,1,0.1566319913,-0.8615873456,-0.4828391373,0.9875396490,0.1441595554,0.0631147027,0.0152270421,-0.4867085814,0.8734316826,1,-207.7,270.1,2145.4,1,0.0277534947,-0.8611455560,-0.5076002479,0.9515846968,0.1782722771,-0.2504107952,0.3061311841,-0.4760748744,0.8244006634,1,-248.8,11.0,2141.4,1,0.0791981965,0.6996731162,0.7100600004,-0.9933559895,0.1150532514,-0.0025739586,-0.0834956393,-0.7051385045,0.7041364908,1,77.1,261.0,2153.2,1,-0.0220681429,0.7051916718,0.7086731791,-0.9488056898,0.2086307853,-0.2371517420,-0.3150884807,-0.6776266694,0.6644858122,1,98.8,-11.0,2130.4,1,0.9014456868,-0.0168859232,-0.4325627685,0.0143123725,0.9998552203,-0.0092047947,0.4326555729,0.0021066230,0.9015568495,1,-170.0,-120.6,2166.4,1,0.8988344073,0.0685689971,-0.4328914285,-0.0608368628,0.9976440072,0.0317058414,0.4340456128,-0.0021625448,0.9008883238,1,-163.4,-512.3,2165.6,1,0.9239084125,-0.0576081648,0.3782519400,0.0701378509,0.9973482490,-0.0194197260,-0.3761301637,0.0444718264,0.9254989624,1,10.6,-126.9,2170.8,1,0.9257922769,0.0558719672,0.3738809526,-0.0776113197,0.9960415363,0.0433323905,-0.3699799180,-0.0691341832,0.9264639020,1,33.2,-517.5,2153.4,1,-256.5,-254.4,2056.0,1,92.6,-278.3,2041.6,1,-189.2,-888.0,2166.4,1,12.1,-892.7,2179.4,1,
21,0.9992964864,0.0337381996,-0.0163784698,-0.0327157080,0.9977142811,0.0591257848,0.0183358304,-0.0585483536,0.9981161952,1,-58.3,467.5,2137.5,1,0.9992964864,0.0337381996,-0.0163784698,-0.0327157080,0.9977142811,0.0591257848,0.0183358304,-0.0585483536,0.9981161952,1,-65.2,265.0,2149.4,1,0.9994170666,0.0298491288,-0.0165689979,-0.0289307311,0.9981676340,0.0531454571,0.0181249827,-0.0526351258,0.9984493256,1,-71.0,69.5,2159.7,1,0.1542519927,-0.8657183647,-0.4761701822,0.9877455235,0.1467123777,0.0532374941,0.0237713847,-0.4785469472,0.8777401447,1,-207.6,269.1,2146.8,1,0.0410374291,-0.8647464514,-0.5005292296,0.9491212964,0.1902798414,-0.2509230673,0.3122254312,-0.4647657275,0.8285578489,1,-248.4,7.8,2140.5,1,0.0767556429,0.6934753060,0.7163802385,-0.9942103624,0.1074210927,0.0025368955,-0.0751950741,-0.7124273777,0.6977055073,1,77.2,260.9,2152.0,1,-0.0289954338,0.6998766065,0.7136749625,-0.9497373104,0.2033518106,-0.2380064130,-0.3117022216,-0.6847048998,0.6588026881,1,98.3,-12.0,2131.3,1,0.9055640697,-0.0107501419,-0.4240732193,0.0065796669,0.9999145269,-0.0112973722,0.4241584241,0.0074402341,0.9055574536,1,-168.6,-122.6,2167.3,1,0.9038589597,0.0563161299,-0.4241078496,-0.0453445949,0.9983251691,0.0359264538,0.4254207909,-0.0132414503,0.9048987627,1,-164.4,-514.2,2164.4,1,0.9203590751,-0.0536597595,0.3873755932,0.0690100268,0.9972819090,-0.0258149859,-0.3849374354,0.0504918545,0.9215604663,1,12.0,-128.3,2172.3,1,0.9224123359,0.0498874411,0.3829709589,-0.0706340894,0.9966881275,0.0402942635,-0.3796924353,-0.0642187297,0.9228811264,1,33.0,-519.0,2152.5,1,-259.9,-256.9,2053.4,1,90.1,-279.6,2043.5,1,-185.6,-890.2,2169.4,1,14.2,-894.4,2176.7,1,
22,0.9993544817,0.0309737064,-0.0182013810,-0.0297973417,0.9976505041,0.0616891608,0.0200693589,-0.0611069873,0.9979294538,1,-58.7,467.1,2136.9,1,0.9993544817,0.0309737064,-0.0182013810,-0.0297973417,0.9976505041,0.0616891608,0.0200693589,-0.0611069873,0.9979294538,1,-64.9,264.6,2149.3,1,0.9994432926,0.0278585888,-0.0183572713,-0.0267837737,0.9980488420,0.0564010739,0.0198927075,-0.0558779985,0.9982393980,1,-70.4,69.1,2160.2,1,0.1521604359,-0.8648431897,-0.4784280658,0.9880181551,0.1457519233,0.0507593751,0.0258329101,-0.4804191887,0.8766584396,1,-207.4,268.4,2146.5,1,0.0491070636,-0.8634501100,-0.5020383000,0.9485184550,0.1977791935,-0.2473785430,0.3128917515,-0.4640445411,0.8287106752,1,-247.8,5.8,2139.6,1,0.0793978050,0.6941277385,0.7154597640,-0.9938694239,0.1105177626,0.0030715866,-0.0769389421,-0.7113174200,0.6986472011,1,77.5,260.8,2152.1,1,-0.0360194296,0.6997035742,0.7135246992,-0.9525092244,0.1919928789,-0.2363575548,-0.3023718894,-0.6881523132,0.6595586538,1,99.4,-13.6,2130.9,1,0.9049017429,-0.0039233663,-0.4256024361,0.0018429601,0.9999842644,-0.0052997973,0.4256165326,0.0040114275,0.9048947096,1,-167.2,-123.4,2168.4,1,0.9030345678,0.0587574802,-0.4255304635,-0.0534153730,0.9982721210,0.0244871527,0.4262340069,0.0006171236,0.9046127200,1,-165.7,-515.1,2166.8,1,0.9210502505,-0.0500907898,0.3862089515,0.0660574436,0.9974179864,-0.0281732790,-0.3838005364,0.0514609814,0.9219809771,1,13.5,-128.6,2171.6,1,0.9231662750,0.0512665771,0.3809668720,-0.0766198635,0.9957205057,0.0516729765,-0.3766874075,-0.0768923759,0.9231436253,1,33.1,-519.3,2151.5,1,-261.5,-258.7,2052.3,1,89.3,-281.9,2045.7,1,-187.8,-891.0,2166.6,1,13.8,-894.3,2180.4,1,
23,0.9990390539,0.0306801833,-0.0312998071,-0.0287418477,0.9977480769,0.0606030598,0.0330886357,-0.0596452132,0.9976710677,1,-58.1,467.2,2137.6,1,0.9990390539,0.0306801833,-0.0312998071,-0.0287418477,0.9977480769,0.0606030598,0.0330886357,-0.0596452132,0.9976710677,1,-64.3,264.7,2149.7,1,0.9991255999,0.0275610480,-0.0314400271,-0.0257771928,0.9981092811,0.0557978787,0.0329184309,-0.0549386516,0.9979469776,1,-69.7,69.2,2160.5,1,0.1521539241,-0.8588815928,-0.4890517294,0.9880920649,0.1436381042,0.0551556572,0.0228742808,-0.4916203022,0.8705092072,1,-206.7,268.4,2145.0,1,0.0449498035,-0.8577126861,-0.5121605992,0.9484091401,0.1977042705,-0.2478571236,0.3138465285,-0.4745966792,0.8223493099,1,-247.3,4.5,2138.9,1,0.0746472552,0.7031519413,0.7071104050,-0.9935999513,0.1127261668,-0.0072041261,-0.0847754404,-0.7020471096,0.7070664763,1,78.1,261.0,2154.4,1,-0.0333975032,0.7079395652,0.7054829597,-0.9539381266,0.1879870147,-0.2338009775,-0.2981386185,-0.6807954311,0.6690522432,1,98.7,-13.0,2131.0,1,0.8992738128,0.0032567531,-0.4373739660,-0.0038334040,0.9999925494,-0.0004356711,0.4373692870,0.0020684188,0.8992795944,1,-166.2,-123.9,2169.4,1,0.8976585865,0.0548369847,-0.4372664094,-0.0534383468,0.9984506965,0.0155114373,0.4374395311,0.0094428193,0.8991982341,1,-167.5,-515.6,2168.6,1,0.9263139963,-0.0461057611,0.3739206791,0.0590249933,0.9979876280,-0.0231672060,-0.3721000850,0.0435307734,0.9271712899,1,14.5,-128.8,2173.0,1,0.9277254343,0.0422663838,0.3708626032,-0.0578935035,0.9978381991,0.0311011784,-0.3687463403,-0.0503238887,0.9281668067,1,32.5,-519.7,2155.9,1,-259.9,-260.1,2051.4,1,89.3,-281.7,2047.0,1,-188.1,-891.6,2165.0,1,16.6,-895.4,2174.9,1,
