1,0.9820634127,-0.1883659363,-0.0083488952,0.1881840825,0.9819522500,-0.0188828148,0.0117550949,0.0169729926,0.9997868538,1,-23.1,455.3,2158.7,1,0.9820634127,-0.1883659363,-0.0083488952,0.1881840825,0.9819522500,-0.0188828148,0.0117550949,0.0169729926,0.9997868538,1,23.2,214.1,2154.5,1,0.9991278648,0.0398240089,-0.0125545766,-0.0393330082,0.9985337853,0.0371908769,0.0140172597,-0.0366646312,0.9992293119,1,15.4,18.8,2161.4,1,0.8763154745,-0.0400073640,-0.4800735414,-0.3792451918,0.5572185516,-0.7387019396,0.2970593870,0.8294015527,0.4731266201,1,-118.8,219.7,2152.5,1,-0.7015316486,-0.0400073640,-0.7115144134,-0.6067414284,0.5572185516,0.5668971539,0.3737889528,0.8294015527,-0.4151805639,1,-314.9,304.5,2086.0,1,0.2319222540,0.8654232621,0.4441336393,-0.8762466908,0.3841262162,-0.2909274101,-0.4223787189,-0.3216980994,0.8474116921,1,165.2,208.5,2156.5,1,-0.4988791347,0.8654232621,0.0464996994,0.6010310054,0.3841262162,-0.7008628845,-0.6244047284,-0.3216980994,-0.7117787600,1,209.4,41.6,2076.0,1,0.8725566864,0.0456757247,0.4863728285,-0.0897747204,0.9936556816,0.0677414238,-0.4801929891,-0.1027722135,0.8711214662,1,-78.7,-174.8,2171.0,1,0.8812232614,0.1662501246,0.4425002635,-0.0451959968,0.9614560008,-0.2712188661,-0.4705346823,0.2190051377,0.8547712564,1,-96.6,-563.6,2211.2,1,0.9974539876,0.0145656383,0.0698095337,-0.0133089302,0.9997414947,-0.0184334014,-0.0700599849,0.0174573809,0.9973900318,1,101.6,-175.4,2164.1,1,0.9976177812,-0.0148306629,0.0673708767,0.0245781746,0.9889423847,-0.1462494284,-0.0644569322,0.1475568861,0.9869509935,1,95.9,-564.7,2157.3,1,-133.9,461.0,1989.6,1,81.0,196.3,1915.3,1,-159.0,-924.6,2129.0,1,101.5,-935.7,2102.0,1,
2,0.9808158875,-0.1728045642,-0.0902151838,0.1731480360,0.9848874211,-0.0040648528,0.0895542279,-0.0116337091,0.9959139824,1,-23.0,450.9,2154.0,1,0.9808158875,-0.1728045642,-0.0902151838,0.1731480360,0.9848874211,-0.0040648528,0.0895542279,-0.0116337091,0.9959139824,1,15.7,230.4,2156.6,1,0.9945859909,-0.0443929173,-0.0939573050,0.0474081859,0.9984217882,0.0301058311,0.0924725384,-0.0343971848,0.9951209426,1,24.3,35.7,2163.8,1,0.9180148840,0.0142497169,-0.3962897658,-0.3566530347,0.4665157497,-0.8094205856,0.1733413935,0.8843981028,0.4333506227,1,-124.9,223.8,2143.4,1,-0.6921276450,0.0142497169,-0.7216344476,-0.6337397695,0.4665157497,0.6170388460,0.3454464674,0.8843981028,-0.3138578236,1,-334.2,305.1,2103.9,1,0.2470283210,0.8671631813,0.4324407578,-0.8684045076,0.3961215019,-0.2982639074,-0.4299425483,-0.3018538952,0.8509016633,1,156.3,237.1,2169.7,1,-0.4970240593,0.8671631813,0.0315449163,0.6499540210,0.3961215019,-0.6485734582,-0.5749146938,-0.3018538952,-0.7604981065,1,211.0,44.9,2074.5,1,0.9113646746,0.0469410308,0.4089144468,-0.0975878611,0.9897910953,0.1038757935,-0.3998638391,-0.1345738173,0.9066414833,1,-78.0,-171.8,2166.7,1,0.9210749269,0.1577848941,0.3559844494,-0.0469253547,0.9525372982,-0.3007834554,-0.3865475655,0.2603393793,0.8847623467,1,-96.5,-560.7,2219.5,1,0.9996063709,0.0272022579,-0.0068695154,-0.0274051055,0.9991311431,-0.0313986577,0.0060094325,0.0315745585,0.9994833469,1,107.5,-170.5,2172.0,1,0.9997955561,-0.0172098428,-0.0106153665,0.0151399858,0.9851261377,-0.1711645722,0.0134031903,0.1709688604,0.9851852655,1,96.5,-571.6,2159.4,1,-166.7,458.5,2020.3,1,82.1,213.4,1925.5,1,-155.8,-918.6,2121.7,1,103.0,-941.8,2095.1,1,
3,0.9885209203,-0.1368279606,-0.0640659630,0.1381964087,0.9902516603,0.0174184218,0.0610580966,-0.0260721613,0.9977936149,1,-20.6,445.9,2152.1,1,0.9885209203,-0.1368279606,-0.0640659630,0.1381964087,0.9902516603,0.0174184218,0.0610580966,-0.0260721613,0.9977936149,1,8.3,236.5,2157.6,1,0.9956730008,-0.0660597309,-0.0653557628,0.0681352764,0.9972233176,0.0300532505,0.0631889850,-0.0343762413,0.9974093437,1,21.3,41.6,2164.6,1,0.8922635913,0.0312310979,-0.4504334331,-0.4105659127,0.4712480903,-0.7806156874,0.1878864020,0.8814476132,0.4332999289,1,-132.9,226.8,2148.7,1,-0.7008176446,0.0312310979,-0.7126564980,-0.6184582114,0.4712480903,0.6288359761,0.3554772437,0.8814476132,-0.3109438419,1,-335.7,320.1,2106.0,1,0.2749285102,0.8787393570,0.3901684582,-0.8642417789,0.4036866426,-0.3002052903,-0.4213080108,-0.2546648979,0.8704282641,1,149.6,246.2,2166.6,1,-0.4759748578,0.8787393570,0.0355676487,0.7013839483,0.4036866426,-0.5874501467,-0.5305737257,-0.2546648979,-0.8084783554,1,211.6,51.2,2071.6,1,0.8963384628,0.1028105766,0.4312857091,-0.1542331129,0.9842929244,0.0859044045,-0.4156796038,-0.1435179561,0.8981164098,1,-54.0,-162.6,2162.6,1,0.9170570970,0.1606707722,0.3649536967,-0.0583730005,0.9594629407,-0.2757234275,-0.3944602609,0.2315506786,0.8892611265,1,-94.2,-548.1,2218.8,1,0.9960484505,0.0858006403,0.0229295958,-0.0850272477,0.9958382845,-0.0328093097,-0.0256492291,0.0307300203,0.9991985559,1,127.1,-149.9,2180.6,1,0.9995612502,-0.0282166600,0.0090066660,0.0294165500,0.9812254310,-0.1906076968,-0.0034592568,0.1907890141,0.9816249609,1,93.1,-544.2,2168.5,1,-168.5,467.7,2021.2,1,88.8,232.2,1934.7,1,-154.6,-908.9,2131.7,1,103.7,-913.2,2096.7,1,
4,0.9801884294,-0.1883799881,-0.0611848161,0.1898327917,0.9816361070,0.0188167579,0.0565165244,-0.0300588533,0.9979490638,1,-21.6,442.6,2151.7,1,0.9801884294,-0.1883799881,-0.0611848161,0.1898327917,0.9816361070,0.0188167579,0.0565165244,-0.0300588533,0.9979490638,1,19.6,227.9,2158.3,1,0.9981464148,0.0065662879,-0.0605031624,-0.0058876798,0.9999178052,0.0113875344,0.0605729669,-0.0110102026,0.9981030226,1,18.3,32.9,2160.6,1,0.8332858086,0.0472698621,-0.5508178473,-0.5079711080,0.4586619139,-0.7291053534,0.2181744576,0.8873527050,0.4062081873,1,-121.9,228.8,2149.8,1,-0.7297299504,0.0472698621,-0.6820995212,-0.5907617211,0.4586619139,0.6637995839,0.3442308009,0.8873527050,-0.3067741096,1,-318.1,348.4,2098.4,1,0.2647285759,0.8783664703,0.3979837894,-0.8304295540,0.4174495935,-0.3689479232,-0.4902096689,-0.2328264564,0.8399323225,1,161.1,227.1,2166.8,1,-0.4774393141,0.8783664703,0.0228914768,0.7429115176,0.4174495935,-0.5232765675,-0.4691846073,-0.2328264564,-0.8518553972,1,215.1,57.9,2066.9,1,0.8903442621,0.1088392735,0.4420872033,-0.1491276324,0.9871560931,0.0573044866,-0.4301721156,-0.1169481426,0.8951396942,1,-54.3,-159.0,2165.7,1,0.9081406593,0.1382132024,0.3951931596,-0.0543629006,0.9748734832,-0.2160240263,-0.4151206911,0.1746963710,0.8928359151,1,-96.9,-545.6,2211.5,1,0.9961647987,0.0844375193,0.0229338761,-0.0829882473,0.9948539734,-0.0581249371,-0.0277237836,0.0559987761,0.9980458617,1,124.6,-146.4,2177.1,1,0.9989168644,-0.0425474793,0.0188360419,0.0443107076,0.9933757782,-0.1060242802,-0.0142002022,0.1067440808,0.9941851497,1,91.5,-536.1,2155.1,1,-138.4,493.9,2013.6,1,91.6,250.1,1945.6,1,-148.8,-911.7,2145.9,1,107.5,-908.7,2115.1,1,
5,0.9726075530,-0.2317542136,-0.0180155057,0.2321098894,0.9724609852,0.0210869834,0.0126323784,-0.0246909373,0.9996153116,1,-24.2,440.9,2151.0,1,0.9726075530,-0.2317542136,-0.0180155057,0.2321098894,0.9724609852,0.0210869834,0.0126323784,-0.0246909373,0.9996153116,1,26.6,227.5,2156.4,1,0.9990956783,0.0379259512,-0.0192222632,-0.0372709371,0.9987482429,0.0333595686,0.0204633959,-0.0326129682,0.9992585182,1,19.3,32.5,2163.0,1,0.7785055637,0.0602643117,-0.6247377992,-0.5787674189,0.4540079832,-0.6774252653,0.2428113818,0.8889572620,0.3883267641,1,-115.2,232.9,2153.5,1,-0.7479634881,0.0602643117,-0.6609983444,-0.5692018867,0.4540079832,0.6854823232,0.3414086401,0.8889572620,-0.3052788377,1,-301.3,371.2,2095.5,1,0.2561450303,0.8865019083,0.3853622377,-0.8365845084,0.4030273557,-0.3710731268,-0.4842685759,-0.2273395658,0.8448672295,1,168.5,222.2,2159.3,1,-0.4625202417,0.8865019083,-0.0137609011,0.7864009738,0.4030273557,-0.4681264758,-0.4094490111,-0.2273395658,-0.8835543394,1,219.1,56.8,2063.6,1,0.8735938072,0.0629426092,0.4825681746,-0.1192444041,0.9890579581,0.0868629366,-0.4718205035,-0.1334264725,0.8715404868,1,-72.2,-161.5,2157.4,1,0.8857942224,0.1532399654,0.4380480647,-0.0545205660,0.9717358351,-0.2296888828,-0.4608645141,0.1795744598,0.8691127300,1,-96.9,-548.4,2209.6,1,0.9973331690,0.0396215916,0.0612918697,-0.0368095562,0.9982469082,-0.0463477746,-0.0630207956,0.0439680479,0.9970432520,1,107.2,-162.4,2168.2,1,0.9965493679,-0.0582775176,0.0591022670,0.0639575869,0.9930028319,-0.0992712528,-0.0529034398,0.1027087495,0.9933036566,1,91.7,-553.0,2151.0,1,-112.2,515.1,2009.2,1,97.0,264.3,1955.5,1,-154.5,-913.8,2142.1,1,113.6,-926.2,2112.4,1,
6,0.9662292600,-0.2560705543,0.0287899394,0.2550216317,0.9662783146,0.0356395952,-0.0369453430,-0.0270939618,0.9989499450,1,-27.3,440.7,2150.1,1,0.9662292600,-0.2560705543,0.0287899394,0.2550216317,0.9662783146,0.0356395952,-0.0369453430,-0.0270939618,0.9989499450,1,28.8,228.9,2156.1,1,0.9986853600,0.0438405126,0.0265621673,-0.0452797636,0.9973893166,0.0562521480,-0.0240266994,-0.0573809259,0.9980632067,1,20.4,33.9,2167.4,1,0.7386695147,0.0753934160,-0.6698381305,-0.6232242584,0.4550034702,-0.6360529065,0.2568244934,0.8872923255,0.3830842078,1,-113.1,235.5,2159.5,1,-0.7640341520,0.0753934160,-0.6407555342,-0.5454280972,0.4550034702,0.7039033771,0.3446156681,0.8872923255,-0.3065164983,1,-293.0,387.3,2096.9,1,0.2646182775,0.8923445940,0.3656477630,-0.8467712998,0.3964447081,-0.3546969593,-0.4614710212,-0.2157607526,0.8605183363,1,170.8,222.4,2152.7,1,-0.4505001307,0.8923445940,-0.0277622249,0.8117043376,0.3964447081,-0.4289144874,-0.3717333376,-0.2157607526,-0.9029183984,1,222.8,55.7,2061.8,1,0.8526142836,0.0454844348,0.5205574632,-0.0953154042,0.9930285811,0.0693485960,-0.5137741566,-0.1087447479,0.8510056734,1,-77.7,-159.1,2167.7,1,0.8609666228,0.1576661617,0.4836091995,-0.0497192219,0.9722810388,-0.2284679860,-0.5062257051,0.1726586372,0.8449405432,1,-95.5,-547.7,2210.2,1,0.9941793680,0.0196558181,0.1059295461,-0.0160462335,0.9992647767,-0.0348206200,-0.1065360904,0.0329181738,0.9937638044,1,102.1,-165.9,2171.4,1,0.9942920804,-0.0272088591,0.1031645238,0.0419225320,0.9887970090,-0.1432586014,-0.0981108695,0.1467658132,0.9842936993,1,94.4,-557.0,2158.5,1,-96.8,527.3,2008.4,1,101.6,274.1,1961.8,1,-154.9,-913.6,2145.2,1,104.6,-928.5,2103.3,1,
7,0.9637984633,-0.2589781880,0.0634257495,0.2563405335,0.9654514194,0.0468305424,-0.0733625665,-0.0288766138,0.9968872070,1,-27.9,442.3,2149.7,1,0.9637984633,-0.2589781880,0.0634257495,0.2563405335,0.9654514194,0.0468305424,-0.0733625665,-0.0288766138,0.9968872070,1,29.0,229.9,2156.1,1,0.9971230626,0.0404643826,0.0640953556,-0.0431329943,0.9982353449,0.0408130512,-0.0623307787,-0.0434602574,0.9971088767,1,21.1,34.6,2164.6,1,0.6935710907,0.1014636606,-0.7132070065,-0.6684287190,0.4598200023,-0.5846098065,0.2686302066,0.8821964860,0.3867391050,1,-112.8,236.1,2164.9,1,-0.7826364040,0.1014636606,-0.6141542196,-0.5105468035,0.4598200023,0.7265724540,0.3561210930,0.8821964860,-0.3080699146,1,-284.5,401.6,2098.4,1,0.2864266038,0.8936434388,0.3454868793,-0.8306324482,0.4113279879,-0.3753118813,-0.4775034487,-0.1794733107,0.8601045012,1,170.8,223.8,2147.2,1,-0.4484485388,0.8936434388,-0.0171843357,0.8337832093,0.4113279879,-0.3682592213,-0.3220240474,-0.1794733107,-0.9295643568,1,226.7,61.7,2054.0,1,0.8329100013,0.0483828150,0.5512894392,-0.0823585168,0.9959147573,0.0370260514,-0.5472458601,-0.0762427449,0.8334920406,1,-77.9,-156.9,2180.9,1,0.8421671391,0.1496179104,0.5180434585,-0.0301522892,0.9722972512,-0.2317948788,-0.5383729339,0.1795898229,0.8233481050,1,-96.8,-546.6,2210.8,1,0.9895634055,0.0151491193,0.1432995498,-0.0076036220,0.9985625148,-0.0530572273,-0.1438973397,0.0514138937,0.9882560968,1,102.1,-165.2,2176.6,1,0.9899038672,-0.0098296581,0.1413991600,0.0299851950,0.9895368814,-0.1411299258,-0.1385324150,0.1439449340,0.9798411131,1,96.2,-556.1,2156.5,1,-81.6,533.9,2006.1,1,106.0,286.1,1967.3,1,-153.2,-912.7,2143.1,1,99.9,-928.3,2102.3,1,
8,0.9570162296,-0.2813174129,0.0705723837,0.2779320180,0.9590752125,0.0541161299,-0.0829080343,-0.0321756899,0.9960376620,1,-29.7,441.5,2150.0,1,0.9570162296,-0.2813174129,0.0705723837,0.2779320180,0.9590752125,0.0541161299,-0.0829080343,-0.0321756899,0.9960376620,1,32.2,230.5,2157.1,1,0.9955314994,0.0598437525,0.0730466843,-0.0623309761,0.9975341558,0.0322569311,-0.0709361807,-0.0366658606,0.9968067408,1,20.5,35.2,2164.3,1,0.7446280718,0.1156513914,-0.6573840976,-0.6312555075,0.4420554340,-0.6372625232,0.2168999016,0.8895008564,0.4021724463,1,-109.5,239.3,2167.2,1,-0.8110127449,0.1156513914,-0.5734832883,-0.4750046730,0.4420554340,0.7608926296,0.3415096700,0.8895008564,-0.3035776317,1,-307.1,406.8,2109.6,1,0.2860483229,0.8976991773,0.3351306915,-0.8070214987,0.4142617583,-0.4208366573,-0.5166165233,-0.1500780582,0.8429614305,1,173.9,221.6,2147.0,1,-0.4401472807,0.8976991773,-0.0201642737,0.8587230444,0.4142617583,-0.3016320467,-0.2624215484,-0.1500780582,-0.9532111287,1,229.6,64.4,2046.4,1,0.8270052671,0.0514733531,0.5598328114,-0.0881907567,0.9953491092,0.0387620442,-0.5552338958,-0.0814284980,0.8276984692,1,-76.6,-156.8,2178.8,1,0.8395851851,0.1475440264,0.5228073001,-0.0194412023,0.9699530005,-0.2425142676,-0.5428800583,0.1934473813,0.8172266483,1,-96.8,-546.5,2210.7,1,0.9882903695,0.0215942729,0.1510491818,-0.0161879864,0.9991866946,-0.0369302295,-0.1517238170,0.0340526104,0.9878361821,1,103.2,-164.6,2167.5,1,0.9888520241,-0.0118742920,0.1484273076,0.0311976969,0.9912124872,-0.1285474896,-0.1455965936,0.1317450404,0.9805329442,1,94.8,-555.8,2154.2,1,-95.9,530.5,2020.7,1,112.0,293.8,1976.3,1,-152.3,-911.7,2137.8,1,99.2,-928.9,2104.6,1,
9,0.9562699199,-0.2851298153,0.0651826635,0.2816905081,0.9578014612,0.0571560115,-0.0787289292,-0.0362952389,0.9962351322,1,-31.4,439.8,2150.1,1,0.9562699199,-0.2851298153,0.0651826635,0.2816905081,0.9578014612,0.0571560115,-0.0787289292,-0.0362952389,0.9962351322,1,30.2,232.9,2158.0,1,0.9957993031,0.0625634640,0.0668549687,-0.0654869303,0.9969493151,0.0424685217,-0.0639940351,-0.0466682501,0.9968584776,1,18.0,37.7,2167.1,1,0.7321690321,0.1440253109,-0.6657215953,-0.6538282037,0.4225287139,-0.6276767850,0.1908851415,0.8948330283,0.4035302699,1,-111.6,242.2,2167.1,1,-0.8167170882,0.1440253109,-0.5587753654,-0.4598482549,0.4225287139,0.7810307741,0.3485868275,0.8948330283,-0.2788566351,1,-309.4,418.9,2115.5,1,0.2710669041,0.9094436765,0.3153330088,-0.7854566574,0.3983518183,-0.4736809731,-0.5563996434,-0.1192811728,0.8223085999,1,172.0,223.6,2148.9,1,-0.4148225188,0.9094436765,-0.0288867336,0.8890464306,0.3983518183,-0.2256375104,-0.1936975271,-0.1192811728,-0.9737829566,1,225.4,68.9,2039.3,1,0.8302999139,0.0510670915,0.5549722910,-0.0952123702,0.9941512942,0.0509690382,-0.5491235852,-0.0951598138,0.8303059340,1,-81.1,-154.4,2177.9,1,0.8485006094,0.1181910932,0.5158270597,0.0118204020,0.9702641368,-0.2417597175,-0.5290623307,0.2112305611,0.8218726516,1,-101.1,-543.7,2215.2,1,0.9894036055,0.0120789167,0.1446879953,-0.0078366352,0.9995235205,-0.0298543535,-0.1449796706,0.0284041390,0.9890268445,1,98.7,-165.6,2165.1,1,0.9892785549,-0.0312008895,0.1426688582,0.0503777303,0.9898552895,-0.1328477859,-0.1370765567,0.1386108100,0.9808145165,1,94.0,-557.1,2154.0,1,-96.1,539.0,2024.5,1,116.5,302.3,1988.4,1,-145.5,-908.9,2135.7,1,105.7,-929.7,2101.8,1,
10,0.9551478028,-0.2876968980,0.0701651573,0.2834584117,0.9568116069,0.0645200610,-0.0856970623,-0.0417372957,0.9954466224,1,-31.7,438.9,2149.2,1,0.9551478028,-0.2876968980,0.0701651573,0.2834584117,0.9568116069,0.0645200610,-0.0856970623,-0.0417372957,0.9954466224,1,29.6,235.1,2158.1,1,0.9951931834,0.0656576678,0.0726605356,-0.0688659921,0.9967174530,0.0425653979,-0.0696272776,-0.0473646335,0.9964479804,1,16.7,39.9,2167.4,1,0.6913682818,0.1940440983,-0.6959574223,-0.6986034513,0.4252417684,-0.5754325986,0.1842908561,0.8840340972,0.4295585454,1,-112.2,244.9,2168.0,1,-0.8115711212,0.1940440983,-0.5510891080,-0.4366557002,0.4252417684,0.7927806973,0.3881805241,0.8840340972,-0.2603834569,1,-292.9,427.5,2119.9,1,0.2640351653,0.9109722972,0.3168830872,-0.7494347095,0.4005831182,-0.5271440148,-0.6071516275,-0.0982986316,0.7884823084,1,171.4,225.3,2148.2,1,-0.4107265770,0.9109722972,-0.0378569365,0.9028635025,0.4005831182,-0.1561111212,-0.1270480603,-0.0982986316,-0.9870137572,1,222.7,79.5,2030.1,1,0.8278993368,0.0391624421,0.5595077872,-0.0755477846,0.9962549210,0.0420551561,-0.5557654500,-0.0770870149,0.8277574182,1,-84.2,-151.6,2182.1,1,0.8389291763,0.1379332840,0.5264715552,-0.0109702479,0.9714398980,-0.2370320559,-0.5441300869,0.1930775791,0.8164824247,1,-99.6,-541.6,2212.3,1,0.9886547923,0.0050978088,0.1501188725,0.0006474429,0.9992700219,-0.0381976254,-0.1502040178,0.0378614590,0.9879297614,1,95.7,-163.4,2170.5,1,0.9884822369,-0.0286753904,0.1485954672,0.0512259007,0.9873225093,-0.1502335966,-0.1424036473,0.1561151743,0.9774196744,1,93.7,-554.7,2155.7,1,-82.1,540.9,2019.1,1,115.3,315.7,1996.8,1,-151.5,-907.3,2139.6,1,104.5,-926.5,2096.9,1,
11,0.9518808722,-0.2974956334,0.0736144856,0.2901443243,0.9521436095,0.0961187258,-0.0986864641,-0.0701347515,0.9926440120,1,-34.0,441.8,2143.7,1,0.9518808722,-0.2974956334,0.0736144856,0.2901443243,0.9521436095,0.0961187258,-0.0986864641,-0.0701347515,0.9926440120,1,30.1,236.8,2158.8,1,0.9938014746,0.0770886317,0.0801001117,-0.0803865418,0.9960085750,0.0387930311,-0.0767899007,-0.0449915417,0.9960316420,1,15.0,41.8,2167.7,1,0.6906792521,0.2164290398,-0.6900149584,-0.7051616311,0.4131225049,-0.5762611032,0.1603410691,0.8845836520,0.4379526079,1,-111.5,248.3,2169.8,1,-0.8523718119,0.2164290398,-0.4760470092,-0.3618405461,0.4131225049,0.8357040286,0.3775363564,0.8845836520,-0.2738211751,1,-302.1,442.8,2125.5,1,0.2215474993,0.9111995697,0.3473212123,-0.6856865287,0.3988167942,-0.6089163423,-0.6933618784,-0.1032495946,0.7131541371,1,171.7,225.4,2147.9,1,-0.4062120914,0.9111995697,-0.0686080605,0.9115377069,0.3988167942,-0.1002204567,-0.0639587864,-0.1032495946,-0.9925969839,1,213.0,97.4,2018.5,1,0.8233574033,0.0377362296,0.5662671924,-0.0768770948,0.9960061312,0.0454057902,-0.5622921586,-0.0809181705,0.8229700923,1,-86.1,-149.0,2183.0,1,0.8378173113,0.1225969270,0.5320076942,0.0106483754,0.9706061482,-0.2404377311,-0.5458468795,0.2071079016,0.8118851781,1,-100.8,-539.1,2214.7,1,0.9876723289,0.0063200127,0.1564079970,0.0021523852,0.9985418320,-0.0539400056,-0.1565208435,0.0536116995,0.9862185121,1,93.8,-161.5,2170.4,1,0.9869181514,-0.0409774296,0.1559275091,0.0572864488,0.9931765199,-0.1015806273,-0.1507010311,0.1091843024,0.9825314283,1,91.3,-552.5,2149.4,1,-82.0,536.3,2028.1,1,106.3,337.0,2001.6,1,-147.0,-904.5,2136.7,1,106.7,-926.1,2108.3,1,
12,0.9491863847,-0.3057361543,0.0746365786,0.2964673936,0.9482231736,0.1139293239,-0.1056044474,-0.0860128477,0.9906813502,1,-36.8,443.6,2140.5,1,0.9491863847,-0.3057361543,0.0746365786,0.2964673936,0.9482231736,0.1139293239,-0.1056044474,-0.0860128477,0.9906813502,1,29.8,237.2,2159.2,1,0.9930194616,0.0833342820,0.0834732130,-0.0866326243,0.9955642223,0.0366973951,-0.0800447911,-0.0436727293,0.9958341122,1,13.5,42.2,2167.8,1,0.6527671814,0.2134439349,-0.7268677354,-0.7377495766,0.3970909417,-0.5459343791,0.1721062064,0.8926144242,0.4166761041,1,-111.7,249.5,2170.6,1,-0.8553057313,0.2134439349,-0.4721163213,-0.3655802011,0.3970909417,0.8418253660,0.3671556115,0.8926144242,-0.2616032660,1,-290.9,452.1,2123.4,1,0.1978786588,0.9051158428,0.3763101399,-0.5921765566,0.4163104892,-0.6899365783,-0.7811344266,-0.0863183066,0.6183673143,1,171.3,224.8,2147.8,1,-0.4167143106,0.9051158428,-0.0843473747,0.9089273810,0.4163104892,-0.0231637526,0.0141488202,-0.0863183066,-0.9961671233,1,207.3,117.2,2005.9,1,0.8216708302,0.0229856595,0.5694986582,-0.0636042431,0.9966433048,0.0515422560,-0.5664023161,-0.0785732940,0.8203747272,1,-89.9,-146.0,2183.4,1,0.8316411972,0.1360478252,0.5383901000,-0.0037510223,0.9708790183,-0.2395409495,-0.5553007126,0.1971926093,0.8079332709,1,-99.0,-536.3,2214.2,1,0.9872474670,0.0012045185,0.1591885835,0.0070922598,0.9986457229,-0.0515407734,-0.1590350717,0.0520125031,0.9859018922,1,89.7,-160.5,2169.5,1,0.9833909273,-0.0872215331,0.1591687799,0.0980455279,0.9932827353,-0.0614532307,-0.1527395546,0.0760383382,0.9853368998,1,89.2,-551.7,2149.2,1,-69.9,546.5,2028.5,1,96.9,357.8,2009.6,1,-150.2,-901.9,2140.0,1,122.0,-924.9,2120.6,1,
13,0.9485918283,-0.3067603707,0.0779207572,0.2958037555,0.9468383193,0.1264804453,-0.1125775427,-0.0969290584,0.9889039397,1,-36.6,441.7,2138.4,1,0.9485918283,-0.3067603707,0.0779207572,0.2958037555,0.9468383193,0.1264804453,-0.1125775427,-0.0969290584,0.9889039397,1,29.7,237.2,2159.3,1,0.9924497008,0.0852858126,0.0881468728,-0.0888054296,0.9953688383,0.0368031673,-0.0845998600,-0.0443532132,0.9954273701,1,13.0,42.2,2168.0,1,0.6298358440,0.2101035267,-0.7477722764,-0.7585963011,0.3731940091,-0.5340954065,0.1668488085,0.9036496878,0.3944347203,1,-111.8,249.9,2171.4,1,-0.8672953248,0.2101035267,-0.4512818456,-0.3554891348,0.3731940091,0.8569443822,0.3484627306,0.9036496878,-0.2489799261,1,-286.6,460.4,2125.1,1,0.1827079952,0.9026861787,0.3895836473,-0.5377641916,0.4234797060,-0.7290230989,-0.8230598569,-0.0763057843,0.5628054142,1,171.1,224.5,2147.3,1,-0.4167708755,0.9026861787,-0.1070498303,0.9045656323,0.4234797060,0.0492544398,0.0897947326,-0.0763057843,-0.9930328727,1,205.4,123.5,1992.6,1,0.8192334175,0.0155884558,0.5732483268,-0.0495104454,0.9978205562,0.0436218083,-0.5713189840,-0.0641182214,0.8182197213,1,-92.6,-145.0,2183.6,1,0.8222237229,0.1352436543,0.5528628826,-0.0291351918,0.9800863266,-0.1964226961,-0.5684182644,0.1453956366,0.8097905517,1,-98.7,-535.7,2208.7,1,0.9865038991,-0.0065702335,0.1636058688,0.0131301433,0.9991511106,-0.0390467718,-0.1632104367,0.0406679623,0.9857527614,1,86.9,-160.6,2169.1,1,0.9836408496,-0.0751252398,0.1637279540,0.0907291397,0.9918004274,-0.0900008157,-0.1556241214,0.1033833772,0.9823914766,1,89.5,-551.9,2153.2,1,-62.4,552.3,2035.0,1,94.7,363.8,2016.4,1,-149.6,-904.3,2154.0,1,117.7,-924.9,2114.3,1,
14,0.9486541152,-0.3024188280,0.0927267596,0.2889057696,0.9477491379,0.1352958977,-0.1287977397,-0.1015597060,0.9864566922,1,-35.7,440.8,2137.3,1,0.9486541152,-0.3024188280,0.0927267596,0.2889057696,0.9477491379,0.1352958977,-0.1287977397,-0.1015597060,0.9864566922,1,29.2,237.5,2159.1,1,0.9906731248,0.0878225341,0.1041822061,-0.0915530026,0.9952995181,0.0315732472,-0.1009196639,-0.0408169627,0.9940569401,1,12.0,42.5,2167.1,1,0.6146146059,0.2179854959,-0.7581102848,-0.7713497281,0.3672666252,-0.5197449923,0.1651317328,0.9042109847,0.3938705027,1,-112.0,250.5,2173.5,1,-0.8724679947,0.2179854959,-0.4373578727,-0.3418594301,0.3672666252,0.8650129437,0.3491872251,0.9042109847,-0.2459079921,1,-283.7,466.0,2127.4,1,0.1688267887,0.9081995487,0.3829766214,-0.4929509163,0.4142694175,-0.7651014924,-0.8535203338,-0.0596190430,0.5176375508,1,170.4,224.4,2144.7,1,-0.4029424787,0.9081995487,-0.1131854430,0.9039651155,0.4142694175,0.1059621274,0.1431240290,-0.0596190430,-0.9879074097,1,202.2,131.5,1983.8,1,0.8097162247,0.0159120020,0.5866058469,-0.0554889366,0.9972293973,0.0495432802,-0.5841922760,-0.0726661310,0.8083557487,1,-93.4,-144.7,2184.4,1,0.8159108162,0.1331210136,0.5626440644,-0.0151191372,0.9777129292,-0.2094010711,-0.5779800415,0.1623459011,0.7997392416,1,-99.7,-535.3,2212.8,1,0.9837811589,-0.0080458848,0.1791924983,0.0150598874,0.9991711974,-0.0378164053,-0.1787397265,0.0399016812,0.9830869436,1,86.0,-160.7,2169.1,1,0.9806100130,-0.0789387152,0.1793674976,0.0963356569,0.9912320375,-0.0904351622,-0.1706559658,0.1059611142,0.9796166420,1,89.1,-552.1,2153.4,1,-58.1,554.4,2037.1,1,96.4,368.9,2021.4,1,-149.8,-903.2,2151.7,1,118.8,-925.2,2113.6,1,
15,0.9564993978,-0.2830442488,0.0706744492,0.2701913416,0.9508441687,0.1513012052,-0.1100253165,-0.1256238818,0.9859579206,1,-34.3,452.5,2130.8,1,0.9564993978,-0.2830442488,0.0706744492,0.2701913416,0.9508441687,0.1513012052,-0.1100253165,-0.1256238818,0.9859579206,1,29.1,239.7,2158.9,1,0.9933074117,0.0807397738,0.0825925022,-0.0839869380,0.9957936406,0.0366218649,-0.0792882517,-0.0433134623,0.9959102869,1,13.2,44.6,2167.4,1,0.5887638330,0.2417018861,-0.7713218331,-0.7951363921,0.3447330296,-0.4989161193,0.1453111321,0.9070497751,0.3951523006,1,-112.5,251.6,2170.2,1,-0.8904033303,0.2417018861,-0.3856969178,-0.2927584648,0.3447330296,0.8918809295,0.3485317826,0.9070497751,-0.2361911535,1,-279.6,477.4,2129.0,1,0.1417631060,0.9065015912,0.3976909518,-0.4320417345,0.4181242287,-0.7990695238,-0.8906419873,-0.0585405082,0.4509211183,1,170.6,227.7,2147.6,1,-0.4008480906,0.9065015912,-0.1325732321,0.8958772421,0.4181242287,0.1502534896,0.1916371137,-0.0585405082,-0.9797184467,1,197.9,144.4,1975.8,1,0.8224884868,0.0089816535,0.5687108636,-0.0495229512,0.9972089529,0.0558728054,-0.5666217208,-0.0741189793,0.8206376433,1,-94.7,-144.1,2184.2,1,0.8275732398,0.1428387165,0.5428808331,-0.0178695489,0.9732984900,-0.2288464457,-0.5610732436,0.1796861589,0.8080282807,1,-98.3,-534.7,2213.3,1,0.9873461127,-0.0052309097,0.1584937423,0.0122364759,0.9989890456,-0.0432573296,-0.1581072360,0.0446493626,0.9864119291,1,84.3,-160.7,2166.0,1,0.9828386307,-0.0942895785,0.1585488468,0.1043561921,0.9929397702,-0.0563954115,-0.1521119475,0.0719731450,0.9857392311,1,86.4,-552.0,2148.5,1,-49.7,553.0,2038.9,1,93.4,378.0,2025.8,1,-152.0,-901.1,2145.6,1,121.9,-925.6,2121.4,1,
16,0.9603850842,-0.2658341825,0.0836223960,0.2544367015,0.9588456750,0.1260037422,-0.1136770695,-0.0997355059,0.9884990454,1,-34.6,467.4,2133.5,1,0.9603850842,-0.2658341825,0.0836223960,0.2544367015,0.9588456750,0.1260037422,-0.1136770695,-0.0997355059,0.9884990454,1,28.0,241.4,2157.0,1,0.9929435253,0.0751085654,0.0917705894,-0.0792629421,0.9959477186,0.0424909256,-0.0882072747,-0.0494650975,0.9948732257,1,13.3,46.4,2166.7,1,0.5739248991,0.2589061558,-0.7769026756,-0.8079307675,0.3338352442,-0.4855943918,0.1336341053,0.9063783288,0.4007746279,1,-113.5,252.7,2169.6,1,-0.9009780288,0.2589061558,-0.3481467664,-0.2547562718,0.3338352442,0.9075534344,0.3511948586,0.9063783288,-0.2348202616,1,-278.1,484.5,2131.3,1,0.1184483767,0.8917402625,0.4367714822,-0.4035441279,0.4451352954,-0.7993789315,-0.9072607756,-0.0815714225,0.4125820994,1,169.5,230.1,2144.5,1,-0.4172886908,0.8917402625,-0.1751270443,0.8785480261,0.4451352954,0.1732280105,0.2324296236,-0.0815714225,-0.9691865444,1,192.3,152.6,1970.1,1,0.8172736168,0.0171487145,0.5759946108,-0.0575148165,0.9969934225,0.0519244187,-0.5733723640,-0.0755646825,0.8158026934,1,-92.3,-142.8,2183.1,1,0.8263075352,0.1350280493,0.5467936397,-0.0021700603,0.9715923667,-0.2366506755,-0.5632150173,0.1943596601,0.8031271100,1,-99.1,-533.3,2212.7,1,0.9857836366,-0.0009773471,0.1680168957,0.0079299072,0.9991393685,-0.0407141596,-0.1678324938,0.0414677076,0.9849429727,1,87.2,-158.0,2168.8,1,0.9820628166,-0.0858025774,0.1679003239,0.1009973735,0.9913220406,-0.0841438845,-0.1592235267,0.0995920748,0.9822063446,1,87.6,-549.3,2152.5,1,-45.4,550.3,2040.6,1,83.8,381.0,2030.5,1,-149.9,-899.1,2139.5,1,119.9,-922.4,2115.0,1,
17,0.9617756009,-0.2608528435,0.0833273679,0.2491650134,0.9598485827,0.1288698465,-0.1135977209,-0.1031816080,0.9881544113,1,-30.6,471.8,2134.4,1,0.9617756009,-0.2608528435,0.0833273679,0.2491650134,0.9598485827,0.1288698465,-0.1135977209,-0.1031816080,0.9881544113,1,30.9,245.7,2158.7,1,0.9919994473,0.0871287957,0.0913546607,-0.0909508616,0.9951094985,0.0385367870,-0.0875502303,-0.0465372540,0.9950724840,1,13.8,50.8,2167.8,1,0.5826889873,0.2478957176,-0.7739646435,-0.8016498089,0.3318001628,-0.4972587526,0.1335332692,0.9101957679,0.3920618594,1,-110.5,258.6,2171.2,1,-0.9090768099,0.2478957176,-0.3348538280,-0.2450693697,0.3318001628,0.9109608531,0.3369278312,0.9101957679,-0.2408801764,1,-276.5,487.0,2133.1,1,0.0838698000,0.8842771053,0.4593689144,-0.4164792895,0.4499046803,-0.7900194526,-0.9052683711,-0.1250588745,0.4060165286,1,172.2,232.7,2146.2,1,-0.4000599682,0.8842771053,-0.2408443093,0.8680408597,0.4499046803,0.2099780887,0.2940358222,-0.1250588745,-0.9475775361,1,189.9,144.8,1955.1,1,0.8172751069,0.0265598036,0.5756353140,-0.0577500574,0.9976832271,0.0359592438,-0.5733466148,-0.0626315698,0.8169155121,1,-91.1,-141.5,2184.4,1,0.8254800439,0.1166130230,0.5522536039,-0.0006827988,0.9786305428,-0.2056255043,-0.5644308329,0.1693626791,0.8079196215,1,-101.5,-532.3,2208.9,1,0.9860031605,0.0073396289,0.1665650308,0.0009728187,0.9987602830,-0.0497687459,-0.1667238176,0.0492341779,0.9847736359,1,88.3,-155.9,2168.5,1,0.9799157381,-0.1097410545,0.1664995402,0.1208221763,0.9909828305,-0.0579223372,-0.1586417407,0.0768758431,0.9843388200,1,85.5,-547.1,2149.2,1,-41.6,550.4,2046.1,1,97.9,344.5,2022.8,1,-145.4,-900.6,2145.2,1,126.8,-919.9,2120.2,1,
18,0.9649157524,-0.2481299788,0.0858436823,0.2336624861,0.9606379271,0.1502552181,-0.1197475269,-0.1249251813,0.9849132895,1,-29.0,472.7,2129.8,1,0.9649157524,-0.2481299788,0.0858436823,0.2336624861,0.9606379271,0.1502552181,-0.1197475269,-0.1249251813,0.9849132895,1,29.3,247.1,2159.2,1,0.9918588996,0.0850825608,0.0947466642,-0.0895074680,0.9950371385,0.0434682555,-0.0905780643,-0.0515949093,0.9945519567,1,12.6,52.2,2169.3,1,0.5816100836,0.2652644217,-0.7690023184,-0.8043341637,0.3287917674,-0.4949167073,0.1215578318,0.9063833356,0.4045898318,1,-112.1,259.9,2172.1,1,-0.9006364346,0.2652644217,-0.3442220688,-0.2511164248,0.3287917674,0.9104045630,0.3546753228,0.9063833356,-0.2295095772,1,-277.7,488.9,2137.5,1,0.0568552278,0.8777667880,0.4757026136,-0.3964595795,0.4571448267,-0.7961397171,-0.9162899256,-0.1433321536,0.3739901185,1,170.6,234.3,2146.3,1,-0.4013068974,0.8777667880,-0.2616835535,0.8649962544,0.4571448267,0.2068819106,0.3012213409,-0.1433321536,-0.9427202940,1,182.4,152.0,1955.9,1,0.8154812455,0.0222841054,0.5783542991,-0.0546831936,0.9977550507,0.0386597626,-0.5761944652,-0.0631525740,0.8148691058,1,-92.9,-135.9,2184.9,1,0.8222203851,0.1209787801,0.5561634302,-0.0077740136,0.9794453979,-0.2015597373,-0.5691161752,0.1614028960,0.8062604666,1,-101.7,-526.7,2209.6,1,0.9854323268,0.0011279706,0.1700643450,0.0077722725,0.9986345172,-0.0516597331,-0.1698903888,0.0522289574,0.9840779305,1,86.4,-152.3,2169.0,1,0.9806641340,-0.0969022661,0.1700229645,0.1097804680,0.9916248322,-0.0680324137,-0.1620065123,0.0853821486,0.9830889106,1,85.9,-543.5,2148.6,1,-44.9,553.9,2045.8,1,84.9,362.2,2029.1,1,-147.2,-895.5,2148.8,1,122.4,-916.8,2116.4,1,
19,0.9640738964,-0.2447296083,0.1032903120,0.2261620909,0.9601740837,0.1640624106,-0.1393276155,-0.1348079443,0.9810273647,1,-31.0,474.1,2127.6,1,0.9640738964,-0.2447296083,0.1032903120,0.2261620909,0.9601740837,0.1640624106,-0.1393276155,-0.1348079443,0.9810273647,1,26.7,247.6,2159.4,1,0.9904607534,0.0774046257,0.1140000671,-0.0822991282,0.9958495498,0.0388657153,-0.1105185300,-0.0478770733,0.9927202463,1,11.5,52.6,2168.7,1,0.5761098862,0.2594156265,-0.7751135230,-0.8078901172,0.3247490227,-0.4917841256,0.1241408587,0.9095282555,0.3966704309,1,-114.4,259.3,2175.1,1,-0.9046524167,0.2594156265,-0.3380939662,-0.2479819059,0.3247490227,0.9127119184,0.3465674222,0.9095282555,-0.2294546068,1,-278.7,489.7,2139.7,1,0.0379189700,0.8738915920,0.4846396744,-0.3711042702,0.4626192451,-0.8051490784,-0.9278166890,-0.1493214220,0.3418469727,1,167.8,235.9,2143.6,1,-0.4021832645,0.8738915920,-0.2730605602,0.8605861068,0.4626192451,0.2130140811,0.3124743104,-0.1493214220,-0.9381166697,1,175.5,160.4,1954.8,1,0.8044469953,0.0178343114,0.5937566161,-0.0392250083,0.9989624619,0.0231384914,-0.5927278996,-0.0419037975,0.8043119311,1,-93.7,-134.6,2187.6,1,0.8048160672,0.1308880299,0.5789122581,-0.0364730172,0.9844441414,-0.1718704104,-0.5924025774,0.1172093973,0.7970703840,1,-100.7,-525.8,2204.0,1,0.9818348885,0.0010483136,0.1897345781,0.0101271439,0.9982697964,-0.0579213500,-0.1894670129,0.0587906726,0.9801254272,1,85.6,-150.7,2171.2,1,0.9772065282,-0.0952216461,0.1897373796,0.1070976257,0.9928171635,-0.0533305854,-0.1832963079,0.0724354163,0.9803854227,1,85.2,-541.8,2148.2,1,-44.8,553.9,2050.1,1,75.2,375.2,2032.8,1,-149.9,-896.1,2159.9,1,121.1,-915.6,2120.9,1,
20,0.9598096013,-0.2542731762,0.1187881604,0.2354209423,0.9598637223,0.1524420679,-0.1527823806,-0.1183501408,0.9811477065,1,-30.6,476.2,2131.9,1,0.9598096013,-0.2542731762,0.1187881604,0.2354209423,0.9598637223,0.1524420679,-0.1527823806,-0.1183501408,0.9811477065,1,29.4,249.7,2159.8,1,0.9876949787,0.0886246711,0.1288575381,-0.0936680064,0.9950360656,0.0336082727,-0.1252393872,-0.0452645533,0.9910934567,1,12.0,54.8,2168.7,1,0.5874282122,0.2473865300,-0.7705374956,-0.7982975841,0.3334347308,-0.5015398860,0.1328497380,0.9097368717,0.3933570385,1,-111.4,263.0,2177.7,1,-0.9070818424,0.2473865300,-0.3405913115,-0.2503470480,0.3334347308,0.9089266658,0.3384211659,0.9097368717,-0.2405200899,1,-278.6,490.3,2139.9,1,0.0019315828,0.8734552860,0.4869005382,-0.3617931604,0.4545282125,-0.8139470816,-0.9322564006,-0.1745850742,0.3168880939,1,170.1,236.3,2142.0,1,-0.3839007914,0.8734552860,-0.2994929850,0.8634345531,0.4545282125,0.2188261300,0.3272628486,-0.1745850742,-0.9286652207,1,170.5,162.0,1950.4,1,0.7954484820,0.0194153190,0.6057101488,-0.0374884531,0.9991489649,0.0172051564,-0.6048606038,-0.0363929532,0.7954993248,1,-93.2,-135.0,2188.1,1,0.7958079576,0.1320644617,0.5909726024,-0.0348307788,0.9842957258,-0.1730568856,-0.6045464873,0.1171360090,0.7879103422,1,-100.8,-526.4,2202.3,1,0.9790959358,0.0023347649,0.2033856809,0.0070943674,0.9989336729,-0.0456194431,-0.2032753229,0.0461087041,0.9780353308,1,85.9,-149.9,2168.1,1,0.9741514921,-0.0984309465,0.2033229768,0.1130331084,0.9916878343,-0.0614716485,-0.1955822110,0.0828649253,0.9771801233,1,85.0,-541.2,2150.0,1,-44.0,555.0,2052.3,1,73.4,380.2,2033.2,1,-150.5,-896.9,2158.2,1,122.0,-914.6,2118.8,1,
21,0.9599681497,-0.2479861379,0.1302458644,0.2293868810,0.9628398418,0.1425521374,-0.1607568711,-0.1069688201,0.9811803699,1,-29.6,476.0,2134.1,1,0.9599681497,-0.2479861379,0.1302458644,0.2293868810,0.9628398418,0.1425521374,-0.1607568711,-0.1069688201,0.9811803699,1,28.7,249.8,2159.2,1,0.9865494967,0.0861427858,0.1389227808,-0.0921761170,0.9950331450,0.0375847295,-0.1349951178,-0.0498845577,0.9895897508,1,11.8,54.9,2169.0,1,0.5836532712,0.2468901575,-0.7735593915,-0.8003903031,0.3354612887,-0.4968310595,0.1368365288,0.9091265202,0.3934015632,1,-111.9,262.9,2178.5,1,-0.9079954624,0.2468901575,-0.3385107517,-0.2476419806,0.3354612887,0.9089220166,0.3379611373,0.9091265202,-0.2434569448,1,-278.2,490.9,2139.5,1,-0.0063072722,0.8759961724,0.4822767675,-0.3574074507,0.4484545588,-0.8192365170,-0.9339272976,-0.1775364578,0.3102590144,1,169.3,236.7,2140.0,1,-0.3767481744,0.8759961724,-0.3011502624,0.8660448194,0.4484545588,0.2210314125,0.3286748827,-0.1775364578,-0.9276064038,1,168.0,163.1,1947.7,1,0.7894542217,0.0133037213,0.6136652827,-0.0275238324,0.9995267391,0.0137393773,-0.6131920815,-0.0277370289,0.7894467115,1,-94.6,-131.6,2188.9,1,0.7859392762,0.1367328912,0.6029955149,-0.0551303551,0.9868542552,-0.1519187540,-0.6158409715,0.0861555561,0.7831456661,1,-99.8,-523.1,2199.8,1,0.9769262075,-0.0069417898,0.2134643942,0.0155239794,0.9991359115,-0.0385543928,-0.2130123079,0.0409786105,0.9761897922,1,83.9,-148.5,2166.3,1,0.9737552404,-0.0786550865,0.2135746330,0.0968158916,0.9924014807,-0.0759339184,-0.2059791982,0.0946184695,0.9739711881,1,86.6,-539.9,2150.2,1,-43.3,555.0,2052.1,1,72.1,383.4,2031.3,1,-151.3,-894.5,2167.4,1,116.2,-913.5,2114.6,1,
22,0.9570587277,-0.2487621456,0.1488489956,0.2257904112,0.9616935849,0.1554480046,-0.1818167120,-0.1151641905,0.9765653610,1,-27.2,471.5,2129.2,1,0.9570587277,-0.2487621456,0.1488489956,0.2257904112,0.9616935849,0.1554480046,-0.1818167120,-0.1151641905,0.9765653610,1,30.2,249.9,2155.7,1,0.9824687243,0.0996668637,0.1575491279,-0.1074045524,0.9933544993,0.0413654000,-0.1523793787,-0.0575617068,0.9866443872,1,10.6,55.3,2167.0,1,0.6002447605,0.2647341788,-0.7547330856,-0.7911179066,0.3353069723,-0.5115678310,0.1176377833,0.9041488171,0.4107022285,1,-109.8,265.2,2177.4,1,-0.8975543976,0.2647341788,-0.3525789082,-0.2571312189,0.3353069723,0.9063403010,0.3581614196,0.9041488171,-0.2328848392,1,-278.9,488.0,2144.3,1,-0.0179474615,0.8718237877,0.4894906878,-0.3513831794,0.4528402686,-0.8194300532,-0.9360597134,-0.1867054701,0.2982168794,1,170.1,234.6,2134.0,1,-0.3768944442,0.8718237877,-0.3128479123,0.8636395335,0.4528402686,0.2215005606,0.3347795904,-0.1867054701,-0.9236144423,1,166.5,163.9,1945.7,1,0.7778938413,0.0123302033,0.6282747388,-0.0284656640,0.9994725585,0.0156294145,-0.6277506351,-0.0300422814,0.7778345346,1,-94.2,-131.6,2191.0,1,0.7766735554,0.1360321641,0.6150393486,-0.0375388376,0.9846631289,-0.1703800410,-0.6287837625,0.1092418134,0.7698683143,1,-99.0,-523.1,2202.7,1,0.9730086923,-0.0051248437,0.2307115346,0.0148133645,0.9990785718,-0.0402815193,-0.2302925140,0.0426118858,0.9721880555,1,84.1,-148.3,2166.6,1,0.9689603448,-0.0887438208,0.2307386994,0.1094390750,0.9908910990,-0.0784726068,-0.2216729671,0.1012886763,0.9698462486,1,86.1,-539.6,2149.9,1,-46.8,554.5,2051.7,1,70.3,384.4,2031.2,1,-150.3,-893.8,2161.6,1,119.5,-912.8,2111.7,1,
23,0.9593524933,-0.2424209267,0.1444815248,0.2193818539,0.9626706243,0.1585461199,-0.1775230169,-0.1204049885,0.9767231941,1,-25.3,468.6,2126.7,1,0.9593524933,-0.2424209267,0.1444815248,0.2193818539,0.9626706243,0.1585461199,-0.1775230169,-0.1204049885,0.9767231941,1,30.6,246.7,2154.5,1,0.9822010398,0.1100646108,0.1522067338,-0.1180533171,0.9920115471,0.0444574803,-0.1460976452,-0.0616346933,0.9873482585,1,9.0,52.4,2166.6,1,0.5986308455,0.2662427127,-0.7554839253,-0.7933186293,0.3275692165,-0.5131704807,0.1108453795,0.9065391421,0.4073083401,1,-109.4,263.5,2175.3,1,-0.8990288973,0.2662427127,-0.3476519585,-0.2548158467,0.3275692165,0.9098171592,0.3561122715,0.9065391421,-0.2266513407,1,-279.2,488.5,2143.9,1,-0.0390093289,0.8758816123,0.4809466898,-0.3395321667,0.4410567582,-0.8307748437,-0.9397851825,-0.1957048476,0.2801846564,1,170.5,229.9,2133.7,1,-0.3606572151,0.8758816123,-0.3205586076,0.8678450584,0.4410567582,0.2287223190,0.3417181969,-0.1957048476,-0.9191998243,1,162.6,161.2,1943.6,1,0.7814750671,0.0029470427,0.6239295006,-0.0186897572,0.9996506572,0.0186873116,-0.6236565113,-0.0262647588,0.7812571526,1,-97.6,-129.5,2192.1,1,0.7790568471,0.1358999461,0.6120470762,-0.0372132622,0.9845266342,-0.1712382287,-0.6258478761,0.1106280535,0.7720595002,1,-98.8,-521.0,2202.4,1,0.9742458463,-0.0204461981,0.2245595902,0.0279293880,0.9991536736,-0.0301977582,-0.2237521112,0.0356918536,0.9739923477,1,79.9,-148.9,2164.6,1,0.9724719524,-0.0591034070,0.2253997773,0.0818170905,0.9923182130,-0.0927926376,-0.2181839496,0.1086797938,0.9698373675,1,87.9,-540.2,2150.6,1,-46.6,554.4,2051.8,1,70.4,383.1,2030.9,1,-150.0,-891.8,2160.7,1,110.2,-913.8,2109.7,1,
