1,0.4985494614,0.3180429041,-0.8064100146,-0.0271715652,0.9355404973,0.3521727920,0.8664352894,-0.1536641270,0.4750549495,1,-209.2,147.2,2618.1,1,0.4985494614,0.3180429041,-0.8064100146,-0.0271715652,0.9355404973,0.3521727920,0.8664352894,-0.1536641270,0.4750549495,1,-273.6,-42.2,2649.2,1,0.5060321689,0.2987030149,-0.8091402650,-0.0044285087,0.9390051961,0.3438745141,0.8625032306,-0.1704282761,0.4764896333,1,-332.1,-226.1,2682.6,1,-0.4329314232,0.0177589413,-0.9012519121,0.7191515565,0.6096196175,-0.3334440887,0.5434992313,-0.7924951315,-0.2766948640,1,-345.7,-41.6,2526.3,1,-0.9608463645,0.0177589413,0.2765120566,-0.2087979913,0.6096196175,-0.7647008300,-0.1821474433,-0.7924951315,-0.5820427537,1,-242.7,-212.6,2397.1,1,0.4078938663,0.5593302250,-0.7216455340,-0.3721906841,0.8235957026,0.4279769361,0.8337246180,0.0940205827,0.5441170931,0,-201.5,-42.8,2772.1,1,-0.0984473303,0.5537410378,0.8268488646,0.0938134864,0.8323489428,-0.5462547541,-0.9907104373,0.0237922501,-0.1338909119,0,-62.6,-169.5,3055.8,0,0.9463210702,-0.3219620585,-0.0285805464,-0.0063060103,0.0700154752,-0.9975259900,0.3231665790,0.9441601038,0.0642268285,1,-439.2,-408.4,2632.0,1,0.9463210702,-0.0367773511,-0.3211289942,-0.0063060103,0.9912160635,-0.1321020871,0.3231665790,0.1270360351,0.9377767444,1,-309.7,-436.6,2252.0,1,0.6421356797,-0.7664493322,0.0147377523,-0.1742884815,-0.1646875143,-0.9708251953,0.7465154529,0.6208328605,-0.2393350154,0,-344.8,-410.4,2793.9,1,0.6421356797,-0.2400775254,-0.7280278206,-0.1742884815,0.8791031241,-0.4436228275,0.7465154529,0.4117529094,0.5226607323,0,-46.4,-346.3,2552.2,0,5.5,-158.6,2444.2,1,-87.8,-145.5,2802.9,0,-295.8,-809.9,2204.1,1,72.9,-783.3,2347.5,0,
2,0.5051868558,0.3133642673,-0.8041076660,-0.0303347539,0.9376198053,0.3463364840,0.8624767065,-0.1505722255,0.4831789732,1,-210.6,146.5,2618.7,1,0.5051868558,0.3133642673,-0.8041076660,-0.0303347539,0.9376198053,0.3463364840,0.8624767065,-0.1505722255,0.4831789732,1,-274.0,-43.4,2649.2,1,0.5124882460,0.2938434482,-0.8068529963,-0.0077430028,0.9411710501,0.3378418982,0.8586593270,-0.1668925434,0.4846143425,1,-331.6,-227.7,2681.9,1,-0.4071676433,0.0112906070,-0.9132836461,0.7225500345,0.6156273484,-0.3145224452,0.5586912632,-0.7879565358,-0.2588215768,1,-347.1,-42.3,2526.8,1,-0.9618304372,0.0112906070,0.2734131813,-0.2087788135,0.6156273484,-0.7598778605,-0.1769001186,-0.7879565358,-0.5897718668,1,-252.0,-211.0,2396.4,1,0.4155421853,0.5568672419,-0.7191826105,-0.3756641448,0.8251663446,0.4218731225,0.8283725977,0.0948650315,0.5520864725,0,-201.0,-44.5,2771.5,1,-0.1062243134,0.5507203937,0.8279030323,0.0994785428,0.8343224525,-0.5422269702,-0.9893535376,0.0247609001,-0.1434101909,0,-59.6,-172.4,3053.5,0,0.9492682219,-0.3131173551,-0.0291088242,-0.0089125112,0.0657399893,-0.9977970123,0.3143411875,0.9474363923,0.0596142225,1,-436.3,-409.6,2638.0,1,0.9492682219,-0.0336681269,-0.3126599789,-0.0089125112,0.9909723401,-0.1337700635,0.3143411875,0.1297702640,0.9403984547,1,-308.7,-436.4,2252.0,1,0.6483686566,-0.7611450553,0.0166215636,-0.1763818562,-0.1714146882,-0.9692814350,0.7406129241,0.6255199909,-0.2453920841,0,-342.8,-412.8,2792.1,1,0.6483686566,-0.2403501719,-0.7223917842,-0.1763818562,0.8756216168,-0.4496400654,0.7406129241,0.4189493358,0.5253322124,0,-46.5,-346.0,2548.6,0,-3.3,-157.0,2442.1,1,-86.7,-147.0,2800.9,0,-296.0,-809.6,2203.2,1,73.0,-781.4,2340.3,0,
3,0.5139082074,0.3047077060,-0.8019049764,-0.0276655070,0.9401905537,0.3395237327,0.8573989868,-0.1522989273,0.4916015267,1,-212.3,144.5,2619.0,1,0.5139082074,0.3047077060,-0.8019049764,-0.0276655070,0.9401905537,0.3395237327,0.8573989868,-0.1522989273,0.4916015267,1,-273.8,-45.5,2649.8,1,0.5207648277,0.2884001136,-0.8035106063,-0.0059016715,0.9424031377,0.3344271779,0.8536797762,-0.1694158614,0.4924724698,1,-330.3,-230.1,2682.9,1,-0.3651421070,0.0087774424,-0.9309104085,0.7300128341,0.6232339144,-0.2804652452,0.5777131319,-0.7819862366,-0.2339765728,1,-348.0,-44.7,2528.1,1,-0.9646085501,0.0087774424,0.2635398209,-0.2008232027,0.6232339144,-0.7558104992,-0.1708810478,-0.7819862366,-0.5994140506,1,-264.0,-212.7,2395.1,1,0.4250203073,0.5544016361,-0.7155393362,-0.3742003441,0.8273949623,0.4187979102,0.8242158890,0.0897574499,0.5591169596,0,-199.6,-46.3,2771.4,1,-0.1161469370,0.5475434065,0.8286772966,0.0993212312,0.8365448117,-0.5388209820,-0.9882535934,0.0197228435,-0.1515448093,0,-54.9,-173.7,3052.0,0,0.9505523443,-0.3098538518,-0.0209959690,-0.0032550734,0.0576620400,-0.9983308315,0.3105473220,0.9490340948,0.0538021922,1,-435.5,-411.4,2636.9,1,0.9505523443,-0.0426970385,-0.3076153398,-0.0032550734,0.9890801311,-0.1473428011,0.3105473220,0.1410583556,0.9400334358,1,-309.8,-434.8,2251.9,1,0.6561937928,-0.7543734908,0.0181761105,-0.1739460826,-0.1746582836,-0.9691425562,0.7342700362,0.6327836514,-0.2458299994,0,-339.7,-415.2,2793.3,1,0.6561937928,-0.2398749590,-0.7154507041,-0.1739460826,0.8745093346,-0.4527429044,0.7342700362,0.4215369225,0.5321223140,0,-46.0,-347.2,2546.9,0,-14.5,-160.7,2439.4,1,-84.6,-148.3,2799.6,0,-293.7,-807.3,2198.8,1,73.3,-782.0,2337.3,0,
4,0.5091883540,0.3077049255,-0.8037691712,-0.0261179283,0.9389982820,0.3429286182,0.8602586985,-0.1536224931,0.4861636460,1,-212.4,143.2,2618.1,1,0.5091883540,0.3077049255,-0.8037691712,-0.0261179283,0.9389982820,0.3429286182,0.8602586985,-0.1536224931,0.4861636460,1,-274.6,-46.8,2649.2,1,0.5156772733,0.2923539579,-0.8053608537,-0.0057864208,0.9411493540,0.3379414380,0.8567633629,-0.1696085632,0.4870210290,1,-331.9,-231.1,2682.4,1,-0.3451710641,0.0171675198,-0.9383827448,0.7353916168,0.6261735559,-0.2590478659,0.5831432939,-0.7794946432,-0.2287618518,1,-348.1,-46.0,2527.1,1,-0.9623348117,0.0171675198,0.2713245153,-0.2012103647,0.6261735559,-0.7532735467,-0.1828280836,-0.7794946432,-0.5991343260,1,-269.6,-213.2,2394.5,1,0.4189507067,0.5564514995,-0.7175248861,-0.3738366961,0.8258413076,0.4221756160,0.8274819851,0.0913663581,0.5540087819,0,-201.1,-47.6,2771.3,1,-0.1099748611,0.5500380397,0.8278669715,0.0976719633,0.8348683119,-0.5417149067,-0.9891237020,0.0212843679,-0.1455378234,0,-58.5,-174.9,3053.0,0,0.9529020786,-0.3029700518,-0.0136684738,0.0015341110,0.0498838052,-0.9987538457,0.3032743335,0.9516935945,0.0479991697,1,-433.9,-414.1,2638.9,1,0.9529020786,-0.0416932888,-0.3003986478,0.0015341110,0.9911551476,-0.1326992065,0.3032743335,0.1259884983,0.9445377588,1,-310.3,-434.4,2250.8,1,0.6512855887,-0.7586513758,0.0165880974,-0.1744935215,-0.1710015088,-0.9696961045,0.7384978533,0.6286545396,-0.2437505722,0,-342.5,-416.0,2793.1,1,0.6512855887,-0.2396373153,-0.7200007439,-0.1744935215,0.8761056662,-0.4494338930,0.7384978533,0.4183452725,0.5287798643,0,-47.1,-349.4,2548.3,0,-20.6,-161.2,2441.8,1,-86.6,-149.9,2800.4,0,-294.6,-807.7,2203.4,1,72.1,-785.0,2340.3,0,
5,0.4907113910,0.3131315410,-0.8131119013,-0.0217719972,0.9373083115,0.3478205204,0.8710501194,-0.1529764384,0.4667653739,1,-212.4,143.1,2617.7,1,0.4907113910,0.3131315410,-0.8131119013,-0.0217719972,0.9373083115,0.3478205204,0.8710501194,-0.1529764384,0.4667653739,1,-275.7,-46.3,2648.6,1,0.4969547391,0.2979369760,-0.8150273561,-0.0025942377,0.9397193193,0.3419368863,0.8677725792,-0.1678127944,0.4677709043,1,-334.0,-230.4,2681.5,1,-0.3911574185,0.0244191792,-0.9199997783,0.7284972668,0.6190835834,-0.2933039963,0.5623944998,-0.7849453688,-0.2599484324,1,-346.5,-46.0,2525.0,1,-0.9608977437,0.0244191792,0.2758246958,-0.2021014392,0.6190835834,-0.7588745356,-0.1892896295,-0.7849453688,-0.5899408460,1,-256.7,-213.3,2395.8,1,0.4000973403,0.5560870767,-0.7284842134,-0.3706353009,0.8251547217,0.4263204336,0.8381835222,0.0994322747,0.5362477303,0,-204.9,-46.7,2772.3,1,-0.0882809460,0.5512130857,0.8296810389,0.0930261686,0.8338551521,-0.5440879464,-0.9917421937,0.0291494504,-0.1248907670,0,-68.7,-172.9,3057.6,0,0.9514964223,-0.3073587120,-0.0136058945,0.0010268140,0.0473961085,-0.9988756180,0.3076580167,0.9504126310,0.0454128273,1,-435.7,-414.9,2638.2,1,0.9514964223,-0.0438853242,-0.3045136929,0.0010268140,0.9902217388,-0.1394984722,0.3076580167,0.1324196309,0.9422375560,1,-310.5,-434.2,2251.0,1,0.6347421408,-0.7724680901,0.0198869128,-0.1721511483,-0.1664533317,-0.9709053636,0.7533037066,0.6128509641,-0.2386362106,0,-347.5,-414.7,2792.8,1,0.6347421408,-0.2467489839,-0.7322686315,-0.1721511483,0.8786733747,-0.4453056157,0.7533037066,0.4087151289,0.5152528882,0,-46.7,-349.9,2554.1,0,-7.9,-161.0,2444.8,1,-91.2,-149.1,2804.4,0,-294.0,-807.2,2201.1,1,76.0,-786.7,2350.9,0,
6,0.4995922446,0.3100380301,-0.8088782430,-0.0242411010,0.9383963943,0.3447093666,0.8659214377,-0.1526060253,0.4763312340,1,-212.6,143.5,2617.5,1,0.4995922446,0.3100380301,-0.8088782430,-0.0242411010,0.9383963943,0.3447093666,0.8659214377,-0.1526060253,0.4763312340,1,-275.4,-46.6,2648.4,1,0.5061099529,0.2930191159,-0.8111673594,-0.0039257654,0.9412906766,0.3375743628,0.8624600172,-0.1676652879,0.4775469303,1,-332.8,-230.9,2681.2,1,-0.4172237217,0.0656083152,-0.9064325094,0.7105497718,0.6453872323,-0.2803467810,0.5666069388,-0.7610327601,-0.3158888519,1,-347.5,-46.0,2525.5,1,-0.9537752867,0.0656083152,0.2932715416,-0.1835940331,0.6453872323,-0.7414637804,-0.2379199117,-0.7610327601,-0.6035091281,1,-252.0,-208.8,2395.7,1,0.4101781845,0.5543506145,-0.7241886854,-0.3721629679,0.8266797662,0.4220134020,0.8326154947,0.0964155272,0.5453947783,0,-203.3,-47.1,2771.3,1,-0.0990773067,0.5487052798,0.8301241994,0.0961540565,0.8356041312,-0.5408512950,-0.9904232025,0.0262337234,-0.1355496496,0,-63.7,-173.8,3054.7,0,0.9495803118,-0.3132706583,-0.0125973970,0.0026387260,0.0481641553,-0.9988359213,0.3135127127,0.9484417439,0.0465623699,1,-437.3,-414.2,2635.9,1,0.9495803118,-0.0485572405,-0.3097408414,0.0026387260,0.9891367555,-0.1469746977,0.3135127127,0.1387469620,0.9393929243,1,-310.8,-433.7,2253.1,1,0.6432434916,-0.7653853297,0.0205694493,-0.1726276428,-0.1711478680,-0.9700042009,0.7459473610,0.6203980446,-0.2422164232,0,-344.5,-415.6,2792.0,1,0.6432434916,-0.2453568280,-0.7252846360,-0.1726276428,0.8764009476,-0.4495787323,0.7459473610,0.4143927991,0.5213838220,0,-46.4,-349.0,2550.4,0,-5.3,-161.3,2457.2,1,-89.0,-149.2,2801.8,0,-292.6,-806.2,2200.8,1,75.6,-784.7,2344.4,0,
7,0.4946048260,0.3055591285,-0.8136336207,-0.0318058394,0.9418966770,0.3343935013,0.8685358167,-0.1395143420,0.4755852222,1,-213.5,143.2,2617.9,1,0.4946048260,0.3055591285,-0.8136336207,-0.0318058394,0.9418966770,0.3343935013,0.8685358167,-0.1395143420,0.4755852222,1,-275.2,-46.9,2646.0,1,0.5014359355,0.2892071307,-0.8154270053,-0.0101412488,0.9443778992,0.3287058771,0.8651353121,-0.1565554887,0.4764779508,1,-331.8,-231.9,2676.7,1,-0.5054132938,0.1091500372,-0.8559460640,0.6727884412,0.6709676385,-0.3117019534,0.5402898788,-0.7334089279,-0.4125508368,1,-346.7,-45.5,2522.8,1,-0.9423573017,0.1091500372,0.3163052499,-0.1649314314,0.6709676385,-0.7229108214,-0.2911363244,-0.7334089279,-0.6142889857,1,-228.7,-202.5,2396.7,1,0.4075451493,0.5496654510,-0.7292289734,-0.3785269260,0.8284043670,0.4128723145,0.8310381174,0.1077686846,0.5456753373,0,-203.7,-48.4,2769.3,1,-0.0942083746,0.5443558097,0.8335475326,0.1057012752,0.8380079269,-0.5353222489,-0.9899252653,0.0376751982,-0.1364864707,0,-65.0,-177.2,3052.2,0,0.9506152272,-0.3102170229,-0.0098033212,0.0050634127,0.0470821410,-0.9988781810,0.3103305697,0.9494991899,0.0463277549,1,-435.9,-414.9,2636.1,1,0.9506152272,-0.0468571559,-0.3068144619,0.0050634127,0.9907479286,-0.1356203109,0.3103305697,0.1273692101,0.9420573115,1,-310.4,-434.0,2251.8,1,0.6400276423,-0.7678864002,0.0267404169,-0.1769424379,-0.1811684966,-0.9674034119,0.7477004528,0.6144334078,-0.2518245280,0,-343.2,-417.7,2785.6,1,0.6400276423,-0.2520516515,-0.7258337140,-0.1769424379,0.8709225059,-0.4584597349,0.7477004528,0.4218576849,0.5128158927,0,-44.2,-347.2,2546.3,0,13.9,-160.0,2471.6,1,-89.1,-150.2,2799.5,0,-292.8,-807.1,2203.9,1,81.2,-780.2,2336.6,0,
8,0.4697003365,0.2996228337,-0.8304262757,-0.0123695405,0.9427867532,0.3331668079,0.8827392459,-0.1462165713,0.4465334415,1,-214.0,145.7,2618.1,1,0.4697003365,0.2996228337,-0.8304262757,-0.0123695405,0.9427867532,0.3331668079,0.8827392459,-0.1462165713,0.4465334415,1,-274.9,-46.0,2647.8,1,0.4774641693,0.2846807837,-0.8312549591,0.0126971742,0.9437236786,0.3304911554,0.8785594702,-0.1683522910,0.4469796121,1,-330.7,-230.8,2680.8,1,-0.5986005068,0.1732848436,-0.7820804119,0.6050147414,0.7376862168,-0.2996268570,0.5250091553,-0.6525269747,-0.5464192033,1,-342.9,-47.8,2522.7,1,-0.9056077003,0.1732848436,0.3871008754,-0.1410659552,0.7376862168,-0.6602419615,-0.3999688923,-0.6525269747,-0.6436097026,1,-199.0,-193.3,2396.5,1,0.3878181577,0.5388745070,-0.7478043437,-0.3573257625,0.8357518315,0.4169378877,0.8496560454,0.1055136621,0.5166735053,0,-206.9,-44.2,2772.9,1,-0.0677194968,0.5354216695,0.8418655992,0.0843807012,0.8438529968,-0.5298981071,-0.9941297770,0.0351527780,-0.1023245603,0,-75.0,-165.8,3062.0,0,0.9501074553,-0.3114930093,-0.0163687523,-0.0022917152,0.0455046408,-0.9989615083,0.3119143844,0.9491582513,0.0425204448,1,-433.8,-415.9,2629.2,1,0.9501074553,-0.0382598639,-0.3095674515,-0.0022917152,0.9915660024,-0.1295825988,0.3119143844,0.1238268390,0.9420065284,1,-309.8,-434.0,2251.3,1,0.6207695007,-0.7828221321,0.0428339876,-0.1551545113,-0.1762236506,-0.9720454216,0.7684870362,0.5967702270,-0.2308526486,0,-343.4,-414.5,2793.1,1,0.6207695007,-0.2714472413,-0.7355009317,-0.1551545113,0.8770562410,-0.4546420872,0.7684870362,0.3963442147,0.5023335218,0,-38.6,-345.9,2560.8,0,33.9,-157.0,2499.3,1,-92.2,-144.3,2808.3,0,-295.4,-807.5,2204.7,1,96.3,-781.7,2363.8,0,
9,0.4534189701,0.3046438694,-0.8376176953,-0.0080165695,0.9411292672,0.3379517794,0.8912614584,-0.1465189308,0.4291680753,1,-214.9,145.0,2619.2,1,0.4534189701,0.3046438694,-0.8376176953,-0.0080165695,0.9411292672,0.3379517794,0.8912614584,-0.1465189308,0.4291680753,1,-276.6,-45.6,2648.9,1,0.4605820775,0.2923011482,-0.8381075263,0.0145755028,0.9416039586,0.3364068866,0.8874974251,-0.1671588272,0.4294254482,1,-333.9,-230.0,2681.6,1,-0.5956643820,0.1564388722,-0.7878520489,0.6068028808,0.7303009033,-0.3137688339,0.5262833834,-0.6649717689,-0.5299417973,1,-342.2,-47.7,2522.4,1,-0.9158083200,0.1564388722,0.3698946238,-0.1448865533,0.7303009033,-0.6675840616,-0.3745704889,-0.6649717689,-0.6461497545,1,-199.6,-193.0,2396.4,1,0.3698097467,0.5406587720,-0.7555983067,-0.3551061749,0.8337574005,0.4227861762,0.8585687876,0.1119671911,0.5003228784,0,-211.0,-43.5,2775.3,1,-0.0482933410,0.5385900140,0.8411828279,0.0799650028,0.8415470719,-0.5342323184,-0.9956271052,0.0414653234,-0.0837094709,0,-85.2,-164.4,3067.4,0,0.9542933106,-0.2984793782,-0.0153075932,-0.0018004634,0.0454757102,-0.9989638329,0.2988662124,0.9533320665,0.0428597629,1,-429.6,-416.8,2634.4,1,0.9542933106,-0.0328870267,-0.2970567346,-0.0018004634,0.9932768345,-0.1157492474,0.2988662124,0.1109935716,0.9478182197,1,-309.0,-435.2,2249.2,1,0.6051841378,-0.7949470878,0.0425594896,-0.1544709653,-0.1697057635,-0.9733132720,0.7809550762,0.5824595690,-0.2254994810,0,-349.5,-413.1,2794.5,1,0.6051841378,-0.2748791873,-0.7471235394,-0.1544709653,0.8801126480,-0.4489325285,0.7809550762,0.3870957494,0.4901693761,0,-40.1,-347.0,2567.7,0,37.3,-155.5,2493.3,1,-97.5,-144.0,2813.3,0,-296.6,-809.2,2207.4,1,96.6,-784.5,2375.3,0,
10,0.4697386622,0.3094696701,-0.8267853856,-0.0132092889,0.9389021397,0.3439306319,0.8827067018,-0.1506362706,0.4451265335,1,-214.4,142.9,2618.2,1,0.4697386622,0.3094696701,-0.8267853856,-0.0132092889,0.9389021397,0.3439306319,0.8827067018,-0.1506362706,0.4451265335,1,-277.3,-48.1,2648.9,1,0.4763824940,0.2937059104,-0.8287318945,0.0074991933,0.9411652088,0.3378635347,0.8792061806,-0.1671670973,0.4461520910,1,-334.9,-232.4,2681.6,1,-0.6478244066,0.1873010099,-0.7384049296,0.5657078028,0.7674545646,-0.3016425073,0.5101943016,-0.6131327748,-0.6031334400,1,-345.2,-49.2,2523.6,1,-0.8909956813,0.1873010099,0.4135759473,-0.1300636530,0.7674545646,-0.6277714372,-0.4349829853,-0.6131327748,-0.6594376564,1,-185.6,-188.5,2398.0,1,0.3833697140,0.5464953780,-0.7445605993,-0.3616204262,0.8306103945,0.4234583974,0.8498578072,0.1069071889,0.5160547495,0,-209.5,-47.0,2774.1,1,-0.0656564534,0.5432069302,0.8370277286,0.0857766941,0.8388051391,-0.5376321077,-0.9941486716,0.0364984535,-0.1016674638,0,-79.0,-170.1,3063.4,0,0.9526953697,-0.3034783006,-0.0165047869,-0.0027970872,0.0455479696,-0.9989582300,0.3039139211,0.9517490864,0.0425444841,1,-432.8,-415.7,2634.1,1,0.9526953697,-0.0377588049,-0.3015721440,-0.0027970872,0.9911213517,-0.1329311281,0.3039139211,0.1274863929,0.9441311359,1,-310.6,-434.1,2250.9,1,0.6182912588,-0.7852149606,0.0339617431,-0.1615710557,-0.1692743599,-0.9722350240,0.7691623569,0.5956372023,-0.2315288633,0,-349.3,-416.1,2793.8,1,0.6182912588,-0.2638244927,-0.7403462529,-0.1615710557,0.8791920543,-0.4482367039,0.7691623569,0.3967593610,0.5009703636,0,-43.6,-350.2,2561.9,0,46.1,-154.7,2511.1,1,-95.7,-148.2,2809.6,0,-296.4,-807.3,2202.9,1,87.5,-787.2,2364.7,0,
11,0.4806247056,0.3128861487,-0.8192082047,-0.0180786252,0.9375181198,0.3474664986,0.8767400384,-0.1521908194,0.4562509358,1,-213.8,144.1,2617.3,1,0.4806247056,0.3128861487,-0.8192082047,-0.0180786252,0.9375181198,0.3474664986,0.8767400384,-0.1521908194,0.4562509358,1,-277.2,-46.1,2648.1,1,0.4870074391,0.2942500114,-0.8223385215,0.0016722508,0.9412236214,0.3377799392,0.8733962178,-0.1658765078,0.4578908384,1,-334.9,-230.5,2680.6,1,-0.6243486404,0.1498616934,-0.7666356564,0.5897835493,0.7339547276,-0.3368469179,0.5121954083,-0.6624590158,-0.5466296077,1,-346.6,-46.3,2523.7,1,-0.9170849919,0.1498616934,0.3694543839,-0.1471821368,0.7339547276,-0.6630594730,-0.3705300093,-0.6624590158,-0.6510419250,1,-193.2,-191.3,2397.8,1,0.3926486969,0.5500212312,-0.7370913625,-0.3670153618,0.8285847306,0.4227848649,0.8432832956,0.1045179293,0.5272089243,0,-207.8,-45.9,2772.6,1,-0.0774592161,0.5459029078,0.8342602253,0.0910782814,0.8371499181,-0.5393373966,-0.9928267002,0.0342063345,-0.1145648807,0,-74.2,-170.8,3059.6,0,0.9505631924,-0.3099812269,-0.0184745323,-0.0048376140,0.0447039604,-0.9989885688,0.3104935884,0.9496911168,0.0409943685,1,-435.4,-417.4,2634.9,1,0.9505631924,-0.0375427492,-0.3082534969,-0.0048376140,0.9907541275,-0.1355835050,0.3104935884,0.1303718984,0.9415927529,1,-310.0,-435.5,2250.7,1,0.6271104217,-0.7784108520,0.0284438115,-0.1672064662,-0.1701920182,-0.9711213708,0.7607722878,0.6042443514,-0.2368845046,0,-348.5,-414.6,2792.0,1,0.6271104217,-0.2566232383,-0.7354434133,-0.1672064662,0.8778106570,-0.4488768876,0.7607722878,0.4044662714,0.5075751543,0,-45.4,-348.4,2556.8,0,45.8,-152.9,2494.4,1,-94.0,-147.5,2806.1,0,-295.9,-808.6,2201.6,1,82.2,-784.8,2355.7,0,
12,0.4880921245,0.3022383749,-0.8187906146,-0.0248486251,0.9425596595,0.3331123888,0.8724383116,-0.1422437131,0.4675661623,1,-215.7,144.0,2619.3,1,0.4880921245,0.3022383749,-0.8187906146,-0.0248486251,0.9425596595,0.3331123888,0.8724383116,-0.1422437131,0.4675661623,1,-276.9,-46.7,2648.0,1,0.4931239188,0.2884742618,-0.8207383156,-0.0087699424,0.9450222254,0.3268885016,0.8699148893,-0.1539987028,0.4685429633,1,-333.4,-231.8,2678.2,1,-0.6398658752,0.1691259742,-0.7496452928,0.5763303638,0.7508791685,-0.3225272000,0.5083452463,-0.6384175420,-0.5779343843,1,-347.2,-45.5,2524.1,1,-0.9065278172,0.1691259742,0.3867863417,-0.1356895417,0.7508791685,-0.6463504434,-0.3997444510,-0.6384175420,-0.6577442288,1,-188.0,-188.8,2397.7,1,0.4004256725,0.5466491580,-0.7354141474,-0.3773674071,0.8297247291,0.4112794101,0.8350168467,0.1128345057,0.5385306478,0,-206.6,-48.0,2772.0,1,-0.0849357098,0.5419918299,0.8360806108,0.1052660570,0.8392978907,-0.5333836675,-0.9908102751,0.0427075922,-0.1283397079,0,-70.3,-176.4,3056.2,0,0.9489539862,-0.3146508634,-0.0219359398,-0.0060774474,0.0512931719,-0.9986651540,0.3153560162,0.9478206038,0.0467625856,1,-436.5,-415.0,2634.2,1,0.9489539862,-0.0380176418,-0.3131150007,-0.0060774474,0.9903212190,-0.1386611760,0.3153560162,0.1334860176,0.9395382404,1,-309.4,-435.7,2251.3,1,0.6332097054,-0.7733402848,0.0314682834,-0.1753272861,-0.1829212159,-0.9673676491,0.7538605928,0.6070293784,-0.2514151335,0,-345.3,-417.7,2787.0,1,0.6332097054,-0.2580743730,-0.7296869755,-0.1753272861,0.8704366088,-0.4600004554,0.7538605928,0.4192107916,0.5059214830,0,-44.2,-346.4,2550.6,0,49.1,-153.3,2502.2,1,-92.0,-149.5,2803.2,0,-295.1,-808.7,2201.0,1,84.1,-779.1,2342.2,0,
13,0.4789149761,0.3361828923,-0.8109386563,-0.0142398840,0.9266197681,0.3757300377,0.8777458072,-0.1683950573,0.4485592842,1,-208.0,146.3,2609.3,1,0.4789149761,0.3361828923,-0.8109386563,-0.0142398840,0.9266197681,0.3757300377,0.8777458072,-0.1683950573,0.4485592842,1,-275.6,-40.0,2643.1,1,0.4831744432,0.3128643334,-0.8177153468,-0.0020268597,0.9343695641,0.3562995195,0.8755217791,-0.1704974324,0.4520976245,1,-336.9,-222.9,2676.5,1,-0.5983945727,0.1480709165,-0.7874001265,0.6294500828,0.6949187517,-0.3476786911,0.4956980050,-0.7036781311,-0.5090388656,1,-344.5,-39.8,2518.4,1,-0.9257007241,0.1480709165,0.3480705917,-0.1530328542,0.6949187517,-0.7026157379,-0.3459177315,-0.7036781311,-0.6206271052,1,-199.5,-192.2,2398.3,1,0.3821314573,0.5651251674,-0.7311696410,-0.3687156737,0.8187484741,0.4401133060,0.8473631144,0.1014125794,0.5212400556,0,-206.8,-40.3,2767.9,1,-0.0716941282,0.5614551306,0.8243955970,0.0859786794,0.8269248009,-0.5557004809,-0.9937140346,0.0310399868,-0.1075588241,0,-76.7,-165.8,3056.3,0,0.9499049783,-0.3119346499,-0.0194235537,-0.0047379816,0.0477681123,-0.9988471866,0.3125028908,0.9489020109,0.0438972265,1,-434.5,-416.1,2629.7,1,0.9499049783,-0.0388297103,-0.3101173341,-0.0047379816,0.9903491139,-0.1385140419,0.3125028908,0.1330445111,0.9405536056,1,-310.4,-435.1,2252.2,1,0.6204454899,-0.7841761708,0.0107303038,-0.1745319366,-0.1514041275,-0.9729416370,0.7645822763,0.6017844677,-0.2308017910,0,-354.5,-406.0,2788.9,1,0.6204454899,-0.2414582521,-0.7461537123,-0.1745319366,0.8850520253,-0.4315339625,0.7645822763,0.3979709446,0.5069843531,0,-49.3,-347.1,2554.7,0,42.7,-152.2,2488.8,1,-95.0,-143.8,2802.6,0,-295.7,-808.1,2202.0,1,70.7,-786.9,2356.9,0,
14,0.4896373451,0.3343984187,-0.8052533269,-0.0077985646,0.9251765013,0.3794570863,0.8718913198,-0.1795165390,0.4556087852,1,-206.6,147.8,2604.8,1,0.4896373451,0.3343984187,-0.8052533269,-0.0077985646,0.9251765013,0.3794570863,0.8718913198,-0.1795165390,0.4556087852,1,-274.0,-38.6,2640.9,1,0.4935067296,0.3125545681,-0.8116407990,0.0033121929,0.9325150251,0.3611159325,0.8697356582,-0.1809014678,0.4591672122,1,-335.2,-221.2,2676.4,1,-0.5330454707,0.1279684752,-0.8363531828,0.6813514829,0.6509749293,-0.3346517384,0.5016200542,-0.7482350469,-0.4341907501,1,-344.3,-39.1,2517.0,1,-0.9329675436,0.1279684752,0.3364455700,-0.1769173741,0.6509749293,-0.7381950021,-0.3134833276,-0.7482350469,-0.5846986175,1,-218.8,-199.6,2398.9,1,0.3913982809,0.5678691864,-0.7241076827,-0.3635311127,0.8182963133,0.4452373683,0.8453712463,0.0889705345,0.5267179012,0,-203.7,-38.1,2764.9,1,-0.0831898153,0.5633887053,0.8219931126,0.0790902898,0.8259829879,-0.5581189990,-0.9933902621,0.0185818579,-0.1132719517,0,-70.4,-161.9,3052.6,0,0.9444823265,-0.3273661137,-0.0280110016,-0.0048722876,0.0712890252,-0.9974437952,0.3285261691,0.9422044754,0.0657362044,1,-441.9,-405.7,2630.7,1,0.9444823265,-0.0424904115,-0.3258032203,-0.0048722876,0.9896823168,-0.1431962401,0.3285261691,0.1368337274,0.9345304370,1,-310.7,-434.2,2253.2,1,0.6291601658,-0.7772504687,0.0062567540,-0.1700739264,-0.1455151886,-0.9746282101,0.7584407330,0.6121331453,-0.2237424105,0,-351.8,-403.5,2790.4,1,0.6291601658,-0.2352223247,-0.7408292294,-0.1700739264,0.8883534670,-0.4265008867,0.7584407330,0.3943331242,0.5189114213,0,-49.2,-346.8,2552.1,0,25.7,-153.2,2481.0,1,-91.7,-141.7,2799.0,0,-294.7,-807.0,2201.7,1,67.7,-788.4,2356.1,0,
15,0.4728956223,0.3240987062,-0.8193471432,-0.0115262493,0.9320902824,0.3620425761,0.8810430765,-0.1617643535,0.4445170760,1,-207.3,149.7,2610.0,1,0.4728956223,0.3240987062,-0.8193471432,-0.0115262493,0.9320902824,0.3620425761,0.8810430765,-0.1617643535,0.4445170760,1,-272.7,-38.2,2642.6,1,0.4772494733,0.3046030998,-0.8242874742,0.0014225511,0.9377346635,0.3473494351,0.8787667155,-0.1669449359,0.4471000731,1,-332.3,-221.8,2675.3,1,-0.4779851735,0.0857079700,-0.8741763830,0.7217097878,0.6055960655,-0.3352437615,0.5006647110,-0.7911431789,-0.3513222039,1,-340.7,-38.3,2517.4,1,-0.9503829479,0.0857079700,0.2990424335,-0.1886420697,0.6055960655,-0.7730896473,-0.2473588586,-0.7911431789,-0.5593800545,1,-229.4,-206.3,2400.9,1,0.3799957037,0.5562946200,-0.7390125394,-0.3665333688,0.8240983486,0.4318740666,0.8492682576,0.1067624688,0.5170543790,0,-204.6,-38.0,2767.8,1,-0.0657201260,0.5530266166,0.8305675387,0.0871000737,0.8323692679,-0.5473343730,-0.9940294027,0.0363716036,-0.1028720737,0,-75.3,-162.7,3056.9,0,0.9458248019,-0.3236410320,-0.0259213429,-0.0008644073,0.0773268566,-0.9970054030,0.3246762753,0.9430148602,0.0728579015,1,-441.0,-404.1,2633.2,1,0.9458248019,-0.0429489948,-0.3218241930,-0.0008644073,0.9908754826,-0.1347775757,0.3246762753,0.1277541667,0.9371575117,1,-310.4,-435.3,2252.4,1,0.6170514822,-0.7866080999,0.0222516675,-0.1691586375,-0.1602054685,-0.9724811316,0.7685263753,0.5963068604,-0.2319165766,0,-348.8,-405.3,2787.4,1,0.6170514822,-0.2532382309,-0.7450623512,-0.1691586375,0.8819853067,-0.4398719072,0.7685263753,0.3974573314,0.5013929009,0,-42.6,-342.9,2555.3,0,19.8,-156.8,2465.8,1,-92.1,-140.5,2803.2,0,-294.2,-808.5,2204.3,1,83.3,-781.3,2357.8,0,
16,0.4648595154,0.3295874596,-0.8217528462,-0.0008548918,0.9282977581,0.3718367517,0.8853840232,-0.1721493453,0.4318098128,1,-206.7,150.9,2604.7,1,0.4648595154,0.3295874596,-0.8217528462,-0.0008548918,0.9282977581,0.3718367517,0.8853840232,-0.1721493453,0.4318098128,1,-272.9,-35.6,2639.2,1,0.4684890807,0.3114310205,-0.8267579675,0.0096894708,0.9339408278,0.3572963178,0.8834161162,-0.1754002720,0.4345234931,1,-333.9,-218.5,2673.6,1,-0.4751296341,0.0707851872,-0.8770639896,0.7372249365,0.5761768222,-0.3528734744,0.4803657234,-0.8142541051,-0.3259432912,1,-339.7,-37.0,2513.4,1,-0.9548667669,0.0707851872,0.2884768546,-0.1969361901,0.5761768222,-0.7932442427,-0.2223636210,-0.8142541051,-0.5362319350,1,-230.6,-206.2,2403.1,1,0.3694989085,0.5597336292,-0.7417336702,-0.3580002785,0.8223541975,0.4422322810,0.8575000763,0.1021365151,0.5042437911,0,-206.2,-34.2,2765.1,1,-0.0553205758,0.5572136641,0.8285242915,0.0750992671,0.8297666311,-0.5530347824,-0.9956403375,0.0316273645,-0.0877495036,0,-80.4,-156.1,3057.0,0,0.9492132068,-0.3139277697,-0.0210632905,0.0022001115,0.0735664144,-0.9972878695,0.3146259189,0.9465925097,0.0705208853,1,-435.0,-405.5,2628.6,1,0.9492132068,-0.0423252657,-0.3117737770,0.0022001115,0.9917792082,-0.1279419512,0.3146259189,0.1207582504,0.9415030479,1,-310.5,-434.7,2253.0,1,0.6084018350,-0.7933984995,0.0191314910,-0.1630977690,-0.1485873908,-0.9753568172,0.7766893506,0.5902885795,-0.2198023647,0,-352.6,-400.5,2787.8,1,0.6084018350,-0.2522411346,-0.7524769902,-0.1630977690,0.8881697059,-0.4295971096,0.7766893506,0.3840949833,0.4992241263,0,-43.7,-342.7,2558.0,0,20.1,-154.5,2461.5,1,-94.5,-136.9,2802.8,0,-294.5,-808.2,2207.6,1,81.7,-784.2,2367.0,0,
17,0.4799064398,0.3217848837,-0.8161766529,-0.0180685949,0.9337348938,0.3575090468,0.8771336079,-0.1568237394,0.4539195895,1,-208.1,150.2,2611.0,1,0.4799064398,0.3217848837,-0.8161766529,-0.0180685949,0.9337348938,0.3575090468,0.8771336079,-0.1568237394,0.4539195895,1,-272.9,-38.0,2642.6,1,0.4844039381,0.3017177284,-0.8211694360,-0.0045564030,0.9395035505,0.3425087929,0.8748325706,-0.1621710360,0.4564739764,1,-332.1,-222.0,2674.3,1,-0.4978732169,0.0653244853,-0.8647860885,0.7142893672,0.5964097381,-0.3661777079,0.4918464720,-0.8000175953,-0.3435970247,1,-342.0,-37.4,2517.9,1,-0.9567266107,0.0653244853,0.2835611403,-0.1903921366,0.5964097381,-0.7797732353,-0.2200569063,-0.8000175953,-0.5581637621,1,-224.0,-206.7,2401.4,1,0.3875404596,0.5557636023,-0.7354856730,-0.3722953200,0.8242334127,0.4266561270,0.8433318138,0.1084713489,0.5263320208,0,-203.9,-38.6,2767.2,1,-0.0739655346,0.5519084930,0.8306179047,0.0945098549,0.8330300450,-0.5450952649,-0.9927724004,0.0381833129,-0.1137763038,0,-72.0,-165.3,3054.2,0,0.9482036829,-0.3170101643,-0.0203556195,0.0055007162,0.0804552138,-0.9967430234,0.3176153898,0.9450034499,0.0780317113,1,-437.3,-402.3,2628.1,1,0.9482036829,-0.0450921655,-0.3144463301,0.0055007162,0.9920561910,-0.1256753802,0.3176153898,0.1174361706,0.9409193397,1,-311.2,-434.3,2252.3,1,0.6234842539,-0.7815297246,0.0218777563,-0.1743006855,-0.1662220061,-0.9705614448,0.7621592283,0.6013164520,-0.2398579717,0,-347.4,-406.3,2785.1,1,0.6234842539,-0.2512191236,-0.7403758168,-0.1743006855,0.8784753084,-0.4448599219,0.7621592283,0.4064111710,0.5039278865,0,-43.1,-341.6,2551.0,0,28.6,-156.4,2459.5,1,-90.9,-141.2,2800.8,0,-294.2,-807.9,2208.1,1,81.7,-778.2,2349.0,0,
18,0.4833670855,0.3223042786,-0.8139263988,-0.0251098927,0.9344797134,0.3551297784,0.8750575781,-0.1512204409,0.4597897530,1,-209.8,150.0,2614.1,1,0.4833670855,0.3223042786,-0.8139263988,-0.0251098927,0.9344797134,0.3551297784,0.8750575781,-0.1512204409,0.4597897530,1,-275.0,-38.8,2644.7,1,0.4882850945,0.3034863770,-0.8182137012,-0.0103822174,0.9395366907,0.3422908783,0.8726224303,-0.1586406678,0.4619126320,1,-334.4,-222.8,2675.7,1,-0.4499623179,0.0298072658,-0.8925499916,0.7251204252,0.5955798030,-0.3456660807,0.5212813616,-0.8027429581,-0.2896023095,1,-344.6,-37.3,2520.3,1,-0.9667105079,0.0298072658,0.2541304827,-0.1870059669,0.5955798030,-0.7812256217,-0.1746411771,-0.8027429581,-0.5701791048,1,-239.6,-206.4,2398.8,1,0.3902551830,0.5584527850,-0.7320050597,-0.3777361512,0.8221689463,0.4258563817,0.8396524787,0.1103121117,0.5318034887,0,-205.4,-40.3,2769.0,1,-0.0780751333,0.5543126464,0.8286384940,0.0999000967,0.8313421011,-0.5467085838,-0.9919295311,0.0400967188,-0.1202830300,0,-72.5,-168.9,3054.8,0,0.9488078952,-0.3148137033,-0.0256102253,-0.0026750965,0.0730702654,-0.9973232150,0.3158423305,0.9463366866,0.0684874877,1,-434.9,-405.5,2627.0,1,0.9488078952,-0.0391134582,-0.3134225309,-0.0026750965,0.9912722111,-0.1318036765,0.3158423305,0.1258947998,0.9404222965,1,-310.5,-434.4,2253.0,1,0.6264574528,-0.7792426944,0.0182173513,-0.1798256934,-0.1672299057,-0.9693796635,0.7584284544,0.6039991975,-0.2448902726,0,-349.7,-407.7,2785.7,1,0.6264574528,-0.2471609712,-0.7392309904,-0.1798256934,0.8769804835,-0.4456096590,0.7584284544,0.4120882452,0.5049450994,0,-46.3,-342.6,2550.5,0,16.0,-157.0,2445.0,1,-92.5,-143.4,2801.6,0,-295.8,-807.8,2205.6,1,76.5,-778.6,2345.6,0,
19,0.5150759816,0.2938362062,-0.8052061796,-0.0431298465,0.9471001625,0.3180268407,0.8560587168,-0.1290795505,0.5005016327,1,-213.2,146.6,2618.2,1,0.5150759816,0.2938362062,-0.8052061796,-0.0431298465,0.9471001625,0.3180268407,0.8560587168,-0.1290795505,0.5005016327,1,-272.8,-45.3,2644.4,1,0.5206523538,0.2753381431,-0.8081522584,-0.0245334338,0.9510044456,0.3082023263,0.8534162045,-0.1406395137,0.5018976927,1,-326.7,-231.5,2671.8,1,-0.4017534852,0.0144157223,-0.9156343937,0.7320274711,0.6058112979,-0.3116542995,0.5502089262,-0.7954777479,-0.2539395094,1,-346.9,-42.0,2522.9,1,-0.9675843120,0.0144157223,0.2521364987,-0.1921587884,0.6058112979,-0.7720541954,-0.1638768613,-0.7954777479,-0.5834034085,1,-255.9,-207.9,2398.1,1,0.4302484691,0.5426601768,-0.7213917971,-0.3926469982,0.8320834637,0.3917466104,0.8128435016,0.1147039533,0.5710765719,0,-198.6,-48.7,2765.9,1,-0.1176779419,0.5356549621,0.8361971378,0.1271560341,0.8432441354,-0.5222744942,-0.9848772883,0.0448673256,-0.1673430055,0,-52.3,-182.2,3042.2,0,0.9474303722,-0.3191874027,-0.0222499985,0.0009129226,0.0722359121,-0.9973871708,0.3199606836,0.9449346066,0.0687298924,1,-438.0,-405.9,2627.9,1,0.9474303722,-0.0463413447,-0.3165882826,0.0009129226,0.9898434877,-0.1421585977,0.3199606836,0.1343963444,0.9378501177,1,-311.5,-434.5,2253.3,1,0.6582486629,-0.7521416545,0.0314893536,-0.1876661927,-0.2044606656,-0.9607170224,0.7290336490,0.6264812350,-0.2757375240,0,-333.7,-419.8,2776.2,1,0.6582486629,-0.2513621747,-0.7095954418,-0.1876661927,0.8580563068,-0.4780384600,0.7290336490,0.4478352666,0.5176422596,0,-41.2,-340.2,2532.6,0,0.5,-157.0,2441.6,1,-82.3,-149.8,2791.0,0,-294.0,-807.3,2202.7,1,83.7,-766.5,2310.1,0,
20,0.5181608200,0.2903714478,-0.8044835329,-0.0560303964,0.9501088262,0.3068449497,0.8534459472,-0.1139194965,0.5085787773,1,-217.8,141.1,2617.7,1,0.5181608200,0.2903714478,-0.8044835329,-0.0560303964,0.9501088262,0.3068449497,0.8534459472,-0.1139194965,0.5085787773,1,-276.5,-51.2,2640.8,1,0.5232489109,0.2738777399,-0.8069705963,-0.0388635583,0.9536325336,0.2984537482,0.8512932658,-0.1248038486,0.5096310377,1,-330.2,-237.9,2665.2,1,-0.4240564406,0.0070638992,-0.9056082368,0.7327812910,0.5902816653,-0.3385249078,0.5321726203,-0.8071664572,-0.2554890215,1,-351.1,-45.7,2519.5,1,-0.9657398462,0.0070638992,0.2594160736,-0.2053753585,0.5902816653,-0.7806333899,-0.1586428583,-0.8071664572,-0.5686077476,1,-255.1,-211.6,2399.0,1,0.4330648482,0.5421844125,-0.7200631499,-0.4065068662,0.8304868937,0.3808460534,0.8044917583,0.1277795732,0.5800563693,0,-202.0,-56.7,2762.0,1,-0.1206400245,0.5349748135,0.8362104297,0.1444632709,0.8428565860,-0.5183850527,-0.9821285009,0.0582637079,-0.1789664626,0,-54.6,-194.9,3035.7,0,0.9524910450,-0.3038999140,-0.0201422498,-0.0054345173,0.0491650850,-0.9987758994,0.3045181930,0.9514344931,0.0451777503,1,-427.8,-415.5,2622.1,1,0.9524910450,-0.0379231721,-0.3021964431,-0.0054345173,0.9899435043,-0.1413587928,0.3045181930,0.1362852752,0.9427062273,1,-310.0,-434.5,2253.4,1,0.6606804729,-0.7499936819,0.0317927450,-0.1993259788,-0.2161065042,-0.9558070302,0.7237198949,0.6251459122,-0.2922705710,0,-336.6,-428.0,2766.4,1,0.6606804729,-0.2513220012,-0.7073461413,-0.1993259788,0.8497294784,-0.4880870879,0.7237198949,0.4634620547,0.5113046765,0,-44.7,-343.9,2523.2,0,1.0,-157.2,2441.1,1,-85.4,-158.1,2785.1,0,-295.7,-807.4,2202.1,1,80.2,-766.2,2292.9,0,
21,0.5048249364,0.2915104032,-0.8125106096,-0.0502892733,0.9495867491,0.3094447255,0.8617556095,-0.1153548509,0.4940348864,1,-220.7,138.8,2618.0,1,0.5048249364,0.2915104032,-0.8125106096,-0.0502892733,0.9495867491,0.3094447255,0.8617556095,-0.1153548509,0.4940348864,1,-279.7,-53.3,2641.3,1,0.5100989938,0.2766393423,-0.8144137263,-0.0326332748,0.9524081945,0.3030737042,0.8594964147,-0.1280205995,0.4948501289,1,-333.9,-239.8,2666.4,1,-0.4658456743,0.0345064290,-0.8841928840,0.7121343613,0.6077235341,-0.3514779806,0.5252165794,-0.7933986187,-0.3076786101,1,-352.4,-48.7,2518.9,1,-0.9550468326,0.0345064290,0.2944399714,-0.2138351947,0.6077235341,-0.7648180127,-0.2053292394,-0.7933986187,-0.5730257630,1,-245.3,-212.4,2398.1,1,0.3794677556,0.5284754634,-0.7594194412,-0.3435670733,0.8426098228,0.4146930873,0.8590494394,0.1035488769,0.5013100505,1,-207.0,-57.9,2763.8,1,-0.0669551939,0.5259090662,0.8479013443,0.1080882475,0.8486302495,-0.5178259015,-0.9918840528,0.0569770336,-0.1136647910,1,-80.7,-172.2,3049.7,1,0.9481539726,-0.3174011409,-0.0161418226,-0.0042086714,0.0382462405,-0.9992594719,0.3177834749,0.9475197792,0.0349274911,1,-431.2,-421.1,2612.6,1,0.9481539726,-0.0400788076,-0.3152740598,-0.0042086714,0.9903460145,-0.1385535896,0.3177834749,0.1326970309,0.9388318062,1,-310.3,-435.6,2251.9,1,0.6493796110,-0.7596372962,0.0354582109,-0.1940259933,-0.2105873078,-0.9581267834,0.7352958918,0.6153081656,-0.2841404974,0,-342.0,-429.2,2769.1,1,0.6493796110,-0.2577305734,-0.7154586315,-0.1940259933,0.8535283208,-0.4835735261,0.7352958918,0.4528403580,0.5042574406,0,-46.3,-347.2,2529.6,0,9.5,-155.4,2452.9,1,-97.8,-144.8,2797.5,1,-295.2,-808.6,2202.0,1,81.8,-771.4,2304.5,0,
22,0.5077072382,0.2942574322,-0.8097196221,-0.0386076793,0.9466895461,0.3198255599,0.8606641293,-0.1311163604,0.4920017421,1,-216.2,146.5,2617.6,1,0.5077072382,0.2942574322,-0.8097196221,-0.0386076793,0.9466895461,0.3198255599,0.8606641293,-0.1311163604,0.4920017421,1,-275.6,-44.7,2644.1,1,0.5126556754,0.2781644762,-0.8122860789,-0.0222110003,0.9500450492,0.3113215864,0.8583069444,-0.1415590942,0.4932242632,1,-330.1,-230.8,2671.8,1,-0.4049831927,0.0148814870,-0.9142029881,0.7369390726,0.5971590281,-0.3167363405,0.5412110686,-0.8019847870,-0.2528061271,1,-348.7,-41.6,2521.8,1,-0.9599169493,0.0148814870,0.2798892856,-0.2159843743,0.5971590281,-0.7724971175,-0.1786343157,-0.8019847870,-0.5700089335,1,-254.9,-212.2,2396.5,1,0.3596360385,0.5244145989,-0.7717844844,-0.3019307852,0.8480290771,0.4355278313,0.8828927875,0.0763939917,0.4633187354,0,-202.6,-47.9,2766.4,1,-0.0504796132,0.5229861736,0.8508450389,0.0802777857,0.8512992859,-0.5185026526,-0.9954934716,0.0421301462,-0.0849574357,0,-83.8,-147.7,3058.1,0,0.9450263381,-0.3266791701,-0.0143497875,-0.0046048318,0.0305842422,-0.9995216131,0.3269617558,0.9446403384,0.0273986124,1,-434.2,-423.3,2613.7,1,0.9450263381,-0.0390794724,-0.3246505857,-0.0046048318,0.9911439419,-0.1327121258,0.3269617558,0.1269114166,0.9364771843,1,-309.4,-435.0,2252.7,1,0.6512389779,-0.7581695914,0.0326591767,-0.1854204386,-0.2007061690,-0.9619440436,0.7358716130,0.6203997731,-0.2712878287,0,-338.3,-418.8,2777.1,1,0.6512389779,-0.2547749877,-0.7148268819,-0.1854204386,0.8599869609,-0.4754384458,0.7358716130,0.4421675801,0.5128165483,0,-43.1,-340.7,2535.6,0,2.2,-154.4,2444.4,1,-96.6,-127.2,2805.1,0,-294.7,-808.3,2204.9,1,83.6,-768.2,2315.8,0,
23,0.5029112697,0.3050828874,-0.8087055683,-0.0399222486,0.9428361058,0.3308568895,0.8634155393,-0.1341063231,0.4863425195,1,-212.9,147.7,2617.5,1,0.5029112697,0.3050828874,-0.8087055683,-0.0399222486,0.9428361058,0.3308568895,0.8634155393,-0.1341063231,0.4863425195,1,-274.6,-42.9,2644.6,1,0.5079426765,0.2889482379,-0.8114820719,-0.0239203703,0.9464284778,0.3220264018,0.8610586524,-0.1441600025,0.4876431525,1,-331.2,-228.2,2672.8,1,-0.4030242562,0.0049875458,-0.9151757360,0.7423109412,0.5866789818,-0.3237009048,0.5352998972,-0.8098042607,-0.2401481569,1,-347.0,-39.5,2521.9,1,-0.9671390057,0.0049875458,0.2541992068,-0.2030267268,0.5866789818,-0.7839565873,-0.1530433595,-0.8098042607,-0.5663875341,1,-253.4,-211.7,2397.6,1,0.3406180441,0.5301150084,-0.7765033245,-0.2858738601,0.8451819420,0.4516012371,0.8956871629,0.0681584701,0.4394302368,0,-202.2,-46.3,2767.3,1,-0.0349232629,0.5293408632,0.8476901650,0.0689492449,0.8474627137,-0.5263582468,-0.9970086813,0.0400654525,-0.0660938174,0,-90.0,-140.5,3062.4,0,0.9501709938,-0.3111956418,-0.0182317998,-0.0025883110,0.0506081544,-0.9987152219,0.3117185235,0.9489974380,0.0472809300,1,-430.9,-414.8,2622.0,1,0.9501709938,-0.0385069437,-0.3093417883,-0.0025883110,0.9913324714,-0.1313515455,0.3117185235,0.1256071031,0.9418356419,1,-309.8,-434.5,2252.5,1,0.6454671621,-0.7634161115,0.0238322318,-0.1890996844,-0.1899590790,-0.9634090066,0.7400090694,0.6173421741,-0.2669740915,0,-341.9,-415.7,2778.8,1,0.6454671621,-0.2479476929,-0.7224223614,-0.1890996844,0.8645171523,-0.4656730890,0.7400090694,0.4371865392,0.5111305714,0,-44.6,-341.7,2538.5,0,5.3,-157.4,2438.6,1,-98.8,-122.9,2808.9,0,-295.3,-807.9,2205.1,1,78.7,-771.5,2321.1,0,
