1,0.9866580367,-0.0883452743,-0.1367517710,0.1190781742,0.9644014835,0.2361148447,0.1110239774,-0.2492487580,0.9620544314,1,-242.5,499.0,2281.4,1,0.9866580367,-0.0883452743,-0.1367517710,0.1190781742,0.9644014835,0.2361148447,0.1110239774,-0.2492487580,0.9620544314,1,-224.4,301.2,2332.6,1,0.9871528149,-0.0860629231,-0.1346198320,0.1135888770,0.9705448151,0.2124623954,0.1123694479,-0.2250241786,0.9678518772,1,-207.5,111.1,2376.6,1,0.0187373534,-0.6224542856,-0.7824318409,0.9374685884,0.2829792202,-0.2026706189,0.3475651443,-0.7297077775,0.5888336301,1,-365.1,285.0,2316.5,1,-0.7813840508,-0.6224542856,0.0446057171,-0.2778274417,0.2829792202,-0.9180058241,0.5587941408,-0.7297077775,-0.3940503299,1,-369.0,85.7,2242.7,1,0.7343734503,0.3174779415,0.5999194384,-0.5190209746,0.8322395682,0.1949220151,-0.4373932779,-0.4545163214,0.7759523392,1,-83.7,317.3,2348.6,1,-0.8436625600,0.3174779415,0.4329448044,0.0290590394,0.8322395682,-0.5536541343,-0.5360867381,-0.4545163214,-0.7113549709,1,81.7,200.4,2250.1,1,0.9628136158,-0.0210774541,-0.2693431079,0.0123842536,0.9993473291,-0.0339342989,0.2698825598,0.0293367915,0.9624462128,1,-280.1,-87.8,2410.3,1,0.9627296925,-0.0689528212,-0.2615282238,0.0135845551,0.9780636430,-0.2078628093,0.2701239884,0.1965629458,0.9425476193,1,-271.9,-479.2,2398.8,1,0.9926241636,-0.1134568900,-0.0427183919,0.0967118964,0.9535452724,-0.2853037715,0.0731035993,0.2790680528,0.9574846625,1,-101.9,-66.9,2431.7,1,0.9788638353,-0.1887416095,-0.0787543133,0.1933718324,0.9795284867,0.0559577830,0.0665805265,-0.0700039119,0.9953222871,1,-57.4,-440.4,2322.4,1,-176.9,154.0,2105.2,1,-128.0,207.7,2116.9,1,-250.7,-779.6,2338.4,1,11.2,-796.6,2347.9,1,
2,0.9875325561,-0.0873764381,-0.1309381872,0.1168428883,0.9642712474,0.2377577424,0.1054854989,-0.2500927150,0.9624585509,1,-243.0,497.7,2280.4,1,0.9875325561,-0.0873764381,-0.1309381872,0.1168428883,0.9642712474,0.2377577424,0.1054854989,-0.2500927150,0.9624585509,1,-225.1,299.5,2331.8,1,0.9880675673,-0.0843240097,-0.1288871914,0.1108143702,0.9703847170,0.2146477997,0.1069701910,-0.2263690829,0.9681500196,1,-208.6,109.4,2376.1,1,0.0365409963,-0.5976279378,-0.8009404540,0.9299931526,0.3136767447,-0.1916236430,0.3657560349,-0.7378669977,0.5672519803,1,-365.9,283.7,2316.5,1,-0.7998805642,-0.5976279378,0.0550628379,-0.2964594960,0.3136767447,-0.9020635486,0.5218264461,-0.7378669977,-0.4280764163,1,-373.7,84.1,2238.0,1,0.7428539991,0.2987982631,0.5990722179,-0.4987277985,0.8439610004,0.1974851489,-0.4465853572,-0.4454765916,0.7759588361,1,-84.3,315.3,2347.0,1,-0.8538397551,0.2987982631,0.4262362123,0.0279317759,0.8439610004,-0.5356767774,-0.5197860599,-0.4454765916,-0.7289534211,1,83.2,202.8,2246.3,1,0.9642178416,-0.0217131339,-0.2642205656,0.0117339222,0.9991590381,-0.0392884538,0.2648514211,0.0347822830,0.9636617303,1,-279.9,-89.3,2410.6,1,0.9639103413,-0.0697159320,-0.2569368780,0.0161911659,0.9786688685,-0.2048050761,0.2657343149,0.1932536215,0.9444777966,1,-271.4,-480.6,2396.9,1,0.9929680824,-0.1118609980,-0.0387493744,0.0965562910,0.9546604156,-0.2816031873,0.0684929118,0.2758814991,0.9587482214,1,-101.5,-68.8,2430.9,1,0.9785884023,-0.1919971704,-0.0741740763,0.1963437796,0.9789043665,0.0565274172,0.0617562234,-0.0698806942,0.9956419468,1,-57.6,-442.7,2322.8,1,-173.6,158.3,2107.4,1,-126.3,209.7,2118.8,1,-250.1,-779.1,2338.0,1,11.6,-795.9,2348.0,1,
3,0.9875604510,-0.0860657245,-0.1315942407,0.1156398803,0.9646154046,0.2369484454,0.1065446883,-0.2492184490,0.9625686407,1,-242.7,496.7,2280.3,1,0.9875604510,-0.0860657245,-0.1315942407,0.1156398803,0.9646154046,0.2369484454,0.1065446883,-0.2492184490,0.9625686407,1,-225.0,298.3,2331.6,1,0.9880842566,-0.0830195993,-0.1296041161,0.1096446365,0.9706229568,0.2141707093,0.1080163568,-0.2258291095,0.9681599736,1,-208.7,108.2,2375.8,1,0.0804100633,-0.5863433480,-0.8060618639,0.9242252707,0.3467080295,-0.1600037664,0.3732852638,-0.7321168184,0.5697921515,1,-365.8,282.7,2316.2,1,-0.8082465529,-0.5863433480,0.0542120151,-0.3108769655,0.3467080295,-0.8849570751,0.5000929832,-0.7321168184,-0.4625062346,1,-383.2,82.5,2235.3,1,0.7739067674,0.2609442174,0.5770410895,-0.4613894224,0.8564630151,0.2314970344,-0.4338065386,-0.4453977644,0.7832194567,1,-84.2,314.0,2347.0,1,-0.8547940850,0.2609442174,0.4485924244,-0.0094053503,0.8564630151,-0.5161226392,-0.5188820362,-0.4453977644,-0.7296452522,1,94.3,207.5,2246.9,1,0.9638684392,-0.0243775342,-0.2652608454,0.0149207218,0.9991811514,-0.0376081057,0.2659604549,0.0322913863,0.9634429216,1,-281.4,-90.7,2410.8,1,0.9637264609,-0.0725320652,-0.2568471432,0.0168593228,0.9769859314,-0.2126363367,0.2663590014,0.2005929947,0.9427700639,1,-271.8,-482.0,2398.1,1,0.9925664067,-0.1151234284,-0.0394784957,0.0991203710,0.9528924823,-0.2866548896,0.0706194565,0.2806108892,0.9572201371,1,-102.7,-70.6,2430.1,1,0.9784335494,-0.1915721595,-0.0772520378,0.1966642886,0.9783305526,0.0647495091,0.0631738231,-0.0785458088,0.9949068427,1,-57.6,-443.9,2320.2,1,-178.7,161.2,2108.7,1,-119.9,205.2,2116.9,1,-249.8,-778.6,2337.2,1,11.2,-795.4,2348.4,1,
4,0.9873732924,-0.0928628743,-0.1283374578,0.1211205795,0.9647108316,0.2338008732,0.1020971164,-0.2463930398,0.9637773037,1,-244.8,496.8,2280.8,1,0.9873732924,-0.0928628743,-0.1283374578,0.1211205795,0.9647108316,0.2338008732,0.1020971164,-0.2463930398,0.9637773037,1,-225.8,298.6,2331.4,1,0.9880040884,-0.0887993202,-0.1263433397,0.1144011095,0.9704283476,0.2125587612,0.1037320867,-0.2244627476,0.9689458609,1,-208.4,108.6,2375.4,1,0.0985340104,-0.5734989643,-0.8132588863,0.9179721475,0.3679089844,-0.1482233256,0.3842111826,-0.7319439650,0.5627076030,1,-366.6,282.3,2316.6,1,-0.8176751733,-0.5734989643,0.0500630662,-0.3116813898,0.3679089844,-0.8760694265,0.4840062559,-0.7319439650,-0.4795790017,1,-388.1,81.5,2232.6,1,0.7961173058,0.2181415856,0.5644568205,-0.4256499708,0.8648776412,0.2660992444,-0.4301387668,-0.4521072209,0.7813959718,1,-84.9,314.9,2346.2,1,-0.8541427255,0.2181415856,0.4720746279,-0.0548929721,0.8648776412,-0.4989724159,-0.5171334147,-0.4521072209,-0.7267544866,1,95.9,218.2,2248.5,1,0.9650282264,-0.0254792888,-0.2609049082,0.0168429986,0.9992353916,-0.0352842622,0.2616044283,0.0296558850,0.9647194743,1,-281.8,-91.8,2410.3,1,0.9649735689,-0.0721780881,-0.2522228956,0.0175866745,0.9770432115,-0.2123139501,0.2617570758,0.2004415840,0.9440902472,1,-271.8,-483.2,2398.6,1,0.9927786589,-0.1148382649,-0.0346805714,0.1006093696,0.9545235038,-0.2806468308,0.0653324202,0.2751309872,0.9591843486,1,-103.1,-72.0,2429.8,1,0.9792076349,-0.1898575872,-0.0714601502,0.1941342652,0.9792258739,0.0585542247,0.0588586628,-0.0712096095,0.9957233071,1,-58.2,-445.9,2322.0,1,-180.0,160.9,2109.4,1,-117.5,204.5,2119.2,1,-250.0,-778.5,2338.1,1,9.7,-796.0,2347.5,1,
5,0.9859378934,-0.0913189203,-0.1399548203,0.1261946559,0.9558695555,0.2653078437,0.1095509231,-0.2792386115,0.9539520144,1,-245.6,497.7,2270.0,1,0.9859378934,-0.0913189203,-0.1399548203,0.1261946559,0.9558695555,0.2653078437,0.1095509231,-0.2792386115,0.9539520144,1,-226.9,301.3,2327.4,1,0.9866817594,-0.0871312842,-0.1373582780,0.1181910262,0.9642024636,0.2373699099,0.1117588505,-0.2504430711,0.9616590738,1,-209.8,112.6,2376.4,1,0.0982667431,-0.5473428965,-0.8311193585,0.9205425382,0.3672888577,-0.1330425292,0.3780807555,-0.7520070672,0.5399447083,1,-367.5,284.5,2311.5,1,-0.8345563412,-0.5473428965,0.0627015978,-0.3068539798,0.3672888577,-0.8780316114,0.4575547576,-0.7520070672,-0.4744775891,1,-389.1,81.9,2228.3,1,0.8088820577,0.1995084286,0.5530879498,-0.4126352072,0.8627346754,0.2922688425,-0.4188580215,-0.4646345675,0.7801747918,1,-86.2,318.2,2343.3,1,-0.8500804901,0.1995084286,0.4874008298,-0.0834673122,0.8627346754,-0.4987204671,-0.5199965239,-0.4646345675,-0.7167414427,1,96.7,224.8,2248.6,1,0.9622821212,-0.0213509947,-0.2712143064,0.0140916696,0.9994891286,-0.0286855288,0.2716882229,0.0237817094,0.9620914459,1,-280.3,-91.9,2410.0,1,0.9623088241,-0.0721556395,-0.2622123063,0.0137317916,0.9758226871,-0.2181319594,0.2716121674,0.2063096613,0.9400336146,1,-271.9,-483.4,2400.6,1,0.9925992489,-0.1136822328,-0.0426971242,0.0976287946,0.9561454654,-0.2761421800,0.0722171217,0.2699300647,0.9601679444,1,-101.7,-71.2,2428.7,1,0.9797766805,-0.1845307946,-0.0773695260,0.1886696517,0.9807639718,0.0500579104,0.0666440129,-0.0636428520,0.9957450032,1,-57.1,-445.7,2323.0,1,-176.1,160.2,2111.5,1,-117.0,203.9,2117.8,1,-250.2,-777.5,2338.5,1,8.6,-795.0,2345.7,1,
6,0.9894538522,-0.0923777595,-0.1115680188,0.1178031117,0.9613819718,0.2487311214,0.0842822567,-0.2592510283,0.9621254802,1,-246.9,502.5,2277.7,1,0.9894538522,-0.0923777595,-0.1115680188,0.1178031117,0.9613819718,0.2487311214,0.0842822567,-0.2592510283,0.9621254802,1,-227.9,304.8,2331.0,1,0.9900833964,-0.0881606564,-0.1093733758,0.1110753343,0.9679421782,0.2252781242,0.0860064402,-0.2351928204,0.9681359529,1,-210.6,115.2,2377.0,1,0.0861743838,-0.5266929865,-0.8456763625,0.9032096267,0.3995341361,-0.1567955464,0.4204596579,-0.7503112555,0.5101438165,1,-368.9,288.9,2318.7,1,-0.8486635685,-0.5266929865,0.0486277305,-0.2976382375,0.3995341361,-0.8670547605,0.4372432232,-0.7503112555,-0.4958340228,1,-388.6,82.9,2222.8,1,0.8057935238,0.1760958880,0.5654087663,-0.4060769975,0.8592513204,0.3111086786,-0.4310432673,-0.4802888632,0.7638876438,1,-86.8,320.6,2343.2,1,-0.8521515727,0.1760958880,0.4927757084,-0.1111828387,0.8592513204,-0.4993250668,-0.5113472939,-0.4802888632,-0.7126335502,1,96.9,228.0,2244.9,1,0.9692792296,-0.0237588212,-0.2448127419,0.0148928482,0.9991666079,-0.0380033031,0.2455116361,0.0331898555,0.9688252807,1,-282.0,-86.9,2415.4,1,0.9688207507,-0.0743009225,-0.2363592237,0.0211750977,0.9753149748,-0.2198007256,0.2468560785,0.2079425752,0.9464787245,1,-272.7,-478.3,2402.4,1,0.9935967326,-0.1116956174,-0.0170165747,0.1016665623,0.9495708346,-0.2966127694,0.0492887907,0.2929834723,0.9548462033,1,-103.6,-65.5,2435.6,1,0.9801840782,-0.1899469048,-0.0562084951,0.1934946477,0.9788545370,0.0663593560,0.0424151868,-0.0759204254,0.9962113500,1,-59.9,-437.4,2320.8,1,-171.7,158.9,2111.1,1,-116.4,200.2,2116.9,1,-249.8,-778.1,2338.5,1,9.8,-796.6,2348.7,1,
7,0.9879866838,-0.0891585052,-0.1262264997,0.1196010262,0.9583958387,0.2591775656,0.0978670716,-0.2711608112,0.9575457573,1,-246.0,500.4,2273.0,1,0.9879866838,-0.0891585052,-0.1262264997,0.1196010262,0.9583958387,0.2591775656,0.0978670716,-0.2711608112,0.9575457573,1,-227.8,304.0,2328.5,1,0.9886507988,-0.0850943252,-0.1238087416,0.1122663170,0.9661012292,0.2324750721,0.0998294652,-0.2437362224,0.9646899700,1,-211.2,114.9,2376.2,1,0.0671432391,-0.5201843977,-0.8514105678,0.9098405838,0.3821446598,-0.1617269665,0.4094898701,-0.7637889981,0.4989432991,1,-368.6,288.0,2314.3,1,-0.8519814610,-0.5201843977,0.0594620816,-0.2944554389,0.3821446598,-0.8759346008,0.4329244196,-0.7637889981,-0.4787513018,1,-383.6,85.2,2223.0,1,0.8180227876,0.1563727111,0.5535216928,-0.3913854361,0.8565201759,0.3364381790,-0.4214927256,-0.4918544292,0.7618550658,1,-86.9,320.1,2342.7,1,-0.8546863198,0.1563727111,0.4950341582,-0.1322448552,0.8565201759,-0.4988832474,-0.5020184517,-0.4918544292,-0.7113766074,1,97.8,231.7,2247.5,1,0.9655473828,-0.0256545208,-0.2589595616,0.0164884347,0.9991603494,-0.0375062972,0.2597043514,0.0319442712,0.9651596546,1,-282.9,-84.4,2415.3,1,0.9651526213,-0.0768271089,-0.2501560152,0.0216779746,0.9761205912,-0.2161449790,0.2607882321,0.2031900287,0.9437708259,1,-272.9,-475.8,2402.8,1,0.9927723408,-0.1156319827,-0.0321293883,0.1020890102,0.9544236064,-0.2804521024,0.0630942807,0.2751450241,0.9593301415,1,-104.0,-64.3,2430.8,1,0.9790861011,-0.1913240999,-0.0691776276,0.1953600347,0.9790629745,0.0571854077,0.0567883030,-0.0695039779,0.9959639907,1,-58.7,-438.0,2323.1,1,-168.2,159.6,2113.5,1,-116.9,198.5,2121.4,1,-249.0,-779.1,2339.7,1,11.2,-795.4,2348.5,1,
8,0.9908418655,-0.0969259590,-0.0940092728,0.1179975793,0.9600117207,0.2538779974,0.0656426400,-0.2626458108,0.9626568556,1,-248.4,503.9,2276.6,1,0.9908418655,-0.0969259590,-0.0940092728,0.1179975793,0.9600117207,0.2538779974,0.0656426400,-0.2626458108,0.9626568556,1,-228.5,306.6,2330.6,1,0.9913846254,-0.0936711952,-0.0915547237,0.1125106364,0.9668875337,0.2290629596,0.0670665130,-0.2373903841,0.9690964222,1,-210.2,117.2,2377.1,1,0.0593131594,-0.5053133368,-0.8608950973,0.8983626366,0.4030320644,-0.1746702343,0.4352315366,-0.7630357742,0.4778597355,1,-369.7,290.6,2321.1,1,-0.8613827825,-0.5053133368,0.0517505184,-0.2886082232,0.4030320644,-0.8684874773,0.4180011749,-0.7630357742,-0.4930024743,1,-383.3,85.6,2221.8,1,0.8252434731,0.1492271274,0.5447058678,-0.3919330537,0.8457418680,0.3620900512,-0.4066468775,-0.5123006701,0.7564299703,1,-87.3,322.7,2340.1,1,-0.8629522920,0.1492271274,0.4827469587,-0.1415526420,0.8457418680,-0.5144740939,-0.4850527942,-0.5123006701,-0.7087113857,1,100.5,233.5,2247.6,1,0.9735069275,-0.0294982921,-0.2267466933,0.0229683332,0.9992434978,-0.0313836783,0.2275009155,0.0253442340,0.9734479785,1,-283.9,-84.5,2414.9,1,0.9736255407,-0.0714133680,-0.2166872919,0.0213683154,0.9741183519,-0.2250262648,0.2271489501,0.2144610882,0.9499525428,1,-272.3,-475.9,2405.0,1,0.9928764701,-0.1191480532,0.0000958466,0.1142897680,0.9521637559,-0.2834113240,0.0336766466,0.2814033926,0.9589984417,1,-105.2,-64.2,2433.0,1,0.9811846614,-0.1886682063,-0.0409992263,0.1909709871,0.9796143770,0.0623361878,0.0284025762,-0.0689929724,0.9972127676,1,-58.5,-437.1,2322.8,1,-167.7,157.8,2117.2,1,-117.1,197.8,2125.3,1,-250.2,-777.3,2338.7,1,10.6,-795.8,2348.0,1,
9,0.9867862463,-0.0910557583,-0.1340214461,0.1255080700,0.9526849389,0.2768377066,0.1024725363,-0.2900004089,0.9515246153,1,-246.3,501.1,2265.4,1,0.9867862463,-0.0910557583,-0.1340214461,0.1255080700,0.9526849389,0.2768377066,0.1024725363,-0.2900004089,0.9515246153,1,-227.5,304.8,2325.2,1,0.9872590303,-0.0899202153,-0.1312780380,0.1205078289,0.9612809420,0.2478240579,0.1039106920,-0.2604865730,0.9598694444,1,-210.0,116.6,2376.2,1,0.0810243264,-0.4864802361,-0.8699264526,0.9107847810,0.3906573653,-0.1336335391,0.4048532546,-0.7814881802,0.4747315347,1,-368.1,287.6,2310.4,1,-0.8713327646,-0.4864802361,0.0641580224,-0.2826182842,0.3906573653,-0.8760786057,0.4011311233,-0.7814881802,-0.4778807461,1,-386.1,84.6,2220.2,1,0.8292841315,0.1444000006,0.5398485661,-0.3846619427,0.8482556939,0.3640019596,-0.4053677320,-0.5095202327,0.7589901686,1,-87.0,322.0,2340.0,1,-0.8589057922,0.1444000006,0.4913547635,-0.1482404619,0.8482556939,-0.5084161758,-0.4902097881,-0.5095202327,-0.7071657777,1,101.8,234.5,2247.7,1,0.9642866254,-0.0197766889,-0.2641215026,0.0083837556,0.9989878535,-0.0441930220,0.2647281587,0.0404004082,0.9634764194,1,-281.5,-82.3,2417.5,1,0.9634303451,-0.0763765126,-0.2568434477,0.0202410538,0.9765231013,-0.2144597471,0.2671932578,0.2014182508,0.9423578978,1,-273.7,-473.6,2401.6,1,0.9928572178,-0.1143113002,-0.0341684781,0.1002815738,0.9547218680,-0.2800888419,0.0646387115,0.2746617496,0.9593657851,1,-102.4,-61.9,2429.6,1,0.9800368547,-0.1857892722,-0.0707825124,0.1900417060,0.9800037146,0.0589649267,0.0584120750,-0.0712394267,0.9957474470,1,-57.6,-435.9,2322.0,1,-165.6,156.2,2118.7,1,-115.4,197.0,2123.7,1,-249.9,-777.6,2338.9,1,10.9,-797.1,2348.3,1,
10,0.9864032269,-0.0929066837,-0.1355619431,0.1273024082,0.9536285996,0.2727390528,0.1039364710,-0.2862880528,0.9524895549,1,-246.6,498.7,2266.9,1,0.9864032269,-0.0929066837,-0.1355619431,0.1273024082,0.9536285996,0.2727390528,0.1039364710,-0.2862880528,0.9524895549,1,-227.6,302.8,2325.7,1,0.9870495796,-0.0899656639,-0.1328130513,0.1205306649,0.9622711539,0.2439397573,0.1058559716,-0.2567886710,0.9606529474,1,-210.0,114.3,2375.9,1,0.0834519863,-0.4680238664,-0.8797667027,0.9081884623,0.3990942240,-0.1261646897,0.4101578891,-0.7884652615,0.4583590627,1,-368.2,285.6,2310.6,1,-0.8812564611,-0.4680238664,0.0658843294,-0.2772937119,0.3990942240,-0.8739748001,0.3827470243,-0.7884652615,-0.4814844429,1,-386.6,84.8,2219.9,1,0.8332683444,0.1319194883,0.5368995667,-0.3733172417,0.8505502939,0.3704030812,-0.4077967107,-0.5090790391,0.7579844594,1,-87.0,320.0,2340.7,1,-0.8612741828,0.1319194883,0.4907178581,-0.1558885127,0.8505502939,-0.5022578835,-0.4836378098,-0.5090790391,-0.7119922638,1,101.3,235.7,2248.6,1,0.9638182521,-0.0220217146,-0.2656490207,0.0110981008,0.9990326166,-0.0425518565,0.2663291097,0.0380640589,0.9631302953,1,-281.7,-82.6,2417.8,1,0.9634101987,-0.0743453205,-0.2575141788,0.0166579559,0.9755122066,-0.2193134576,0.2675131559,0.2069991678,0.9410569072,1,-273.0,-473.9,2402.9,1,0.9928851724,-0.1141124889,-0.0340208150,0.0990513191,0.9500629902,-0.2959208488,0.0660901815,0.2904455960,0.9546064138,1,-103.4,-60.7,2436.5,1,0.9800161719,-0.1855521351,-0.0716850162,0.1895728707,0.9803790450,0.0540287159,0.0602533408,-0.0665385500,0.9959629178,1,-58.7,-432.8,2322.8,1,-166.1,154.2,2124.2,1,-117.2,196.1,2125.9,1,-249.9,-777.8,2338.4,1,10.0,-795.9,2347.4,1,
11,0.9858865142,-0.0933466777,-0.1389756203,0.1292446405,0.9520198703,0.2774058878,0.1064126343,-0.2914525568,0.9506480694,1,-247.6,500.0,2262.6,1,0.9858865142,-0.0933466777,-0.1389756203,0.1292446405,0.9520198703,0.2774058878,0.1064126343,-0.2914525568,0.9506480694,1,-228.4,304.2,2322.5,1,0.9865838289,-0.0899999589,-0.1362070441,0.1219690144,0.9609169364,0.2485199869,0.1085168645,-0.2617988288,0.9590023160,1,-210.8,116.0,2373.8,1,0.0798451379,-0.4586565793,-0.8850191236,0.9065672159,0.4025536776,-0.1268321723,0.4144401252,-0.7922024131,0.4479449689,1,-369.0,286.8,2307.1,1,-0.8864788413,-0.4586565793,0.0615577847,-0.2690363228,0.4025536776,-0.8749685884,0.3765297830,-0.7922024131,-0.4802505970,1,-386.7,85.4,2215.0,1,0.8526489735,0.1304097027,0.5059476495,-0.3712641597,0.8325747252,0.4110744894,-0.3676311374,-0.5383424759,0.7583104372,1,-87.8,321.6,2338.0,1,-0.8509953618,0.1304097027,0.5087241530,-0.1846099049,0.8325747252,-0.5222437382,-0.4916565120,-0.5383424759,-0.6844422817,1,107.8,236.4,2253.6,1,0.9629168510,-0.0232019722,-0.2687987983,0.0135805933,0.9992006421,-0.0375985429,0.2694562972,0.0325538218,0.9624622464,1,-281.6,-85.0,2416.7,1,0.9629433155,-0.0725528002,-0.2597618699,0.0132257072,0.9746816754,-0.2232055217,0.2693793178,0.2114987373,0.9395228028,1,-272.5,-476.4,2403.9,1,0.9923475385,-0.1180854142,-0.0360855572,0.1021096334,0.9491240382,-0.2978879213,0.0694258884,0.2919236720,0.9539185762,1,-103.3,-63.2,2435.8,1,0.9803852439,-0.1818534732,-0.0759873837,0.1866630316,0.9804760814,0.0618352443,0.0632588565,-0.0748063922,0.9951896071,1,-57.0,-435.0,2321.4,1,-162.3,153.5,2119.7,1,-109.0,189.3,2128.4,1,-250.1,-778.0,2338.5,1,10.2,-797.3,2349.1,1,
12,0.9845139980,-0.0959650949,-0.1467069983,0.1348426044,0.9493194818,0.2839188874,0.1120255142,-0.2993044853,0.9475585222,1,-248.3,497.3,2259.4,1,0.9845139980,-0.0959650949,-0.1467069983,0.1348426044,0.9493194818,0.2839188874,0.1120255142,-0.2993044853,0.9475585222,1,-228.6,302.3,2320.9,1,0.9853081703,-0.0921881199,-0.1437675953,0.1267880499,0.9588291645,0.2541090548,0.1144227311,-0.2686037421,0.9564306140,1,-210.5,114.5,2373.5,1,0.0774180219,-0.4593403935,-0.8848801255,0.9069398046,0.4010715783,-0.1288478523,0.4140852988,-0.7925578356,0.4476442635,1,-369.0,284.2,2304.6,1,-0.8835212588,-0.4593403935,0.0916330442,-0.2983425558,0.4010715783,-0.8661023378,0.3610844016,-0.7925578356,-0.4913960695,1,-386.1,83.7,2213.0,1,0.8594009280,0.0927749425,0.5028149486,-0.3480941653,0.8264731765,0.4424618781,-0.3745136857,-0.5552790761,0.7425662279,1,-88.2,320.4,2337.2,1,-0.8383405805,0.0927749425,0.5371944308,-0.2360439003,0.8264731765,-0.5111020803,-0.4913942516,-0.5552790761,-0.6709670424,1,108.2,240.9,2251.6,1,0.9610806108,-0.0267380700,-0.2749710679,0.0161281750,0.9990381598,-0.0407747477,0.2757968605,0.0347530395,0.9605875015,1,-282.4,-83.3,2415.2,1,0.9615224600,-0.0692037418,-0.2658671737,0.0101508405,0.9760416150,-0.2173471451,0.2745386660,0.2062853873,0.9391884208,1,-271.9,-474.6,2401.6,1,0.9919065237,-0.1202430725,-0.0407803990,0.1029199138,0.9495149255,-0.2963594496,0.0743567646,0.2897637486,0.9542054534,1,-104.1,-61.2,2434.9,1,0.9803110957,-0.1803067327,-0.0804964453,0.1851140559,0.9810717702,0.0568411872,0.0687239468,-0.0706230700,0.9951328635,1,-57.0,-433.1,2321.3,1,-161.3,159.6,2121.1,1,-105.7,180.7,2126.3,1,-250.4,-778.2,2337.5,1,9.5,-794.9,2347.4,1,
13,0.9836274385,-0.0982690305,-0.1510638595,0.1383226514,0.9489941001,0.2833320200,0.1155159473,-0.2995886803,0.9470494390,1,-249.7,498.8,2257.9,1,0.9836274385,-0.0982690305,-0.1510638595,0.1383226514,0.9489941001,0.2833320200,0.1155159473,-0.2995886803,0.9470494390,1,-229.4,303.4,2319.6,1,0.9843890667,-0.0950267687,-0.1481486410,0.1308075786,0.9581670165,0.2545689046,0.1177602783,-0.2699738443,0.9556393623,1,-210.8,115.7,2372.4,1,0.1003844440,-0.4563010633,-0.8841449618,0.9148827791,0.3915890157,-0.0982220098,0.3910402656,-0.7990289927,0.4567714334,1,-369.7,284.7,2302.8,1,-0.8849268556,-0.4563010633,0.0932406113,-0.2937939167,0.3915890157,-0.8719766140,0.3613718450,-0.7990289927,-0.4805861115,1,-391.7,84.4,2217.1,1,0.8652210832,0.1037294492,0.4905432463,-0.3551885188,0.8173394203,0.4536489546,-0.3538835943,-0.5667419434,0.7440227866,1,-89.1,322.0,2336.3,1,-0.8350881934,0.1037294492,0.5402479768,-0.2379408181,0.8173394203,-0.5247288942,-0.4959958196,-0.5667419434,-0.6578690410,1,112.0,239.5,2254.1,1,0.9601371288,-0.0241377261,-0.2784853280,0.0162961390,0.9994037747,-0.0304389652,0.2790540159,0.0246873442,0.9599580169,1,-281.6,-84.7,2415.8,1,0.9610263109,-0.0692624599,-0.2676399350,0.0047653615,0.9721136689,-0.2344618142,0.2764158249,0.2240485698,0.9345568419,1,-272.1,-476.2,2406.1,1,0.9926195145,-0.1136438176,-0.0423277132,0.0958169326,0.9489007592,-0.3006766438,0.0743348375,0.2944017649,0.9527863860,1,-103.5,-61.8,2436.4,1,0.9783124328,-0.1907890588,-0.0806494430,0.1960870922,0.9785085320,0.0638036728,0.0667431280,-0.0782342404,0.9946983457,1,-58.9,-433.5,2321.1,1,-165.8,159.4,2124.9,1,-101.5,178.7,2127.3,1,-250.6,-777.7,2336.6,1,11.8,-796.1,2350.1,1,
14,0.9829266071,-0.1042507812,-0.1516147703,0.1424719691,0.9526560903,0.2686040699,0.1164345443,-0.2856189311,0.9512438178,1,-251.4,498.6,2263.1,1,0.9829266071,-0.1042507812,-0.1516147703,0.1424719691,0.9526560903,0.2686040699,0.1164345443,-0.2856189311,0.9512438178,1,-229.9,302.5,2321.8,1,0.9838457704,-0.0998578146,-0.1485795677,0.1338520497,0.9614657164,0.2401400805,0.1188742965,-0.2561484873,0.9593001604,1,-210.4,114.3,2372.0,1,0.1264400482,-0.4551571310,-0.8813880682,0.9112075567,0.4044663012,-0.0781524107,0.3920634091,-0.7932458520,0.4658833742,1,-370.1,283.5,2304.9,1,-0.8854517341,-0.4551571310,0.0938466117,-0.2994976640,0.4044663012,-0.8641227484,0.3553538620,-0.7932458520,-0.4944539070,1,-397.6,85.2,2219.6,1,0.8624752164,0.0787684545,0.4999319911,-0.3415606022,0.8195205927,0.4601329863,-0.3734605908,-0.5676103830,0.7337204218,1,-89.7,321.6,2338.8,1,-0.8292132020,0.0787684545,0.5533543229,-0.2621887028,0.8195205927,-0.5095518231,-0.4936218560,-0.5676103830,-0.6589050889,1,110.3,242.4,2252.2,1,0.9603120089,-0.0239122752,-0.2779011428,0.0156593602,0.9993690252,-0.0318793841,0.2784881294,0.0262624007,0.9600805640,1,-281.2,-83.8,2414.7,1,0.9610980153,-0.0678021014,-0.2677564621,0.0051732096,0.9736515880,-0.2279820591,0.2761591673,0.2177279294,0.9361253381,1,-271.8,-475.2,2404.4,1,0.9927553535,-0.1126841307,-0.0417025574,0.0950383618,0.9487904310,-0.3012713194,0.0735154822,0.2951253653,0.9526261091,1,-103.3,-60.1,2435.9,1,0.9783059359,-0.1911467165,-0.0798778012,0.1964611709,0.9783569574,0.0649668351,0.0657308027,-0.0792503208,0.9946852922,1,-59.1,-431.8,2320.3,1,-171.2,161.8,2128.7,1,-101.8,175.4,2125.9,1,-250.7,-779.3,2336.4,1,12.0,-795.9,2349.8,1,
15,0.9817839861,-0.1043995917,-0.1587478817,0.1436222643,0.9547763467,0.2603359818,0.1243897453,-0.2783934474,0.9523782134,1,-249.6,495.6,2265.7,1,0.9817839861,-0.1043995917,-0.1587478817,0.1436222643,0.9547763467,0.2603359818,0.1243897453,-0.2783934474,0.9523782134,1,-228.2,300.1,2322.7,1,0.9825635552,-0.1009576395,-0.1561294943,0.1363454610,0.9621661901,0.2358942479,0.1264071912,-0.2530686557,0.9591545463,1,-208.4,111.7,2372.2,1,0.1467314810,-0.4489835203,-0.8814100623,0.9065263867,0.4175997674,-0.0618094243,0.3958280385,-0.7899520397,0.4682904184,1,-368.2,280.7,2304.6,1,-0.8906030655,-0.4489835203,0.0723875612,-0.2807650268,0.4175997674,-0.8641651869,0.3577668667,-0.7899520397,-0.4979745150,1,-399.8,85.6,2219.5,1,0.8594879508,0.0650627688,0.5069983006,-0.3321218193,0.8250504732,0.4571507275,-0.3885557055,-0.5613007545,0.7307297587,1,-88.2,319.5,2340.7,1,-0.8290591240,0.0650627688,0.5553627610,-0.2683576047,0.8250504732,-0.4972684085,-0.4905560017,-0.5613007545,-0.6665555239,1,108.9,243.4,2251.6,1,0.9583343863,-0.0209058225,-0.2848826945,0.0141344294,0.9995670915,-0.0258045215,0.2852988243,0.0207027066,0.9582149982,1,-279.8,-86.1,2411.4,1,0.9590239525,-0.0669235289,-0.2753075659,0.0047337525,0.9753517509,-0.2206049114,0.2832853794,0.2102621645,0.9357025027,1,-271.6,-477.7,2403.3,1,0.9925099015,-0.1117155701,-0.0494339317,0.0927993506,0.9526231289,-0.2896504998,0.0794503763,0.2828935683,0.9558550715,1,-101.9,-61.9,2432.9,1,0.9789490104,-0.1857174635,-0.0846635327,0.1905953288,0.9802013040,0.0536547899,0.0730226710,-0.0686617717,0.9949639440,1,-58.1,-435.1,2322.1,1,-171.9,157.5,2127.9,1,-103.3,174.7,2126.0,1,-251.0,-778.1,2338.6,1,10.4,-796.9,2347.4,1,
16,0.9826149344,-0.1115011945,-0.1484432369,0.1452190876,0.9597589970,0.2403623611,0.1156690419,-0.2577404380,0.9592656493,1,-252.5,503.9,2275.0,1,0.9826149344,-0.1115011945,-0.1484432369,0.1452190876,0.9597589970,0.2403623611,0.1156690419,-0.2577404380,0.9592656493,1,-229.6,306.9,2327.9,1,0.9834504724,-0.1074179038,-0.1458993256,0.1378686428,0.9661655426,0.2179825306,0.1175476760,-0.2344899625,0.9649854898,1,-208.6,117.7,2373.8,1,0.1184405535,-0.4128048122,-0.9030858278,0.8831100464,0.4595986903,-0.0942640230,0.4539697170,-0.7863594890,0.4189871848,1,-369.7,287.3,2311.1,1,-0.9095492363,-0.4128048122,0.0480877310,-0.2535921335,0.4595986903,-0.8511521816,0.3292586505,-0.7863594890,-0.5227116942,1,-396.0,91.4,2210.5,1,0.8619309664,0.1129935831,0.4942746460,-0.3636058867,0.8171590567,0.4472603202,-0.3533634841,-0.5652287006,0.7454198599,1,-89.4,326.6,2344.6,1,-0.8252431154,0.1129935831,0.5533590317,-0.2396361977,0.8171590567,-0.5242380500,-0.5114178658,-0.5652287006,-0.6472775936,1,113.8,240.8,2261.3,1,0.9616139531,-0.0168341398,-0.2738891542,0.0076655569,0.9993749261,-0.0345114470,0.2742989063,0.0310871750,0.9611418843,1,-277.5,-89.1,2410.4,1,0.9615414143,-0.0666634887,-0.2664472163,0.0087370770,0.9770311713,-0.2129173577,0.2745210528,0.2024008930,0.9400383234,1,-270.9,-480.5,2398.2,1,0.9935445189,-0.1062399819,-0.0397791453,0.0905881301,0.9540795088,-0.2855277658,0.0682869330,0.2800810039,0.9575445056,1,-99.8,-64.4,2433.2,1,0.9796538353,-0.1869228631,-0.0730630681,0.1908171326,0.9803259373,0.0504959896,0.0621867664,-0.0634102747,0.9960481524,1,-58.2,-438.2,2323.5,1,-163.4,156.3,2126.2,1,-97.3,179.5,2130.4,1,-250.5,-778.7,2336.4,1,9.9,-795.5,2346.6,1,
17,0.9839386940,-0.1144343764,-0.1370014250,0.1446959376,0.9607451558,0.2367104143,0.1045356467,-0.2527320981,0.9618725181,1,-254.0,503.8,2277.1,1,0.9839386940,-0.1144343764,-0.1370014250,0.1446959376,0.9607451558,0.2367104143,0.1045356467,-0.2527320981,0.9618725181,1,-230.6,307.5,2328.8,1,0.9845837355,-0.1118176132,-0.1345052123,0.1392012388,0.9665431380,0.2154468745,0.1059143320,-0.2308487743,0.9672078490,1,-208.7,118.3,2374.0,1,0.0843982995,-0.3946536183,-0.9149456024,0.8668358326,0.4819083214,-0.1279063970,0.4913986027,-0.7823125124,0.3827721477,1,-370.9,287.7,2313.7,1,-0.9180548191,-0.3946536183,0.0377337001,-0.2417789549,0.4819083214,-0.8422038555,0.3141946197,-0.7823125124,-0.5378372073,1,-389.4,97.5,2205.8,1,0.8699478507,0.1119523868,0.4802680612,-0.3538795114,0.8199936152,0.4498664141,-0.3434531391,-0.5613173246,0.7529693246,1,-90.3,327.4,2343.9,1,-0.8121999502,0.1119523868,0.5725364089,-0.2499471307,0.8199936152,-0.5149144530,-0.5271220803,-0.5613173246,-0.6380165815,1,114.0,244.3,2263.2,1,0.9648845196,-0.0098914606,-0.2624882162,0.0071756272,0.9999103546,-0.0113030700,0.2625764906,0.0090226401,0.9648690224,1,-276.4,-83.9,2409.1,1,0.9645291567,-0.0714759678,-0.2541155517,0.0121908886,0.9736788869,-0.2275979519,0.2636947334,0.2164269537,0.9400129914,1,-272.6,-475.5,2405.5,1,0.9944528341,-0.1011545360,-0.0288318340,0.0892792046,0.9566857815,-0.2770947218,0.0556123964,0.2729835510,0.9604099393,1,-98.6,-59.0,2430.3,1,0.9805030227,-0.1869907677,-0.0604007468,0.1901622266,0.9803821445,0.0518575720,0.0495189279,-0.0623324476,0.9968262315,1,-59.0,-433.7,2323.4,1,-154.5,159.4,2125.4,1,-93.9,180.3,2128.3,1,-250.4,-778.0,2338.3,1,10.0,-795.4,2346.4,1,
18,0.9817488194,-0.1156551018,-0.1509739161,0.1499691755,0.9589725137,0.2405845374,0.1169550121,-0.2588350177,0.9588148594,1,-254.0,499.3,2273.2,1,0.9817488194,-0.1156551018,-0.1509739161,0.1499691755,0.9589725137,0.2405845374,0.1169550121,-0.2588350177,0.9588148594,1,-230.5,303.6,2326.0,1,0.9824857116,-0.1126796231,-0.1484085023,0.1437596977,0.9650836587,0.2189671695,0.1185534969,-0.2364672869,0.9643797278,1,-208.4,114.6,2372.3,1,0.1126565933,-0.3925120533,-0.9128213525,0.8729809523,0.4778609872,-0.0977399722,0.4745658040,-0.7858645916,0.3964897394,1,-370.5,283.2,2309.1,1,-0.9188345075,-0.3925120533,0.0409565270,-0.2417783290,0.4778609872,-0.8445070386,0.3119076490,-0.7858645916,-0.5339760780,1,-394.6,96.1,2207.4,1,0.8651984334,0.0852170438,0.4941353798,-0.3398525715,0.8242385983,0.4529137909,-0.3686894774,-0.5597934723,0.7420911789,1,-90.4,324.1,2342.9,1,-0.8173130155,0.0852170438,0.5698574185,-0.2635086477,0.8242385983,-0.5011924505,-0.5124086142,-0.5597934723,-0.6512055397,1,111.4,244.9,2256.9,1,0.9613287449,-0.0052870847,-0.2753526568,0.0013366180,0.9998934865,-0.0145326089,0.2754001617,0.0136025734,0.9612334371,1,-275.8,-83.6,2409.6,1,0.9603486061,-0.0774387270,-0.2678316534,0.0148164565,0.9734699130,-0.2283348888,0.2784080207,0.2153127789,0.9360178113,1,-273.7,-475.2,2404.3,1,0.9940983057,-0.1007738039,-0.0401642211,0.0857997760,0.9569279552,-0.2773576677,0.0663846508,0.2722747028,0.9599268436,1,-97.8,-58.4,2428.7,1,0.9798877239,-0.1863165945,-0.0714574382,0.1905284077,0.9799981117,0.0574682280,0.0593208708,-0.0699270815,0.9957867265,1,-58.4,-433.3,2322.1,1,-159.4,158.0,2127.6,1,-97.8,177.4,2125.7,1,-249.6,-778.3,2337.2,1,10.7,-796.6,2348.0,1,
19,0.9844826460,-0.1220195517,-0.1261156350,0.1489904374,0.9609120488,0.2333448827,0.0927134007,-0.2485140115,0.9641810060,1,-257.9,500.5,2276.7,1,0.9844826460,-0.1220195517,-0.1261156350,0.1489904374,0.9609120488,0.2333448827,0.0927134007,-0.2485140115,0.9641810060,1,-233.0,304.4,2327.4,1,0.9852057695,-0.1187067181,-0.1236053035,0.1432006210,0.9664469361,0.2132460326,0.0941442326,-0.2277915776,0.9691479802,1,-209.8,115.1,2372.0,1,0.0769458637,-0.3943874836,-0.9157171249,0.8647021651,0.4836259186,-0.1356322318,0.4963561893,-0.7813862562,0.3782407343,1,-373.4,284.0,2314.0,1,-0.9166667461,-0.3943874836,0.0646573305,-0.2668736279,0.4836259186,-0.8335973024,0.2974903882,-0.7813862562,-0.5485754013,1,-390.4,92.2,2204.0,1,0.8754560947,0.1032986194,0.4721292257,-0.3478478789,0.8128777742,0.4671525955,-0.3355271518,-0.5732007027,0.7475710511,1,-92.7,324.8,2340.9,1,-0.8173924685,0.1032986194,0.5667441487,-0.2589859366,0.8128777742,-0.5216856599,-0.5145831704,-0.5732007027,-0.6376873255,1,114.9,242.4,2261.3,1,0.9680781364,-0.0007480176,-0.2506474853,0.0008030731,0.9999996424,0.0001173767,0.2506473064,-0.0003149181,0.9680784345,1,-275.1,-87.4,2407.9,1,0.9666358829,-0.0806325972,-0.2431324720,0.0205822028,0.9705442786,-0.2400420159,0.2553260326,0.2270290256,0.9398225546,1,-274.9,-479.0,2408.0,1,0.9948872924,-0.0994762927,-0.0174274370,0.0913793892,0.9601686597,-0.2640566230,0.0430006534,0.2611140609,0.9643497467,1,-97.5,-61.4,2429.3,1,0.9804831743,-0.1907388121,-0.0476598851,0.1930370331,0.9799454808,0.0494318679,0.0372755155,-0.0576672368,0.9976397157,1,-58.6,-437.5,2327.1,1,-155.8,160.5,2127.8,1,-94.4,176.0,2129.5,1,-250.0,-778.1,2338.1,1,11.5,-797.6,2348.2,1,
20,0.9830742478,-0.1227735877,-0.1359839886,0.1531610489,0.9580398202,0.2422836572,0.1005320475,-0.2590102851,0.9606284499,1,-259.5,499.5,2271.5,1,0.9830742478,-0.1227735877,-0.1359839886,0.1531610489,0.9580398202,0.2422836572,0.1005320475,-0.2590102851,0.9606284499,1,-234.3,302.9,2324.7,1,0.9838461876,-0.1196069419,-0.1331949830,0.1470389664,0.9643171430,0.2201636583,0.1021091044,-0.2361920178,0.9663265944,1,-210.9,114.0,2370.9,1,0.0426618196,-0.3832940757,-0.9226405621,0.8608431816,0.4828067720,-0.1607688367,0.5070788860,-0.7873901725,0.3505535126,1,-374.5,281.9,2310.1,1,-0.9199240804,-0.3832940757,0.0826153159,-0.2758091986,0.4828067720,-0.8311599493,0.2786914706,-0.7873901725,-0.5498616099,1,-383.7,96.3,2200.8,1,0.8731444478,0.0697904676,0.4824396968,-0.3386667967,0.7986867428,0.4973974824,-0.3506045938,-0.5976861715,0.7210046053,1,-94.1,323.9,2339.2,1,-0.8109061122,0.0697904676,0.5809996128,-0.3035333455,0.7986867428,-0.5195834637,-0.5002986789,-0.5976861715,-0.6264762282,1,111.9,244.0,2256.5,1,0.9657423496,-0.0040255976,-0.2594715953,0.0000218513,0.9998809099,-0.0154314199,0.2595028281,0.0148971062,0.9656274319,1,-275.6,-87.1,2408.1,1,0.9641762972,-0.0805195123,-0.2527462840,0.0219107773,0.9737353921,-0.2266258895,0.2643558085,0.2129694372,0.9406168461,1,-274.0,-478.7,2402.3,1,0.9950200915,-0.0964551494,-0.0251281988,0.0866443142,0.9616286755,-0.2603133321,0.0492725596,0.2568397820,0.9651971459,1,-97.6,-61.2,2425.1,1,0.9788949490,-0.1969858110,-0.0544176027,0.2000462115,0.9780648947,0.0580567941,0.0417875834,-0.0677175373,0.9968290329,1,-59.8,-437.9,2324.5,1,-148.5,166.8,2129.5,1,-95.5,166.3,2128.5,1,-249.2,-779.5,2336.5,1,12.8,-798.4,2349.5,1,
21,0.9835802317,-0.1249793470,-0.1301926374,0.1542995572,0.9565284848,0.2474770695,0.0936034396,-0.2635022104,0.9601067305,1,-260.7,498.2,2269.9,1,0.9835802317,-0.1249793470,-0.1301926374,0.1542995572,0.9565284848,0.2474770695,0.0936034396,-0.2635022104,0.9601067305,1,-235.0,301.8,2324.0,1,0.9843552113,-0.1218433455,-0.1272755861,0.1482724994,0.9630599618,0.2247906327,0.0951847807,-0.2401452959,0.9660590291,1,-211.2,113.1,2371.0,1,0.0399840586,-0.3926177919,-0.9188321829,0.8629531860,0.4771249890,-0.1663235128,0.5036993623,-0.7862588763,0.3578881919,1,-375.3,280.6,2310.4,1,-0.9128110409,-0.3926177919,0.1123713031,-0.3066115677,0.4771249890,-0.8236146569,0.2697506249,-0.7862588763,-0.5559061170,1,-384.1,90.0,2199.2,1,0.8761655092,0.0719796866,0.4766056240,-0.3402519226,0.7927276492,0.5057781339,-0.3414126933,-0.6053113341,0.7190518379,1,-94.7,322.9,2337.6,1,-0.8169294596,0.0719796866,0.5722283125,-0.3013232350,0.7927276492,-0.5298935771,-0.4917627573,-0.6053113341,-0.6259133816,1,113.7,241.9,2256.3,1,0.9673451185,-0.0078228666,-0.2533421218,0.0040389211,0.9998724461,-0.0154527724,0.2534306943,0.0139249349,0.9672533274,1,-276.4,-88.1,2407.9,1,0.9658452272,-0.0813666955,-0.2460131496,0.0245629437,0.9738934636,-0.2256728560,0.2579528391,0.2119222432,0.9426289201,1,-273.4,-479.8,2402.5,1,0.9951324463,-0.0969190076,-0.0178348478,0.0887325630,0.9599676728,-0.2656852007,0.0428708233,0.2628094554,0.9638948441,1,-98.6,-61.5,2426.4,1,0.9779053926,-0.2033141106,-0.0486254320,0.2061781138,0.9764361978,0.0637411848,0.0345201492,-0.0723583475,0.9967811108,1,-60.6,-437.6,2323.4,1,-150.7,168.5,2130.2,1,-95.4,164.8,2130.5,1,-248.4,-777.8,2337.6,1,14.6,-799.0,2350.2,1,
22,0.9805423617,-0.1312135607,-0.1460126489,0.1654848307,0.9526079893,0.2552504838,0.1056004912,-0.2744468153,0.9557863474,1,-260.6,493.4,2268.1,1,0.9805423617,-0.1312135607,-0.1460126489,0.1654848307,0.9526079893,0.2552504838,0.1056004912,-0.2744468153,0.9557863474,1,-233.7,297.7,2324.5,1,0.9817757010,-0.1255931854,-0.1426282972,0.1562966853,0.9605487585,0.2300377935,0.1081102565,-0.2481378466,0.9626732469,1,-209.1,109.6,2373.1,1,0.0712778717,-0.3833978772,-0.9208287001,0.8584697247,0.4936449826,-0.1390839964,0.5078870058,-0.7805899978,0.3643214405,1,-373.6,275.5,2309.1,1,-0.9196401238,-0.3833978772,0.0852532759,-0.2820626795,0.4936449826,-0.8226513863,0.2733179629,-0.7805899978,-0.5621179342,1,-388.9,90.3,2199.5,1,0.8733860850,0.0728437155,0.4815501273,-0.3372220993,0.8038402796,0.4900224805,-0.3513943255,-0.5903681517,0.7266274691,1,-93.8,320.0,2339.9,1,-0.8252584338,0.0728437155,0.5600377321,-0.2838116288,0.8038402796,-0.5227730870,-0.4882616401,-0.5903681517,-0.6427021027,1,114.0,239.8,2256.3,1,0.9637042880,-0.0105316499,-0.2667641938,0.0048022158,0.9997437596,-0.0221207924,0.2669288218,0.0200368427,0.9635079503,1,-276.3,-88.9,2409.5,1,0.9630192518,-0.0734198466,-0.2592363060,0.0145367524,0.9749133587,-0.2221093774,0.2690401971,0.2101271451,0.9399276376,1,-272.2,-480.5,2401.6,1,0.9947362542,-0.0984082669,-0.0285580605,0.0871935561,0.9593098164,-0.2685553432,0.0538240932,0.2646516860,0.9628408551,1,-98.3,-62.1,2426.7,1,0.9780784845,-0.1996162981,-0.0592940934,0.2031632662,0.9772173762,0.0614076406,0.0456852540,-0.0721078739,0.9963499904,1,-59.8,-437.9,2323.0,1,-153.6,162.5,2129.6,1,-97.3,167.2,2131.3,1,-249.8,-777.9,2337.5,1,14.0,-799.0,2349.6,1,
23,0.9790971875,-0.1384807974,-0.1489689201,0.1727559716,0.9527777433,0.2497398108,0.1073500961,-0.2702548206,0.9567853808,1,-262.4,495.3,2268.2,1,0.9790971875,-0.1384807974,-0.1489689201,0.1727559716,0.9527777433,0.2497398108,0.1073500961,-0.2702548206,0.9567853808,1,-233.9,299.0,2323.9,1,0.9806668162,-0.1307649910,-0.1455785334,0.1616009325,0.9607130289,0.2256448567,0.1103527471,-0.2448080629,0.9632711411,1,-208.3,110.8,2371.8,1,0.1105694026,-0.3768754900,-0.9196408391,0.8619349003,0.4970470965,-0.1000621468,0.4948157966,-0.7816067338,0.3798003197,1,-373.6,275.9,2308.1,1,-0.9241862893,-0.3768754900,0.0620043240,-0.2582693994,0.4970470965,-0.8283966780,0.2813833356,-0.7816067338,-0.5566995144,1,-397.3,91.1,2202.0,1,0.8732684255,0.0521071441,0.4844451845,-0.3278311789,0.7983872890,0.5050786734,-0.3604566753,-0.5998854637,0.7142887712,1,-94.1,322.0,2339.6,1,-0.8216657043,0.0521071441,0.5675829053,-0.3071359694,0.7983872890,-0.5179239511,-0.4801385105,-0.5998854637,-0.6400035024,1,110.7,245.1,2255.0,1,0.9633485675,-0.0043311589,-0.2682177424,-0.0038491373,0.9995435476,-0.0299653653,0.2682251036,0.0298994984,0.9628921747,1,-273.2,-92.6,2411.9,1,0.9623044729,-0.0721431598,-0.2622317672,0.0119680082,0.9744762182,-0.2241716236,0.2717110515,0.2125829607,0.9386062026,1,-271.5,-484.2,2400.2,1,0.9948827028,-0.0971856713,-0.0276298560,0.0855405182,0.9557213187,-0.2815663517,0.0537706539,0.2777619958,0.9591438770,1,-95.8,-64.4,2431.4,1,0.9797000289,-0.1915983707,-0.0589738153,0.1950413138,0.9789880514,0.0595088676,0.0463328585,-0.0698031709,0.9964842200,1,-57.7,-438.7,2322.6,1,-160.8,157.2,2130.0,1,-99.6,166.5,2132.1,1,-249.8,-778.3,2336.0,1,12.4,-796.6,2348.1,1,
