1,0.9766516089,0.0559459999,-0.2074165791,-0.0410874002,0.9963164926,0.0752680674,0.2108635157,-0.0649884716,0.9753528237,1,256.7,293.7,2671.1,1,0.9766516089,0.0559459999,-0.2074165791,-0.0410874002,0.9963164926,0.0752680674,0.2108635157,-0.0649884716,0.9753528237,1,245.7,97.2,2683.9,1,0.9766499996,0.0576264225,-0.2069635838,-0.0411155634,0.9956831932,0.0832134038,0.2108654529,-0.0727609470,0.9748033881,1,234.5,-96.0,2698.1,1,0.2800476253,-0.6559306979,-0.7009480596,0.9564923048,0.2528901696,0.1454957575,0.0818277448,-0.7111971974,0.6982139945,1,112.3,102.8,2655.1,1,-0.0659930930,-0.6578803062,-0.7502255440,0.9053357840,0.2766472399,-0.3222320080,0.4195379317,-0.7004711032,0.5773457885,1,38.8,-148.3,2633.7,1,0.2598344982,0.8706732392,0.4176291525,-0.9607596993,0.1896062344,0.2024605572,0.0970919058,-0.4538474977,0.8857740164,1,379.1,91.6,2712.7,1,-0.0303224791,0.8706732392,0.4909262955,-0.9002670646,0.1896062344,-0.3918783963,-0.4342807233,-0.4538474977,0.7780891061,1,442.7,-143.8,2736.5,1,0.9864456654,-0.1333448440,-0.0956250653,0.1173937395,0.9806761146,-0.1565024853,0.1146460176,0.1431554109,0.9830375314,1,129.9,-289.3,2691.7,1,0.9935789108,-0.0038111212,-0.1130769625,0.0015631267,0.9997994900,-0.0199622214,0.1131303683,0.0196572896,0.9933856726,1,181.6,-669.7,2636.2,1,0.3627654016,-0.2293479592,0.9032168984,0.3803444207,0.9212757945,0.0811731070,-0.8507287502,0.3140867054,0.4214381874,1,305.5,-296.1,2726.1,1,0.4686225951,-0.2205148190,0.8554332852,0.0449564122,0.9730419517,0.2262041718,-0.8822538257,-0.0675471798,0.4659030139,1,394.4,-653.3,2604.3,1,56.9,-396.8,2518.5,1,434.3,-395.1,2615.3,1,183.0,-1042.8,2628.8,1,476.7,-1016.1,2629.5,1,
2,0.9764605165,0.0468850620,-0.2105389088,-0.0327973962,0.9970136881,0.0699143261,0.2131881118,-0.0613634512,0.9750822186,1,264.7,291.1,2672.5,1,0.9764605165,0.0468850620,-0.2105389088,-0.0327973962,0.9970136881,0.0699143261,0.2131881118,-0.0613634512,0.9750822186,1,255.5,95.0,2684.6,1,0.9764543176,0.0482320748,-0.2102632821,-0.0329277143,0.9965874553,0.0756911635,0.2131965011,-0.0669854730,0.9747102857,1,246.1,-98.4,2697.6,1,0.2916968167,-0.6508796215,-0.7009056211,0.9518594146,0.2697042823,0.1456820369,0.0942157805,-0.7096586227,0.6982177496,1,122.1,99.4,2655.5,1,-0.0468700044,-0.6520414352,-0.7567332387,0.9071757197,0.2893265486,-0.3054870963,0.4181332588,-0.7008081675,0.5779554248,1,46.1,-148.6,2630.9,1,0.2393490374,0.8863906264,0.3962621093,-0.9654204249,0.1738365740,0.1942788213,0.1033220813,-0.4290599823,0.8973472118,1,388.9,90.5,2713.7,1,-0.0393376648,0.8863906264,0.4612636864,-0.8951840997,0.1738365740,-0.4103977382,-0.4439572096,-0.4290599823,0.7866444588,1,446.8,-143.2,2738.8,1,0.9880099297,-0.1199451983,-0.0972084478,0.1035759598,0.9818642735,-0.1587910205,0.1144917235,0.1468186378,0.9825150967,1,135.8,-285.5,2693.3,1,0.9936176538,-0.0010507951,-0.1127955988,-0.0014522700,0.9997545481,-0.0221066978,0.1127911508,0.0221294146,0.9933722615,1,182.4,-666.5,2636.3,1,0.3659873307,-0.2322847098,0.9011642933,0.3702262044,0.9247632027,0.0880086496,-0.8538066745,0.3014245927,0.4244495034,1,310.8,-292.8,2731.1,1,0.4594253898,-0.2359102219,0.8563145995,0.0787939951,0.9711071253,0.2252608389,-0.8847145438,-0.0360180959,0.4647395909,1,400.9,-651.6,2614.1,1,58.9,-396.2,2516.8,1,435.8,-393.2,2614.8,1,182.8,-1039.7,2628.1,1,482.0,-985.4,2626.5,1,
3,0.9739773870,0.0340025537,-0.2240800560,-0.0188184790,0.9974007607,0.0695528165,0.2258625925,-0.0635260269,0.9720856547,1,273.7,293.9,2672.8,1,0.9739773870,0.0340025537,-0.2240800560,-0.0188184790,0.9974007607,0.0695528165,0.2258625925,-0.0635260269,0.9720856547,1,267.0,97.0,2685.3,1,0.9740015864,0.0336976424,-0.2240208834,-0.0181052033,0.9972908497,0.0712962747,0.2258165032,-0.0653867424,0.9719730020,1,260.4,-96.5,2698.0,1,0.3154208660,-0.6373693943,-0.7030433416,0.9438703060,0.2872878909,0.1630167961,0.0980739370,-0.7150006294,0.6922106147,1,133.9,99.5,2654.4,1,-0.0616522171,-0.6358498931,-0.7693464160,0.9210585952,0.2607074976,-0.2892794907,0.3845126927,-0.7264478803,0.5695818067,1,50.4,-150.5,2628.5,1,0.1963665783,0.9074336886,0.3714891970,-0.9772542715,0.1501750946,0.1497382224,0.0800890923,-0.3924430013,0.9162828326,1,400.0,94.6,2716.1,1,-0.0451875515,0.9074336886,0.4177584648,-0.8936614990,0.1501750946,-0.4228671193,-0.4464607835,-0.3924430013,0.8041524887,1,449.0,-149.0,2736.1,1,0.9903216958,-0.0862743929,-0.1087182760,0.0694009215,0.9861835837,-0.1504176408,0.1201933697,0.1414167136,0.9826264977,1,149.3,-288.9,2691.5,1,0.9930071831,0.0011096597,-0.1180489734,-0.0051860218,0.9994005561,-0.0342295431,0.1179402247,0.0346023850,0.9924176335,1,182.8,-671.5,2636.7,1,0.3801332116,-0.2170436829,0.8991055489,0.3415769935,0.9363040924,0.0816079080,-0.8595486879,0.2760918736,0.4300574064,1,324.2,-294.8,2729.7,1,0.4584027827,-0.2516762018,0.8523649573,0.1008612663,0.9676021338,0.2314587682,-0.8830027580,-0.0201307349,0.4689358771,1,408.4,-658.0,2622.6,1,67.2,-401.0,2523.9,1,436.3,-398.5,2611.5,1,182.4,-1044.5,2623.7,1,490.5,-973.6,2629.2,1,
4,0.9763566852,0.0376675092,-0.2128587216,-0.0195731781,0.9960610271,0.0864833370,0.2152778804,-0.0802722648,0.9732480645,1,281.5,289.2,2666.4,1,0.9763566852,0.0376675092,-0.2128587216,-0.0195731781,0.9960610271,0.0864833370,0.2152778804,-0.0802722648,0.9732480645,1,274.0,92.8,2682.2,1,0.9763997197,0.0362888090,-0.2129008174,-0.0184138436,0.9961808920,0.0853493512,0.2151849568,-0.0794147551,0.9733389616,1,267.0,-100.6,2697.6,1,0.3142539561,-0.6462159157,-0.6954490542,0.9460401535,0.2741863132,0.1727132946,0.0790725425,-0.7121986151,0.6975103617,1,140.7,95.3,2652.8,1,-0.0704097822,-0.6449269652,-0.7609938979,0.9184733629,0.2557125688,-0.3016915619,0.3891647160,-0.7201946378,0.5743435621,1,58.2,-152.8,2632.1,1,0.2780826390,0.8158185482,0.5070602298,-0.9498025775,0.1547650695,0.2718875706,0.1433357149,-0.5572143197,0.8179040551,1,407.4,90.2,2711.6,1,-0.1440786719,0.8158185482,0.5600726604,-0.8787497878,0.1547650695,-0.4514937699,-0.4550166726,-0.5572143197,0.6946020126,1,475.4,-142.1,2746.7,1,0.9936465025,-0.0573413335,-0.0968432426,0.0417161100,0.9868307114,-0.1562847495,0.1045294628,0.1512518674,0.9829529524,1,166.7,-288.4,2690.5,1,0.9942173362,0.0232736301,-0.1048342958,-0.0228561740,0.9997253418,0.0051818131,0.1049261019,-0.0027557374,0.9944761992,1,188.9,-671.2,2631.8,1,0.3755632639,-0.1852680445,0.9080902934,0.3097411096,0.9485673308,0.0654250383,-0.8735059500,0.2567016482,0.4136321843,1,341.1,-291.7,2730.9,1,0.4389875233,-0.2642311454,0.8587617874,0.1146407798,0.9644401670,0.2381443083,-0.8911495209,-0.0060932608,0.4536688626,1,413.0,-659.5,2631.4,1,77.4,-402.7,2526.2,1,435.4,-386.3,2620.2,1,180.2,-1044.0,2632.8,1,497.6,-968.3,2633.4,1,
5,0.9772273898,0.0506836064,-0.2060528100,-0.0308258589,0.9946628213,0.0984661430,0.2099436969,-0.0898720548,0.9735741615,1,293.4,286.5,2663.7,1,0.9772273898,0.0506836064,-0.2060528100,-0.0308258589,0.9946628213,0.0984661430,0.2099436969,-0.0898720548,0.9735741615,1,283.5,90.7,2681.4,1,0.9771978855,0.0505447797,-0.2062269002,-0.0314063057,0.9949774742,0.0950445533,0.2099951208,-0.0864005089,0.9738773108,1,273.7,-102.4,2698.1,1,0.2890612781,-0.6510485411,-0.7018399835,0.9532107115,0.2635219097,0.1481402516,0.0885037258,-0.7118229866,0.6967604160,1,150.0,95.0,2652.7,1,-0.0293835644,-0.6515345573,-0.7580497265,0.9212033153,0.2767038941,-0.2735313773,0.3879704475,-0.7063552141,0.5920652151,1,74.5,-153.7,2629.6,1,0.2483483404,0.8418506980,0.4791769087,-0.9575916529,0.1387628764,0.2525135875,0.1460867673,-0.5215671062,0.8406107426,1,416.9,86.4,2710.1,1,-0.1334425211,0.8418506980,0.5229536295,-0.8828634024,0.1387628764,-0.4486614466,-0.4502725005,-0.5215671062,0.7247222662,1,476.3,-142.5,2745.0,1,0.9940586686,-0.0564290173,-0.0930757895,0.0409372672,0.9861597419,-0.1606645435,0.1008537412,0.1558997184,0.9826107025,1,172.5,-292.2,2693.8,1,0.9936382174,0.0499772243,-0.1009227708,-0.0502724051,0.9987354875,-0.0003820027,0.1007760614,0.0054532029,0.9948942065,1,194.4,-674.9,2633.3,1,0.3756505847,-0.1789731085,0.9093158245,0.2960814536,0.9529318810,0.0652424693,-0.8781927228,0.2447231859,0.4109600186,1,347.4,-295.6,2732.3,1,0.4315267801,-0.2784823775,0.8580397367,0.1287190914,0.9604335427,0.2469793409,-0.8928695321,0.0038678925,0.4502988160,1,416.9,-665.3,2637.4,1,82.5,-403.0,2524.6,1,439.2,-388.4,2619.6,1,175.8,-1047.4,2631.2,1,503.1,-962.7,2636.2,1,
6,0.9838088155,0.0786670148,-0.1610334069,-0.0661012605,0.9944409132,0.0819624960,0.1665859669,-0.0699909180,0.9835397005,1,307.8,286.2,2670.3,1,0.9838088155,0.0786670148,-0.1610334069,-0.0661012605,0.9944409132,0.0819624960,0.1665859669,-0.0699909180,0.9835397005,1,292.3,90.4,2684.1,1,0.9839289188,0.0764501691,-0.1613669842,-0.0645610094,0.9948854446,0.0776844993,0.1664806604,-0.0660180077,0.9838321805,1,277.4,-102.6,2697.0,1,0.2917059660,-0.6756815314,-0.6770244837,0.9494748116,0.2902242541,0.1194466352,0.1157810315,-0.6776609421,0.7262027264,1,158.1,99.2,2661.4,1,-0.0143582216,-0.6755884290,-0.7371391058,0.9318784475,0.2582167089,-0.2548071742,0.3624864221,-0.6905826330,0.6258587837,1,82.5,-147.1,2631.4,1,0.2138411999,0.8583617210,0.4663551748,-0.9654917717,0.1130643934,0.2346104085,0.1486524343,-0.5004314780,0.8529189825,1,426.6,81.6,2706.8,1,-0.1400702000,0.8583617210,0.4935539961,-0.8867121339,0.1130643934,-0.4482834637,-0.4405927360,-0.5004314780,0.7452827692,1,477.1,-146.4,2741.9,1,0.9967764020,-0.0573405810,-0.0561152436,0.0471305437,0.9845170379,-0.1688340604,0.0649274588,0.1656450629,0.9840458035,1,176.3,-292.6,2696.1,1,0.9958347082,0.0638755262,-0.0650629103,-0.0639236420,0.9979538918,0.0013440897,0.0650156438,0.0028205672,0.9978802800,1,198.6,-674.8,2631.8,1,0.3496025801,-0.1815405339,0.9191414714,0.2865711451,0.9547486305,0.0795737952,-0.8919949532,0.2355802059,0.3858068585,1,351.4,-298.3,2733.7,1,0.4027145505,-0.2721067071,0.8739444613,0.1220409945,0.9622281790,0.2433576286,-0.9071532488,0.0086533874,0.4207114577,1,421.9,-668.8,2642.3,1,86.3,-398.6,2533.5,1,438.0,-393.7,2619.0,1,174.8,-1047.1,2630.8,1,504.6,-961.5,2639.7,1,
7,0.9822940826,0.0751051232,-0.1716321260,-0.0674406663,0.9964662790,0.0500672758,0.1747859269,-0.0376058035,0.9838880301,1,318.8,291.0,2682.1,1,0.9822940826,0.0751051232,-0.1716321260,-0.0674406663,0.9964662790,0.0500672758,0.1747859269,-0.0376058035,0.9838880301,1,304.0,93.7,2689.6,1,0.9821996093,0.0766528323,-0.1714884490,-0.0686811507,0.9962849617,0.0519537553,0.1748337746,-0.0392509326,0.9838153124,1,289.1,-99.6,2697.3,1,0.3166667819,-0.6659353375,-0.6754645109,0.9398062229,0.3166701794,0.1283910125,0.1283993572,-0.6754629016,0.7261291146,1,169.9,103.0,2665.7,1,-0.0186366774,-0.6659457088,-0.7457674146,0.9287702441,0.2646384239,-0.2595233023,0.3701871336,-0.6974831820,0.6135785580,1,85.9,-146.1,2631.7,1,0.2958725989,0.7492569089,0.5925145745,-0.9428062439,0.1293521374,0.3072203994,0.1535439789,-0.6495245695,0.7446758151,1,438.1,84.3,2713.4,1,-0.2473317534,0.7492569089,0.6143623590,-0.8551310301,0.1293521374,-0.5020148754,-0.4556071758,-0.6495245695,0.6087199450,1,510.4,-146.2,2751.0,1,0.9946674109,-0.0774853081,-0.0680644959,0.0652349591,0.9838467240,-0.1667033732,0.0798820928,0.1613742262,0.9836550355,1,174.5,-289.8,2695.1,1,0.9941561222,0.0731283277,-0.0794095248,-0.0741357580,0.9971998930,-0.0098093068,0.0784698352,0.0156390686,0.9967938066,1,204.6,-671.7,2632.5,1,0.3688393831,-0.1923941821,0.9093635082,0.2579317987,0.9611060619,0.0987237766,-0.8929886222,0.1981405467,0.4041183293,1,350.5,-301.3,2724.8,1,0.4093964398,-0.2642694414,0.8732446432,0.1255503148,0.9643435478,0.2329778820,-0.9036767483,0.0142558254,0.4279779196,1,425.1,-674.1,2648.0,1,91.0,-396.3,2532.0,1,441.8,-383.3,2624.7,1,177.3,-1043.8,2626.6,1,504.5,-963.7,2643.7,1,
8,0.9835848212,0.0855721012,-0.1588657349,-0.0807446539,0.9960622787,0.0366090424,0.1613728851,-0.0231805407,0.9866212606,1,336.9,289.4,2688.6,1,0.9835848212,0.0855721012,-0.1588657349,-0.0807446539,0.9960622787,0.0366090424,0.1613728851,-0.0231805407,0.9866212606,1,319.9,91.8,2693.2,1,0.9839201570,0.0811275914,-0.1591209620,-0.0767366365,0.9964864850,0.0335582793,0.1612843871,-0.0208082609,0.9866885543,1,304.1,-101.5,2697.2,1,0.3373937309,-0.6665776968,-0.6647101641,0.9289718270,0.3499571979,0.1205872968,0.1522393078,-0.6581824422,0.7373052835,1,185.5,102.3,2671.2,1,-0.0151647246,-0.6691128612,-0.7430060506,0.9389132857,0.2459894717,-0.2406885773,0.3438194990,-0.7012682557,0.6245085597,1,96.5,-143.0,2631.0,1,0.2534809709,0.7783682346,0.5743607879,-0.9585313201,0.1221579909,0.2574785054,0.1302503198,-0.6158087254,0.7770550251,1,454.3,81.3,2715.2,1,-0.1990890205,0.7783682346,0.5954044461,-0.8822309375,0.1221579909,-0.4546932578,-0.4266521931,-0.6158087254,0.6623802185,1,513.5,-142.5,2745.6,1,0.9966664910,-0.0559556894,-0.0593707561,0.0468156710,0.9882496595,-0.1455022693,0.0668148100,0.1422377527,0.9875749350,1,186.3,-286.7,2689.3,1,0.9955039620,0.0677051544,-0.0662412792,-0.0687551126,0.9975395203,-0.0136986887,0.0651508197,0.0181915257,0.9977095723,1,208.0,-670.2,2634.1,1,0.3680477440,-0.1652499288,0.9150045514,0.2243878692,0.9707800150,0.0850661099,-0.9023252726,0.1740075350,0.3943734765,1,362.1,-299.0,2720.6,1,0.3928489685,-0.2668863237,0.8800235391,0.1408372968,0.9631319046,0.2292199433,-0.9087544084,0.0338913202,0.4159529209,1,426.2,-675.5,2653.1,1,100.6,-395.5,2538.5,1,458.2,-387.5,2627.1,1,182.7,-1042.5,2627.3,1,505.6,-962.1,2643.0,1,
9,0.9864580035,0.0894142464,-0.1374978274,-0.0863346308,0.9958666563,0.0282126628,0.1394521147,-0.0159597844,0.9901002049,1,352.5,288.5,2691.3,1,0.9864580035,0.0894142464,-0.1374978274,-0.0863346308,0.9958666563,0.0282126628,0.1394521147,-0.0159597844,0.9901002049,1,334.8,92.0,2694.4,1,0.9866502881,0.0870634094,-0.1376270950,-0.0841647983,0.9960926175,0.0267534684,0.1394185871,-0.0148129603,0.9901227355,1,317.9,-101.3,2697.3,1,0.3296017349,-0.6818806529,-0.6529942155,0.9310222268,0.3495566249,0.1049176902,0.1567171216,-0.6425331831,0.7500605583,1,200.1,103.5,2675.4,1,0.0071242270,-0.6868639588,-0.7267510891,0.9427163005,0.2470111847,-0.2242128700,0.3335193992,-0.6835227609,0.6492776275,1,112.7,-143.4,2633.8,1,0.1910746396,0.8355865479,0.5150588155,-0.9743832350,0.0980595574,0.2023898512,0.1186077967,-0.5405362248,0.8329182267,1,469.6,80.5,2713.4,1,-0.1618624032,0.8355865479,0.5249720812,-0.8963162899,0.0980595574,-0.4324366450,-0.4128167629,-0.5405362248,0.7330777049,1,514.7,-149.5,2741.4,1,0.9981199503,-0.0465310961,-0.0398921855,0.0407717079,0.9900488853,-0.1346881241,0.0457624011,0.1328084320,0.9900847077,1,200.2,-288.0,2686.9,1,0.9928299189,0.1106736511,-0.0451671779,-0.1114656776,0.9936488867,-0.0154029066,0.0431756191,0.0203270558,0.9988607168,1,218.3,-672.2,2635.3,1,0.3552241623,-0.1355829537,0.9248962402,0.1940243989,0.9785718322,0.0689325929,-0.9144234657,0.1549659073,0.3739187717,1,376.5,-301.7,2715.7,1,0.3703241348,-0.2642764747,0.8905155659,0.1412288845,0.9635484219,0.2272197604,-0.9181036949,0.0416215621,0.3941487074,1,429.0,-681.2,2655.6,1,110.8,-396.8,2544.2,1,469.7,-398.9,2626.6,1,177.0,-1042.8,2627.7,1,505.9,-961.6,2643.5,1,
10,0.9834439754,0.0811164454,-0.1620433778,-0.0781162158,0.9966354370,0.0248118974,0.1635108143,-0.0117428955,0.9864716530,1,371.3,292.4,2693.1,1,0.9834439754,0.0811164454,-0.1620433778,-0.0781162158,0.9966354370,0.0248118974,0.1635108143,-0.0117428955,0.9864716530,1,355.3,95.7,2695.4,1,0.9837051630,0.0773923993,-0.1622792631,-0.0748312399,0.9969568849,0.0218451079,0.1634760648,-0.0093455873,0.9865030050,1,340.3,-97.7,2697.3,1,0.3452365696,-0.6655383706,-0.6617177129,0.9261664152,0.3556016386,0.1255519688,0.1517482549,-0.6562058330,0.7391659617,1,221.0,106.0,2673.1,1,0.0170123838,-0.6722943783,-0.7400884032,0.9485588670,0.2448939681,-0.2006565481,0.3161434531,-0.6986037493,0.6418769956,1,126.6,-147.5,2631.6,1,0.1566230059,0.8477156758,0.5068011284,-0.9841856360,0.0909648314,0.1520000547,0.0827517435,-0.5225930810,0.8485567570,1,489.7,85.5,2717.8,1,-0.1505827457,0.8477156758,0.5086285472,-0.9033892155,0.0909648314,-0.4190624654,-0.4015131295,-0.5225930810,0.7521194220,1,528.7,-159.9,2738.4,1,0.9974039197,-0.0346185416,-0.0631427765,0.0258528516,0.9905484915,-0.1347043961,0.0672092587,0.1327222735,0.9888719320,1,212.6,-287.1,2687.7,1,0.9914317727,0.1121386513,-0.0669922084,-0.1129983813,0.9935528040,-0.0091728680,0.0655316636,0.0166642852,0.9977113605,1,226.1,-671.5,2636.2,1,0.3808208108,-0.1210479438,0.9166913033,0.1637519002,0.9845525026,0.0619815178,-0.9100334048,0.1265060902,0.3947599232,1,389.3,-302.1,2712.7,1,0.3803725243,-0.2544783056,0.8891330361,0.1654536724,0.9646123648,0.2052998841,-0.9099130630,0.0690198913,0.4090164304,1,436.3,-683.9,2663.6,1,122.0,-398.8,2547.8,1,486.8,-411.7,2626.5,1,184.2,-1042.2,2630.0,1,508.9,-959.2,2643.9,1,
11,0.9784568548,0.0834897235,-0.1888165176,-0.0798041597,0.9964433908,0.0270519909,0.1904035360,-0.0114008626,0.9816396832,1,389.2,287.7,2694.5,1,0.9784568548,0.0834897235,-0.1888165176,-0.0798041597,0.9964433908,0.0270519909,0.1904035360,-0.0114008626,0.9816396832,1,372.8,91.7,2696.8,1,0.9787288308,0.0797414631,-0.1890269071,-0.0764828771,0.9967702627,0.0244828779,0.1903686970,-0.0095047764,0.9816666245,1,357.3,-101.8,2698.6,1,0.3518419564,-0.6503256559,-0.6732635498,0.9262572527,0.3456982374,0.1501339525,0.1351100504,-0.6764386892,0.7240000367,1,239.1,102.1,2670.8,1,0.0278488975,-0.6587454081,-0.7518503070,0.9591112733,0.2295362502,-0.1655858308,0.2816558182,-0.7164967656,0.6382024884,1,145.4,-144.7,2634.8,1,0.2026112974,0.7912142277,0.5769997239,-0.9737380743,0.1003006324,0.2043866664,0.1038401946,-0.6032576561,0.7907574773,1,506.4,81.2,2722.8,1,-0.1999737769,0.7912142277,0.5779191256,-0.8897918463,0.1003006324,-0.4452081621,-0.4102206826,-0.6032576561,0.6839584708,1,555.5,-155.0,2748.0,1,0.9958795309,0.0038018404,-0.0906065553,-0.0142541137,0.9932640195,-0.1149933189,0.0895590410,0.1158110127,0.9892254472,1,237.2,-284.5,2684.5,1,0.9861961603,0.1390969902,-0.0898283944,-0.1413792968,0.9897627831,-0.0195339173,0.0861916915,0.0319641493,0.9957656860,1,235.7,-669.8,2639.6,1,0.4076591730,-0.0673540607,0.9106467366,0.1414910406,0.9898902774,0.0098754102,-0.9021054506,0.1248225495,0.4130678475,1,413.4,-297.9,2713.8,1,0.4018894732,-0.2493048161,0.8810970187,0.1643321365,0.9662384391,0.1984395981,-0.9008217454,0.0650417805,0.4292898178,1,439.5,-681.5,2665.4,1,138.0,-396.8,2560.8,1,499.8,-402.9,2633.7,1,183.9,-1039.0,2627.7,1,511.6,-961.2,2646.6,1,
12,0.9743443727,0.1093818322,-0.1966943890,-0.1100229174,0.9938992262,0.0076988176,0.1963365227,0.0141395917,0.9804345965,1,412.0,288.5,2704.3,1,0.9743443727,0.1093818322,-0.1966943890,-0.1100229174,0.9938992262,0.0076988176,0.1963365227,0.0141395917,0.9804345965,1,390.5,93.2,2701.5,1,0.9745811224,0.1066715792,-0.1970097274,-0.1078443900,0.9941562414,0.0047972626,0.1963701695,0.0165710729,0.9803897738,1,369.8,-99.7,2698.3,1,0.3617377281,-0.6418747306,-0.6761232615,0.9201384187,0.3624774814,0.1481736302,0.1499705613,-0.6757269502,0.7217352986,1,257.5,107.9,2674.7,1,0.0244070794,-0.6519865394,-0.7578375936,0.9594415426,0.2282416821,-0.1654620171,0.2808491588,-0.7230624557,0.6311136484,1,155.3,-152.0,2632.3,1,0.3242345750,0.6301670074,0.7055221796,-0.9405203462,0.1347556412,0.3118692040,0.1014565900,-0.7646767497,0.6363772750,1,523.6,78.4,2728.2,1,-0.3064266443,0.6301670074,0.7134369612,-0.8617288470,0.1347556412,-0.4891465604,-0.4043836594,-0.7646767497,0.5017403364,1,601.8,-148.5,2752.7,1,0.9944661260,0.0256692022,-0.1018737778,-0.0375534520,0.9924790859,-0.1165117249,0.0981168300,0.1196926758,0.9879508018,1,254.2,-288.4,2683.5,1,0.9831369519,0.1543080509,-0.0981364176,-0.1549271941,0.9879249930,0.0013259238,0.0971560180,0.0139004355,0.9951720834,1,244.2,-673.5,2637.0,1,0.4203898013,-0.0530036725,0.9057941437,0.1308165044,0.9914029241,-0.0027003132,-0.8978638053,0.1196280122,0.4237094223,1,429.4,-302.1,2717.5,1,0.4113234580,-0.2252768129,0.8832119703,0.1715889573,0.9707897305,0.1677036434,-0.8951928616,0.0825689733,0.4379636049,1,450.0,-686.6,2671.2,1,149.0,-400.9,2559.5,1,516.9,-387.4,2640.6,1,186.6,-1042.0,2631.8,1,513.3,-959.6,2647.9,1,
13,0.9694347978,0.1131882295,-0.2176800370,-0.1161737889,0.9932284951,-0.0009240430,0.2161014080,0.0261845142,0.9760197401,1,433.1,292.7,2709.1,1,0.9694347978,0.1131882295,-0.2176800370,-0.1161737889,0.9932284951,-0.0009240430,0.2161014080,0.0261845142,0.9760197401,1,410.8,97.0,2704.0,1,0.9695252180,0.1119645014,-0.2179101259,-0.1153760999,0.9933174849,-0.0029541450,0.2161231786,0.0280057378,0.9759643674,1,389.1,-95.8,2698.5,1,0.3808283508,-0.6310448050,-0.6758344769,0.9158549309,0.3579813838,0.1818214804,0.1271986812,-0.6882091165,0.7142749429,1,278.4,112.7,2674.5,1,0.0429857820,-0.6420521736,-0.7654548883,0.9613182545,0.2352198064,-0.1433139741,0.2720651925,-0.7296853065,0.6273276210,1,174.4,-137.4,2639.7,1,0.2233367413,0.7340086699,0.6413672566,-0.9725634456,0.1238428354,0.1969346404,0.0651229918,-0.6677531004,0.7415286899,1,543.2,81.2,2733.4,1,-0.2292718887,0.7340086699,0.6392696500,-0.8803242445,0.1238428354,-0.4579215348,-0.4152873456,-0.6677531004,0.6177719831,1,597.2,-154.0,2749.2,1,0.9922084808,0.0183290988,-0.1232330725,-0.0316773616,0.9937276244,-0.1072473004,0.1204943582,0.1103153750,0.9865655899,1,261.9,-282.9,2677.5,1,0.9763733745,0.1797311604,-0.1199654788,-0.1788569540,0.9837085009,0.0181044079,0.1212649867,0.0037799974,0.9926129580,1,254.8,-668.5,2634.7,1,0.4412033558,-0.0572314858,0.8955803514,0.1187215820,0.9929151535,0.0049639880,-0.8895193934,0.1041345894,0.4448721111,1,436.4,-302.2,2712.6,1,0.4337899983,-0.1990765035,0.8787461519,0.1568358243,0.9770803452,0.1439322829,-0.8872591257,0.0753824934,0.4550700188,1,458.6,-687.4,2672.2,1,163.4,-385.0,2569.7,1,533.6,-398.1,2634.0,1,187.8,-1035.5,2633.3,1,514.6,-961.9,2651.0,1,
14,0.9735310674,0.1227446944,-0.1927977204,-0.1216898337,0.9924165010,0.0173499621,0.1934652627,0.0065707946,0.9810851216,1,451.4,290.8,2702.0,1,0.9735310674,0.1227446944,-0.1927977204,-0.1216898337,0.9924165010,0.0173499621,0.1934652627,0.0065707946,0.9810851216,1,427.2,95.2,2700.7,1,0.9736552835,0.1207405999,-0.1934349388,-0.1206772327,0.9926173687,0.0121549787,0.1934744865,0.0115084331,0.9810377955,1,403.8,-97.4,2698.5,1,0.3732951283,-0.6529000401,-0.6590692401,0.9226669073,0.3352807164,0.1904538274,0.0966258794,-0.6791968346,0.7275679111,1,294.2,111.7,2674.3,1,0.0564764515,-0.6607260704,-0.7484994531,0.9569226503,0.2496749312,-0.1481940299,0.2847972214,-0.7078866363,0.6463645101,1,192.6,-139.4,2648.0,1,0.1597577035,0.8061471581,0.5697404742,-0.9851700664,0.0936076567,0.1437969655,0.0625894591,-0.5842639208,0.8091465831,1,560.1,78.7,2727.2,1,-0.1809309423,0.8061471581,0.5633744001,-0.9011194706,0.0936076567,-0.4233453572,-0.3940148354,-0.5842639208,0.7094984055,1,598.9,-160.4,2742.3,1,0.9945884943,0.0283120815,-0.0999606401,-0.0396131240,0.9928110838,-0.1129465476,0.0960442796,0.1162950844,0.9885600209,1,280.6,-278.2,2673.7,1,0.9688073993,0.2291265726,-0.0944099575,-0.2261498868,0.9732186198,0.0412517376,0.1013334021,-0.0186141860,0.9946783781,1,269.6,-663.5,2628.6,1,0.4192346334,-0.0450505875,0.9067595005,0.1142757311,0.9934430122,-0.0034773902,-0.9006571770,0.1050784513,0.4216338992,1,454.2,-298.9,2712.4,1,0.4228594601,-0.1307983100,0.8967059851,0.0879801512,0.9907794595,0.1030315906,-0.9019142985,0.0353244469,0.4304681420,1,471.7,-684.4,2671.6,1,178.1,-385.1,2574.9,1,548.6,-410.8,2632.9,1,184.3,-1026.1,2635.5,1,514.4,-1007.7,2660.1,1,
15,0.9751887321,0.1348807216,-0.1755395234,-0.1320289075,0.9908537269,0.0278795809,0.1776944101,-0.0040115630,0.9840775132,1,471.5,283.7,2699.5,1,0.9751887321,0.1348807216,-0.1755395234,-0.1320289075,0.9908537269,0.0278795809,0.1776944101,-0.0040115630,0.9840775132,1,444.9,88.4,2700.3,1,0.9761657715,0.1259966642,-0.1767066121,-0.1246026233,0.9920246005,0.0190087538,0.1776923537,0.0034624133,0.9840800166,1,420.5,-104.1,2699.6,1,0.3640031517,-0.6689315438,-0.6480990052,0.9281142354,0.3188825846,0.1921402216,0.0781388357,-0.6714496017,0.7369191051,1,311.6,105.4,2676.0,1,0.0619307868,-0.6746163368,-0.7355660200,0.9545415640,0.2553309798,-0.1538066566,0.2915732861,-0.6926029921,0.6597622037,1,215.5,-139.6,2655.4,1,0.2004110366,0.7752907276,0.5989655256,-0.9745233059,0.0949170515,0.2032118887,0.1006962508,-0.6244317889,0.7745612860,1,578.2,71.4,2724.6,1,-0.2241676003,0.7752907276,0.5904855132,-0.8829289675,0.0949170515,-0.4598120749,-0.4125351906,-0.6244317889,0.6632493138,1,626.2,-161.9,2748.7,1,0.9955112338,0.0389384851,-0.0862621665,-0.0534671694,0.9834495783,-0.1731133610,0.0780937225,0.1769484878,0.9811170101,1,293.2,-279.2,2679.0,1,0.9687783718,0.2371245623,-0.0723903850,-0.2293704897,0.9680460095,0.1013713703,0.0941148624,-0.0816021785,0.9922114015,1,278.2,-660.2,2610.4,1,0.4042428732,-0.0387627222,0.9138299227,0.1128692552,0.9935793877,-0.0077834525,-0.9076608419,0.1062897071,0.4060224891,1,467.6,-300.9,2713.6,1,0.4100033045,-0.0992330462,0.9066697955,0.0608458221,0.9948252439,0.0813665017,-0.9100522399,0.0218065362,0.4139195383,1,482.6,-686.5,2672.4,1,199.6,-384.2,2580.7,1,563.8,-407.6,2633.9,1,189.9,-1020.5,2640.8,1,517.3,-1034.4,2664.7,1,
16,0.9684771895,0.1355413795,-0.2089986801,-0.1353312284,0.9906811118,0.0153736398,0.2091348171,0.0133950310,0.9777950644,1,487.1,281.9,2707.7,1,0.9684771895,0.1355413795,-0.2089986801,-0.1353312284,0.9906811118,0.0153736398,0.2091348171,0.0133950310,0.9777950644,1,460.5,87.3,2705.1,1,0.9693446755,0.1279230267,-0.2097773850,-0.1288041472,0.9916244149,0.0095147621,0.2092375308,0.0177971106,0.9777028561,1,435.7,-105.1,2701.7,1,0.3668415546,-0.6495807171,-0.6659370661,0.9269025922,0.3161938190,0.2021707445,0.0792389736,-0.6914234161,0.7180910707,1,328.2,104.9,2676.5,1,0.0381750129,-0.6543846726,-0.7551975846,0.9559020400,0.2441443503,-0.1632324457,0.2911940515,-0.7156634927,0.6348478198,1,228.1,-147.9,2654.9,1,0.2589794099,0.7531642914,0.6047092080,-0.9573857784,0.1173058599,0.2639163136,0.1278364062,-0.6472889185,0.7514485717,1,592.8,69.7,2733.7,1,-0.2598791718,0.7531642914,0.6043230891,-0.8508760333,0.1173058599,-0.5121027827,-0.4565881789,-0.6472889185,0.6103640795,1,656.1,-164.0,2764.9,1,0.9906986356,0.0605726726,-0.1218487769,-0.0871998891,0.9700381160,-0.2267648131,0.1044622064,0.2352807969,0.9662973881,1,308.6,-285.5,2683.1,1,0.9694867730,0.2285076827,-0.0887674987,-0.2115926147,0.9628643394,0.1676926911,0.1237901226,-0.1437932998,0.9818347692,1,285.2,-660.9,2592.0,1,0.4358151257,-0.0138598969,0.8999294639,0.0868375227,0.9958642125,-0.0267160162,-0.8958372474,0.0897908881,0.4352162480,1,483.5,-307.8,2714.9,1,0.4341902435,-0.0963163078,0.8956573009,0.1042957157,0.9929560423,0.0562198013,-0.8947632313,0.0690031350,0.4411772192,1,488.8,-694.3,2680.1,1,218.3,-392.6,2580.4,1,583.8,-400.6,2637.9,1,200.2,-1019.2,2645.5,1,518.8,-1002.6,2658.6,1,
17,0.9651520252,0.1494769305,-0.2147980481,-0.1445292830,0.9887453914,0.0386497304,0.2181578279,-0.0062582553,0.9758934379,1,503.6,276.6,2700.9,1,0.9651520252,0.1494769305,-0.2147980481,-0.1445292830,0.9887453914,0.0386497304,0.2181578279,-0.0062582553,0.9758934379,1,474.2,82.2,2702.1,1,0.9656563401,0.1442051679,-0.2161312103,-0.1411321759,0.9895460606,0.0296693165,0.2181502581,0.0018527064,0.9759134054,1,446.2,-109.8,2701.7,1,0.3762268722,-0.6416408420,-0.6683938503,0.9242893457,0.3100290000,0.2226459980,0.0643627197,-0.7015547156,0.7097030282,1,342.3,101.5,2672.3,1,0.0122240577,-0.6447289586,-0.7643135190,0.9551380873,0.2337294072,-0.1818840653,0.2959084809,-0.7278016210,0.6186622977,1,242.4,-144.0,2655.2,1,0.2193445265,0.7944111824,0.5663911104,-0.9697225094,0.1136330962,0.2161614448,0.1073602885,-0.5966560245,0.7952831984,1,606.1,62.9,2731.9,1,-0.2047464699,0.7944111824,0.5718302131,-0.8747456074,0.1136330962,-0.4710707366,-0.4392026961,-0.5966560245,0.6716417074,1,659.4,-172.7,2758.0,1,0.9878816605,0.0758280382,-0.1354249269,-0.1082920134,0.9618015289,-0.2514173388,0.1111874133,0.2630360126,0.9583576918,1,324.2,-286.0,2679.5,1,0.9687524438,0.2320469171,-0.0875952542,-0.2107777148,0.9563546777,0.2023821473,0.1307342798,-0.1775950789,0.9753812551,1,294.8,-658.7,2577.6,1,0.4430347085,-0.0122786341,0.8964203596,0.0926918462,0.9951747060,-0.0321794562,-0.8916997313,0.0973474756,0.4420350790,1,497.8,-309.2,2716.9,1,0.4442582428,-0.0433420055,0.8948497772,0.0677528977,0.9975941181,0.0146817341,-0.8933331966,0.0541061871,0.4461259246,1,502.5,-695.4,2679.1,1,239.3,-388.3,2579.5,1,602.4,-416.0,2635.8,1,208.4,-1014.9,2643.7,1,517.3,-1036.1,2660.7,1,
18,0.9710260630,0.1488026530,-0.1869924664,-0.1433070898,0.9887589216,0.0426489115,0.1912367344,-0.0146158589,0.9814351201,1,520.8,277.1,2696.9,1,0.9710260630,0.1488026530,-0.1869924664,-0.1433070898,0.9887589216,0.0426489115,0.1912367344,-0.0146158589,0.9814351201,1,491.5,82.2,2699.8,1,0.9716854692,0.1423600912,-0.1885760725,-0.1388260275,0.9898032546,0.0318876207,0.1911927462,-0.0048054690,0.9815407395,1,463.9,-109.9,2700.7,1,0.3701135516,-0.6555925012,-0.6581902504,0.9254130125,0.3222713768,0.1993788183,0.0814046189,-0.6828905940,0.7259708643,1,358.8,101.2,2673.7,1,-0.0071979295,-0.6577758789,-0.7531793118,0.9480398297,0.2350874245,-0.2143696398,0.3180701733,-0.7155870199,0.6219056249,1,258.8,-148.7,2651.7,1,0.1586280167,0.8685543537,0.4695214927,-0.9801829457,0.0813843608,0.1806045771,0.1186531857,-0.4888659120,0.8642520308,1,624.1,63.3,2725.9,1,-0.1530682296,0.8685543537,0.4713633358,-0.8941437006,0.0813843608,-0.4403221607,-0.4208053648,-0.4888659120,0.7641550899,1,663.7,-181.2,2755.5,1,0.9917212129,0.0652677715,-0.1105856076,-0.0945117921,0.9539996982,-0.2845208943,0.0869285911,0.2926170528,0.9522702694,1,331.8,-289.2,2681.8,1,0.9723434448,0.2235267311,-0.0677052736,-0.2073355764,0.9595705271,0.1903585047,0.1075181961,-0.1710561365,0.9793771505,1,306.5,-659.0,2568.4,1,0.4174273014,-0.0107044512,0.9086472988,0.1009459421,0.9942879677,-0.0346606262,-0.9030860066,0.1061925441,0.4161235094,1,504.7,-314.5,2720.9,1,0.4187234044,-0.0241956189,0.9077914357,0.0612366386,0.9981219172,-0.0016424863,-0.9060468078,0.0562778413,0.4194186628,1,508.9,-700.4,2679.7,1,260.7,-391.2,2570.4,1,621.1,-430.0,2638.4,1,223.1,-1016.8,2632.1,1,517.5,-1057.1,2659.6,1,
19,0.9651845694,0.1622660607,-0.2051548809,-0.1491618156,0.9857388139,0.0779083222,0.2148710191,-0.0445946343,0.9756237864,1,534.3,275.8,2686.9,1,0.9651845694,0.1622660607,-0.2051548809,-0.1491618156,0.9857388139,0.0779083222,0.2148710191,-0.0445946343,0.9756237864,1,502.2,81.0,2695.8,1,0.9661997557,0.1522381753,-0.2080422640,-0.1427908391,0.9879453778,0.0597884506,0.2146364897,-0.0280610546,0.9762908220,1,472.7,-110.7,2701.2,1,0.3567550480,-0.5487778783,-0.7560216188,0.9319398403,0.2652968764,0.2471955568,0.0649147332,-0.7927549481,0.6060739756,1,370.3,100.4,2666.4,1,-0.0737101287,-0.5487778783,-0.8327122331,0.9292580485,0.2652968764,-0.2570933700,0.3620031178,-0.7927549481,0.4904011786,1,273.4,-152.7,2648.8,1,0.1386646330,0.8906450868,0.4330398440,-0.9848688841,0.0781201869,0.1546950340,0.1039492190,-0.4479381740,0.8880010843,1,634.2,61.5,2725.1,1,-0.1135965586,0.8906450868,0.4402808249,-0.9156642556,0.0781201869,-0.3942794204,-0.3855578303,-0.4479381740,0.8066576123,1,668.7,-184.0,2751.0,1,0.9662712216,0.0743404254,-0.2465633005,-0.1522719264,0.9370594621,-0.3142178059,0.2076853812,0.3411642909,0.9167735577,1,349.2,-289.5,2684.5,1,0.9662712216,0.1945729256,-0.1687048674,-0.1522719264,0.9599857330,0.2350332737,0.2076853812,-0.2014168650,0.9572345614,1,320.4,-652.6,2552.3,1,0.4364797473,0.0269347709,0.8993108273,0.0655952618,0.9959390759,-0.0616654344,-0.8973197341,0.0859062448,0.4329404235,1,523.2,-314.4,2718.8,1,0.4360135496,-0.0232998785,0.8996384144,0.0921674669,0.9955644011,-0.0188850705,-0.8952080011,0.0911515430,0.4362270832,1,512.8,-700.7,2685.4,1,292.2,-389.6,2556.5,1,637.1,-438.8,2643.7,1,247.9,-1010.4,2627.4,1,520.3,-1020.1,2656.2,1,
20,0.9704853892,0.1549508423,-0.1847928613,-0.1421905607,0.9865610003,0.0804933682,0.1947819442,-0.0518418364,0.9794755578,1,546.0,274.3,2682.0,1,0.9704853892,0.1549508423,-0.1847928613,-0.1421905607,0.9865610003,0.0804933682,0.1947819442,-0.0518418364,0.9794755578,1,515.4,79.3,2692.2,1,0.9716140032,0.1442354769,-0.1875164062,-0.1347385198,0.9889074564,0.0625103191,0.1944525838,-0.0354702212,0.9802703857,1,487.4,-112.6,2699.1,1,0.3428815305,-0.4870159924,-0.8032731414,0.9352965355,0.2566248178,0.2436475158,0.0874795839,-0.8348407745,0.5434962511,1,382.7,97.7,2665.6,1,-0.1599125713,-0.4870159924,-0.8586288095,0.9135006666,0.2566248178,-0.3156901300,0.3740915954,-0.8348407745,0.4038518965,1,290.3,-154.2,2642.1,1,0.1555068344,0.9177886248,0.3653514683,-0.9629800916,0.0584016591,0.2631701827,0.2201974541,-0.3927509487,0.8928940296,1,648.0,60.9,2718.8,1,-0.1383283287,0.9177886248,0.3721953034,-0.8801346421,0.0584016591,-0.4711180627,-0.4541236162,-0.3927509487,0.7996989489,1,686.9,-179.9,2773.8,1,0.9709543586,0.0470673032,-0.2345896959,-0.1371972263,0.9127824306,-0.3847144246,0.1960218847,0.4057251811,0.8927275538,1,356.6,-289.7,2687.4,1,0.9709543586,0.1844043136,-0.1524555832,-0.1371972263,0.9511226416,0.2766633928,0.1960218847,-0.2477110326,0.9487964511,1,338.4,-642.7,2530.4,1,0.4172749519,0.0324479640,0.9082008600,0.0879080892,0.9932346344,-0.0758756027,-0.9045185447,0.1114991903,0.4115994871,1,529.6,-315.2,2725.8,1,0.4174998701,-0.0054032076,0.9086608887,0.0656374022,0.9975494146,-0.0242264625,-0.9063032269,0.0697566867,0.4168314040,1,517.0,-700.5,2682.6,1,331.0,-386.6,2546.9,1,648.5,-424.5,2647.7,1,269.7,-997.1,2622.7,1,518.9,-1046.6,2658.4,1,
21,0.9698732495,0.1578921527,-0.1855152100,-0.1433296800,0.9856168628,0.0895319730,0.1969833225,-0.0602448285,0.9785541296,1,560.7,276.1,2678.5,1,0.9698732495,0.1578921527,-0.1855152100,-0.1433296800,0.9856168628,0.0895319730,0.1969833225,-0.0602448285,0.9785541296,1,529.5,80.8,2690.4,1,0.9712948203,0.1446225345,-0.1888669282,-0.1340524405,0.9886618853,0.0676579922,0.1965104043,-0.0403977819,0.9796691537,1,501.4,-111.1,2698.2,1,0.3421951532,-0.4165040255,-0.8422748446,0.9330404401,0.2565846443,0.2521901131,0.1110765785,-0.8721747398,0.4764171243,1,396.8,99.1,2663.6,1,-0.2367516756,-0.4165040255,-0.8777659535,0.8956347108,0.2565846443,-0.3633218706,0.3765462637,-0.8721747398,0.3122886121,1,302.7,-157.4,2633.0,1,0.1714734286,0.9467837214,0.2723920345,-0.9133403301,0.0491203442,0.4042234719,0.3693322241,-0.3181002140,0.8731586337,1,662.1,62.5,2717.2,1,-0.1349654794,0.9467837214,0.2922069132,-0.8366203308,0.0491203442,-0.5455764532,-0.5308961868,-0.3181002140,0.7854689360,1,704.7,-164.1,2808.9,1,0.9717468619,0.0354958810,-0.2333411127,-0.1336567998,0.8975950480,-0.4200701714,0.1945350617,0.4393894970,0.8769794703,1,372.4,-292.5,2688.5,1,0.9717468619,0.1815776974,-0.1507898271,-0.1336567998,0.9499047399,0.2825186849,0.1945350617,-0.2543825507,0.9473360777,1,358.6,-640.0,2518.4,1,0.4181471169,0.0753379986,0.9052497745,0.0752936825,0.9902510047,-0.1171912551,-0.9052534699,0.1171627715,0.4083981216,1,546.4,-316.6,2723.3,1,0.4183052182,-0.0109814703,0.9082401395,0.0635604933,0.9978296161,-0.0172091611,-0.9060798883,0.0649268702,0.4180953205,1,517.2,-700.5,2677.9,1,362.9,-385.2,2537.2,1,667.2,-396.2,2661.6,1,290.9,-994.3,2613.2,1,520.6,-1015.0,2657.4,1,
22,0.9645302296,0.1678550988,-0.2037304640,-0.1585050076,0.9854412675,0.0614952967,0.2110867053,-0.0270217732,0.9770937562,1,572.1,277.2,2687.7,1,0.9645302296,0.1678550988,-0.2037304640,-0.1585050076,0.9854412675,0.0614952967,0.2110867053,-0.0270217732,0.9770937562,1,538.9,82.1,2693.1,1,0.9662085176,0.1551092416,-0.2058693469,-0.1482511163,0.9877633452,0.0484274179,0.2108617276,-0.0162706263,0.9773804545,1,508.8,-109.6,2696.2,1,0.3393086195,-0.3836455047,-0.8588863611,0.9322172403,0.2593037486,0.2524532080,0.1258599162,-0.8863282204,0.4456249475,1,406.9,102.4,2664.3,1,-0.2918496430,-0.3836455047,-0.8761506081,0.8765354753,0.2593037486,-0.4055207968,0.3827653825,-0.8863282204,0.2606011927,1,313.5,-154.2,2629.6,1,0.1359592825,0.9825474620,0.1269470453,-0.9295606017,0.0821933448,0.3593902290,0.3426837623,-0.1668674052,0.9245123863,1,670.8,61.8,2721.8,1,-0.0104192393,0.9825474620,0.1857199967,-0.8713512421,0.0821933448,-0.4837264717,-0.4905491769,-0.1668674052,0.8552875519,1,701.7,-149.6,2799.8,1,0.9795272350,0.0142189311,-0.2008090019,-0.1035137549,0.8911054134,-0.4418326616,0.1726595908,0.4535736144,0.8743338585,1,386.3,-291.0,2688.4,1,0.9795272350,0.1486858726,-0.1357163936,-0.1035137549,0.9502113461,0.2939104438,0.1726595908,-0.2738447785,0.9461488724,1,380.8,-636.4,2512.6,1,0.4344311059,0.1118159220,0.8937375546,0.0830415785,0.9830659032,-0.1633569747,-0.8968688250,0.1451847255,0.4177890420,1,560.3,-315.0,2723.7,1,0.4363101423,-0.0096193440,0.8997449279,0.0097669829,0.9999345541,0.0059542223,-0.8997433186,0.0061899056,0.4363755286,1,517.0,-696.0,2667.4,1,387.8,-377.5,2532.2,1,698.9,-389.9,2664.5,1,325.4,-990.7,2614.7,1,520.3,-1039.7,2665.3,1,
23,0.9570735097,0.1770681143,-0.2294714302,-0.1695002764,0.9841337800,0.0524443537,0.2351168096,-0.0112976320,0.9719014764,1,584.7,274.0,2692.8,1,0.9570735097,0.1770681143,-0.2294714302,-0.1695002764,0.9841337800,0.0524443537,0.2351168096,-0.0112976320,0.9719014764,1,549.7,79.6,2695.1,1,0.9584531784,0.1672620475,-0.2310648263,-0.1616069525,0.9859035611,0.0433279350,0.2350547612,-0.0041861143,0.9719731212,1,517.3,-111.7,2695.8,1,0.3287068009,-0.3412174881,-0.8806375265,0.9308252335,0.2747604847,0.2409794033,0.1597380191,-0.8989312053,0.4079294801,1,418.8,101.7,2663.0,1,-0.2960337400,-0.3412174881,-0.8921517134,0.8762501478,0.2747604847,-0.3958438039,0.3801968694,-0.8989312053,0.2176534981,1,328.6,-153.7,2619.2,1,0.1022069082,0.9944043159,-0.0267177355,-0.9431689382,0.1054083928,0.3151530921,0.3162058890,-0.0070114876,0.9486646652,1,680.6,57.5,2727.2,1,0.0870263800,0.9944043159,0.0598873869,-0.8550001979,0.1054083928,-0.5078028440,-0.5112739801,-0.0070114876,0.8593891859,1,703.2,-151.0,2797.1,1,0.9704112411,-0.0557660013,-0.2349301577,-0.0741118416,0.8572093844,-0.5096071959,0.2298030853,0.5119397044,0.8277127147,1,392.2,-287.9,2680.5,1,0.9704112411,0.1458380669,-0.1924403459,-0.0741118416,0.9384220839,0.3374484479,0.2298030853,-0.3132016659,0.9214636683,1,413.2,-610.5,2487.8,1,0.4579041004,0.1246184334,0.8802238703,0.0761759654,0.9809846282,-0.1785114706,-0.8857319355,0.1487930417,0.4397039711,1,565.3,-314.5,2718.2,1,0.4603254795,-0.0025587778,0.8877465129,-0.0209437720,0.9996862411,0.0137414522,-0.8875031471,-0.0249183010,0.4601274431,1,516.9,-695.0,2660.5,1,404.2,-377.4,2522.1,1,727.2,-387.1,2655.9,1,358.8,-960.4,2604.6,1,517.8,-1053.3,2669.4,1,
