1,0.9933360219,0.0157650262,0.1141710952,-0.0088075502,0.9980873466,-0.0611890070,-0.1149173677,0.0597756766,0.9915749431,1,39.8,458.7,2103.1,1,0.9933360219,0.0157650262,0.1141710952,-0.0088075502,0.9980873466,-0.0611890070,-0.1149173677,0.0597756766,0.9915749431,1,36.7,261.6,2091.3,1,0.9933665991,0.0137891592,0.1141606346,-0.0067410842,0.9980598688,-0.0618955828,-0.1147926375,0.0607154369,0.9915322661,1,34.0,67.8,2079.5,1,0.4166885316,-0.6150950193,-0.6693495512,0.9072229862,0.2347291559,0.3490682840,-0.0575943105,-0.7527020574,0.6558372974,1,-99.0,262.5,2107.0,1,-0.0911478773,-0.6150950193,-0.7831667662,0.9270870686,0.2347291559,-0.2922528982,0.3635953665,-0.7527020574,0.5488516092,1,-218.8,1.7,2123.6,1,0.2663994431,0.9141896963,0.3054317832,-0.9627595544,0.2372245789,0.1296864152,0.0461020619,-0.3286057413,0.9433413148,1,172.4,260.6,2075.6,1,-0.0383151993,0.9209764600,0.3877296448,-0.9581662416,0.0762748644,-0.2758615017,-0.2836359739,-0.3820791543,0.8795260787,1,245.1,-2.0,2088.2,1,0.9990073442,-0.0231498070,0.0380584821,0.0210798383,0.9983227849,0.0539187863,-0.0392428599,-0.0530629940,0.9978197813,1,-59.5,-127.4,2078.1,1,0.9948574305,0.0949474350,0.0352664664,-0.0994784459,0.9814423323,0.1639357805,-0.0190467201,-0.1666009873,0.9858404398,1,-50.6,-515.0,2098.7,1,0.9964056015,0.0781110451,0.0327808373,-0.0806786790,0.9930115938,0.0861331969,-0.0258237962,-0.0884683132,0.9957441688,1,118.5,-129.5,2057.9,1,0.9895277619,-0.1403872520,0.0335595421,0.1366229951,0.9859557152,0.0960492343,-0.0465723090,-0.0904583782,0.9948107004,1,88.2,-515.0,2092.3,1,-193.2,-258.3,2021.6,1,234.6,-264.6,2010.5,1,-86.0,-881.3,2160.9,1,140.6,-882.9,2126.0,1,
2,0.9941847324,0.0045445208,0.1075919569,0.0021345601,0.9980812073,-0.0618814677,-0.1076667309,0.0617512725,0.9922674298,1,38.7,458.5,2102.5,1,0.9941847324,0.0045445208,0.1075919569,0.0021345601,0.9980812073,-0.0618814677,-0.1076667309,0.0617512725,0.9922674298,1,37.9,261.5,2090.4,1,0.9941925406,0.0025656279,0.1075853556,0.0043216618,0.9979575276,-0.0637349933,-0.1075291336,0.0638298020,0.9921508431,1,37.4,67.7,2078.0,1,0.4236319363,-0.6059427857,-0.6733270288,0.9038962126,0.2341752499,0.3579575419,-0.0592252612,-0.7602600455,0.6469134688,1,-98.0,260.9,2105.0,1,-0.0928903818,-0.6059427857,-0.7900663018,0.9283248782,0.2341752499,-0.2887469828,0.3599781096,-0.7602600455,0.5407591462,1,-219.7,1.2,2122.1,1,0.2767454684,0.9147686362,0.2942962050,-0.9593240023,0.2452319711,0.1398524642,0.0557618216,-0.3210289478,0.9454264045,1,173.7,262.0,2075.7,1,-0.0598210059,0.9217004180,0.3832620680,-0.9598426819,0.0523113124,-0.2756184936,-0.2740866244,-0.3843590617,0.8815580606,1,248.6,2.4,2090.8,1,0.9994189739,-0.0162463188,0.0299623907,0.0144112380,0.9980655909,0.0604766943,-0.0308869537,-0.0600097626,0.9977198243,1,-57.6,-125.3,2078.0,1,0.9954641461,0.0908070803,0.0283761248,-0.0940582752,0.9841729999,0.1501882076,-0.0142888632,-0.1521759927,0.9882501364,1,-51.3,-512.8,2101.3,1,0.9961814880,0.0837454945,0.0246805660,-0.0855530351,0.9927292466,0.0846718177,-0.0174102373,-0.0864599943,0.9961031675,1,120.4,-126.5,2057.5,1,0.9904954433,-0.1349227577,0.0267316699,0.1312760860,0.9853298664,0.1090486720,-0.0410526618,-0.1045029908,0.9936769009,1,87.9,-511.9,2091.0,1,-193.6,-259.8,2020.8,1,232.2,-260.6,2015.7,1,-85.2,-880.1,2158.1,1,138.2,-879.7,2130.0,1,
3,0.9969465733,-0.0100224167,0.0774410069,0.0148613723,0.9979552627,-0.0621643625,-0.0766596273,0.0631254241,0.9950570464,1,36.9,457.9,2102.3,1,0.9969465733,-0.0100224167,0.0774410069,0.0148613723,0.9979552627,-0.0621643625,-0.0766596273,0.0631254241,0.9950570464,1,38.9,261.0,2089.8,1,0.9969115257,-0.0128331752,0.0774772093,0.0179202687,0.9977030754,-0.0653253123,-0.0764609203,0.0665119737,0.9948517084,1,41.4,67.4,2076.9,1,0.4276417494,-0.6145370007,-0.6629229188,0.9002984166,0.2237168700,0.3733811378,-0.0811494887,-0.7565018535,0.6489374042,1,-97.2,258.6,2100.2,1,-0.0877208784,-0.6145370007,-0.7839957476,0.9336217642,0.2237168700,-0.2798234820,0.3473549485,-0.7565018535,0.5541204810,1,-218.9,2.5,2123.3,1,0.2919345498,0.9187462330,0.2658562958,-0.9551538825,0.2656525075,0.1308044046,0.0495506637,-0.2921200097,0.9550971985,1,175.0,263.5,2079.4,1,-0.0815843418,0.9283149242,0.3627332747,-0.9609939456,0.0232295915,-0.2755921185,-0.2642624080,-0.3710685074,0.8902098536,1,253.9,5.4,2092.8,1,0.9999977946,0.0004396972,-0.0020423324,-0.0003059448,0.9978829622,0.0650345609,0.0020666043,-0.0650337934,0.9978809357,1,-52.2,-126.4,2075.2,1,0.9964987040,0.0835844576,-0.0019959798,-0.0823085085,0.9849206209,0.1521732956,0.0146852043,-0.1514762044,0.9883518219,1,-52.4,-513.7,2100.5,1,0.9952053428,0.0975962952,-0.0064302073,-0.0965589881,0.9908445477,0.0943578631,0.0155803142,-0.0932845473,0.9955175519,1,125.9,-125.6,2056.0,1,0.9906572700,-0.1362298578,-0.0062887333,0.1362028420,0.9860386848,0.0957940072,-0.0068490701,-0.0957555771,0.9953812957,1,88.0,-510.2,2092.2,1,-194.1,-261.3,2025.2,1,231.6,-258.0,2020.3,1,-83.6,-881.3,2157.0,1,138.9,-878.2,2127.9,1,
4,0.9981849194,-0.0178557299,0.0575159602,0.0215221606,0.9977324605,-0.0637710616,-0.0562468618,0.0648931786,0.9963057637,1,35.8,455.8,2102.1,1,0.9981849194,-0.0178557299,0.0575159602,0.0215221606,0.9977324605,-0.0637710616,-0.0562468618,0.0648931786,0.9963057637,1,39.3,259.2,2089.3,1,0.9981237650,-0.0208968073,0.0575524420,0.0246699192,0.9975377321,-0.0656493157,-0.0560388714,0.0669459552,0.9961816669,1,43.4,65.6,2076.4,1,0.4387600124,-0.6144585013,-0.6556907892,0.8924050331,0.2123887837,0.3981259763,-0.1053705141,-0.7598235011,0.6415335536,1,-97.0,255.9,2097.0,1,-0.0829444230,-0.6144585013,-0.7845769525,0.9403552413,0.2123887837,-0.2657499909,0.3299276829,-0.7598235011,0.5601928234,1,-215.5,14.8,2125.4,1,0.3071734011,0.9193021059,0.2460247576,-0.9503549933,0.2828253508,0.1297504902,0.0496978536,-0.2736667693,0.9605397582,1,175.6,262.6,2081.7,1,-0.1002041921,0.9314951897,0.3496796191,-0.9634305835,-0.0030557632,-0.2679405510,-0.2485167980,-0.3637408018,0.8977371454,1,257.5,9.4,2094.9,1,0.9996823072,0.0106194168,-0.0228579156,-0.0088931397,0.9971931577,0.0743416771,0.0235832222,-0.0741147846,0.9969708323,1,-45.3,-127.9,2070.9,1,0.9940509796,0.1066795811,-0.0219563283,-0.1021386012,0.9830600023,0.1521864533,0.0378195755,-0.1490385085,0.9881079197,1,-49.5,-514.9,2099.7,1,0.9932116270,0.1130682230,-0.0273171011,-0.1100387275,0.9894264936,0.0944811404,0.0377110764,-0.0908338279,0.9951518178,1,133.2,-124.7,2057.2,1,0.9918727279,-0.1239598617,-0.0286781862,0.1259372681,0.9885979295,0.0825464427,0.0181187503,-0.0854872242,0.9961745143,1,89.3,-508.7,2092.5,1,-192.2,-249.2,2032.8,1,230.0,-254.6,2026.8,1,-89.3,-881.8,2155.3,1,135.6,-877.7,2124.4,1,
5,0.9989972711,-0.0188268479,0.0406198092,0.0212855674,0.9979124665,-0.0609721728,-0.0393870994,0.0617756508,0.9973126054,1,35.2,454.7,2101.0,1,0.9989972711,-0.0188268479,0.0406198092,0.0212855674,0.9979124665,-0.0609721728,-0.0393870994,0.0617756508,0.9973126054,1,38.9,258.1,2088.9,1,0.9989524484,-0.0210281238,0.0406432897,0.0235321913,0.9977895021,-0.0621479712,-0.0392465927,0.0630392879,0.9972390532,1,43.0,64.4,2076.7,1,0.4188581109,-0.6279772520,-0.6558982134,0.9001719356,0.1922034621,0.3908303380,-0.1193666384,-0.7541236281,0.6457934380,1,-97.5,254.8,2094.2,1,-0.0936934873,-0.6279772520,-0.7725710869,0.9433013797,0.1922034621,-0.2706295848,0.3184400499,-0.7541236281,0.5743635893,1,-210.2,12.6,2126.4,1,0.3293869793,0.9149019122,0.2333638519,-0.9433397055,0.3083612919,0.1225703359,0.0401794501,-0.2605144680,0.9646335244,1,175.4,261.3,2083.5,1,-0.1224007756,0.9325011373,0.3397936523,-0.9699839354,-0.0399143435,-0.2398709059,-0.2101172358,-0.3589547873,0.9093966484,1,262.8,10.7,2094.2,1,0.9990119934,0.0201275069,-0.0396223031,-0.0169762298,0.9967835546,0.0783223137,0.0410712920,-0.0775722936,0.9961404204,1,-41.9,-130.2,2068.4,1,0.9924102426,0.1170222759,-0.0377843790,-0.1094690561,0.9806870818,0.1620782018,0.0560214147,-0.1567118466,0.9860542417,1,-49.7,-517.2,2098.5,1,0.9916852713,0.1205009595,-0.0451641232,-0.1161717921,0.9892686605,0.0886093751,0.0553569682,-0.0826258138,0.9950420260,1,136.8,-125.8,2058.4,1,0.9928119779,-0.1110449210,-0.0446469411,0.1147985458,0.9890399575,0.0928510278,0.0338469706,-0.0973090231,0.9946784973,1,90.0,-509.8,2090.5,1,-184.0,-251.5,2037.2,1,229.3,-254.9,2036.6,1,-93.4,-883.2,2157.0,1,131.5,-879.0,2126.8,1,
6,0.9985522032,-0.0154377175,0.0515278466,0.0185591243,0.9979860187,-0.0606590174,-0.0504876338,0.0615275092,0.9968276620,1,34.8,455.6,2101.0,1,0.9985522032,-0.0154377175,0.0515278466,0.0185591243,0.9979860187,-0.0606590174,-0.0504876338,0.0615275092,0.9968276620,1,37.9,258.8,2088.9,1,0.9985437393,-0.0158547163,0.0515660383,0.0191015918,0.9978247285,-0.0630947500,-0.0504535176,0.0639878586,0.9966744781,1,41.0,65.1,2076.5,1,0.4026632011,-0.6249296069,-0.6688238382,0.9076543450,0.1780591607,0.3800769746,-0.1184311360,-0.7601038814,0.6389179230,1,-98.5,256.2,2095.8,1,-0.1074367911,-0.6249296069,-0.7732530832,0.9447624087,0.1780591607,-0.2751708031,0.3096471727,-0.7601038814,0.5712798834,1,-206.7,12.4,2127.6,1,0.3455006182,0.4302516580,0.8339741230,-0.9373749495,0.1163315251,0.3283216953,0.0442434773,-0.8951818347,0.4434997439,1,174.3,261.5,2082.0,1,-0.1331162453,0.4302516580,0.8928401470,-0.9726440310,0.1163315251,-0.2010735571,-0.1903776973,-0.8951818347,0.4029960930,1,265.9,12.8,2093.7,1,0.9993337393,0.0232215915,-0.0281572305,-0.0210726336,0.9970093966,0.0743521750,0.0297995992,-0.0737092942,0.9968344569,1,-42.4,-131.4,2067.9,1,0.9955998659,0.0902315527,-0.0252811145,-0.0838631988,0.9783474803,0.1892172843,0.0418070816,-0.1862645447,0.9816097617,1,-51.4,-518.5,2096.6,1,0.9912223816,0.1275966913,-0.0346018486,-0.1245138422,0.9889830351,0.0800551325,0.0444354117,-0.0750440285,0.9961897135,1,136.5,-127.2,2060.9,1,0.9907066226,-0.1321855783,-0.0320532694,0.1347639114,0.9858451486,0.0997397080,0.0184154082,-0.1031324044,0.9944971204,1,87.0,-511.1,2090.1,1,-176.6,-251.7,2041.0,1,229.5,-253.6,2041.6,1,-85.1,-883.4,2166.0,1,136.3,-879.0,2128.5,1,
7,0.9976833463,-0.0027382907,0.0679734647,0.0061506033,0.9987281561,-0.0500422679,-0.0677499846,0.0503444187,0.9964313507,1,34.6,455.7,2100.5,1,0.9976833463,-0.0027382907,0.0679734647,0.0061506033,0.9987281561,-0.0500422679,-0.0677499846,0.0503444187,0.9964313507,1,35.1,258.2,2090.5,1,0.9976759553,-0.0043966579,0.0679950491,0.0082220752,0.9983922243,-0.0560831688,-0.0676391497,0.0565118901,0.9961081147,1,36.0,64.4,2079.6,1,0.3813723922,-0.6157670021,-0.6894824505,0.9189394116,0.1714223027,0.3551967442,-0.1005257666,-0.7690548301,0.6312283278,1,-101.1,257.1,2099.8,1,-0.1118508056,-0.6157670021,-0.7799489498,0.9471450448,0.1714223027,-0.2711653411,0.3006753325,-0.7690548301,0.5640469790,1,-202.8,12.2,2126.6,1,0.3862150908,0.3661627769,0.8466184139,-0.9213225245,0.1086034253,0.3733230233,0.0447513349,-0.9241915941,0.3792982996,1,171.4,259.3,2081.3,1,-0.1584332287,0.3661627769,0.9169644117,-0.9713897109,0.1086034253,-0.2112044245,-0.1769206673,-0.9241915941,0.3384803534,1,273.2,16.5,2093.1,1,0.9998575449,0.0130919041,-0.0106550651,-0.0123627475,0.9977537394,0.0658381507,0.0114930775,-0.0656970441,0.9977734089,1,-45.4,-130.3,2068.6,1,0.9955871701,0.0934363902,-0.0087071126,-0.0896621868,0.9745280147,0.2055623233,0.0276923254,-0.2038745135,0.9786052704,1,-50.5,-517.6,2094.1,1,0.9928675294,0.1176878959,-0.0190688837,-0.1161121428,0.9908115864,0.0693568066,0.0270561278,-0.0666479915,0.9974096417,1,133.5,-126.8,2059.5,1,0.9935203791,-0.1132943258,-0.0090349717,0.1133383363,0.9817043543,0.1530063897,-0.0084650852,-0.1530389786,0.9881839156,1,87.8,-511.5,2085.4,1,-171.6,-252.5,2042.6,1,229.8,-249.6,2044.6,1,-85.3,-881.2,2170.1,1,130.0,-877.3,2142.5,1,
8,0.9971631765,0.0097787725,0.0746319294,-0.0060294820,0.9987160563,-0.0502980389,-0.0750279576,0.0497053638,0.9959418774,1,34.5,454.8,2100.7,1,0.9971631765,0.0097787725,0.0746319294,-0.0060294820,0.9987160563,-0.0502980389,-0.0750279576,0.0497053638,0.9959418774,1,32.5,256.7,2090.9,1,0.9971833229,0.0079692863,0.0745781139,-0.0037643965,0.9984037280,-0.0563539565,-0.0749081671,0.0559144840,0.9956215620,1,31.0,62.9,2080.0,1,0.3536323607,-0.6179574132,-0.7021914124,0.9311767817,0.1614499986,0.3268695772,-0.0886226743,-0.7694559693,0.6325215101,1,-103.7,257.2,2101.1,1,-0.1118998975,-0.6179574132,-0.7782076001,0.9506635070,0.1614499986,-0.2649015188,0.2893394828,-0.7694559693,0.5694032907,1,-196.8,11.9,2124.4,1,0.4270649850,0.3296009004,0.8420087695,-0.9028955102,0.1050423235,0.4168282449,0.0489404052,-0.9382587075,0.3424550891,1,168.7,256.1,2080.6,1,-0.1899576038,0.3296009004,0.9248131514,-0.9660901427,0.1050423235,-0.2358727455,-0.1748883873,-0.9382587075,0.2984705865,1,280.4,20.1,2093.4,1,0.9999625087,-0.0081862723,-0.0028182913,0.0082898624,0.9992067814,0.0389500968,0.0024971997,-0.0389720015,0.9992371798,1,-52.5,-130.1,2074.7,1,0.9940768480,0.1085913628,-0.0043784869,-0.1045165807,0.9662659764,0.2353855371,0.0297916196,-0.2335336804,0.9718922377,1,-49.3,-517.8,2089.8,1,0.9946613312,0.1026142985,-0.0109134670,-0.1015984043,0.9923194051,0.0705690160,0.0180710349,-0.0690834820,0.9974471927,1,126.2,-128.6,2062.6,1,0.9917324185,-0.1282153130,-0.0052578910,0.1278633028,0.9838837981,0.1249944791,-0.0108530531,-0.1246333718,0.9921435118,1,86.4,-513.8,2089.4,1,-165.6,-253.7,2043.6,1,228.4,-244.6,2045.5,1,-89.8,-878.2,2176.9,1,134.2,-880.6,2135.9,1,
9,0.9963151813,0.0211832300,0.0831101313,-0.0164202563,0.9982058406,-0.0575799048,-0.0841807500,0.0560030453,0.9948754907,1,36.0,453.9,2101.8,1,0.9963151813,0.0211832300,0.0831101313,-0.0164202563,0.9982058406,-0.0575799048,-0.0841807500,0.0560030453,0.9948754907,1,31.8,256.6,2090.8,1,0.9963469505,0.0199503303,0.0830344260,-0.0148788206,0.9980112910,-0.0612539612,-0.0840913355,0.0597947426,0.9946623445,1,27.9,62.9,2079.2,1,0.3291699886,-0.6444439888,-0.6901732087,0.9407696724,0.1609369367,0.2984153926,-0.0812376291,-0.7475234270,0.6592489481,1,-104.3,258.6,2102.3,1,-0.1078894064,-0.6444439888,-0.7570018768,0.9486822486,0.1609369367,-0.2722154558,0.2972571552,-0.7475234270,0.5940091610,1,-191.6,9.2,2123.8,1,0.4458656311,0.3282217979,0.8327510357,-0.8931108117,0.1011420637,0.4383187592,0.0596396066,-0.9391702414,0.3382341862,1,167.9,254.6,2079.3,1,-0.2166687101,0.3282217979,0.9194156528,-0.9596810341,0.1011420637,-0.2622642815,-0.1790724397,-0.9391702414,0.2930739224,1,284.4,21.2,2094.9,1,0.9996289611,-0.0263741072,0.0068072225,0.0261425879,0.9991422892,0.0321126543,-0.0076483269,-0.0319227837,0.9994610548,1,-59.9,-130.6,2075.9,1,0.9945183396,0.1045570001,0.0010602302,-0.1016734093,0.9646239281,0.2432347834,0.0244091749,-0.2420092374,0.9699668884,1,-49.6,-518.3,2088.3,1,0.9971512556,0.0754127651,-0.0015083894,-0.0751806721,0.9953025579,0.0609978028,0.0061013168,-0.0607106350,0.9981367588,1,118.8,-131.3,2062.5,1,0.9943549037,-0.1059666574,0.0054195649,0.1039157361,0.9828884006,0.1520918906,-0.0214434974,-0.1506701410,0.9883515239,1,89.5,-517.5,2086.1,1,-161.5,-255.7,2040.8,1,225.0,-241.7,2045.8,1,-88.6,-878.2,2178.6,1,129.0,-884.0,2142.2,1,
10,0.9955887794,0.0254573934,0.0903045684,-0.0198856741,0.9978736043,-0.0620711297,-0.0916927159,0.0600015521,0.9939780235,1,35.5,455.8,2102.4,1,0.9955887794,0.0254573934,0.0903045684,-0.0198856741,0.9978736043,-0.0620711297,-0.0916927159,0.0600015521,0.9939780235,1,30.5,259.0,2090.6,1,0.9956210852,0.0243765377,0.0902466699,-0.0185921732,0.9977515936,-0.0643898547,-0.0916133597,0.0624300167,0.9938357472,1,25.8,65.3,2078.5,1,0.3290662766,-0.6426704526,-0.6918743253,0.9406841993,0.1589783579,0.2997318208,-0.0826357380,-0.7494668365,0.6568643451,1,-105.5,261.5,2103.1,1,-0.1135970578,-0.6426704526,-0.7576743364,0.9476482272,0.1589783579,-0.2769273520,0.2984268665,-0.7494668365,0.5909660459,1,-193.0,11.3,2125.1,1,0.4522620738,0.3207332492,0.8322194219,-0.8896870613,0.0967686325,0.4461981952,0.0625778586,-0.9422133565,0.3291170001,1,166.5,256.5,2078.1,1,-0.2318908274,0.3207332492,0.9183446169,-0.9564714432,0.0967686325,-0.2753148079,-0.1771695614,-0.9422133565,0.2843324244,1,286.2,20.9,2094.6,1,0.9990413189,-0.0414613485,0.0140516954,0.0408538170,0.9983207583,0.0410682335,-0.0157308429,-0.0404547937,0.9990575314,1,-65.2,-129.5,2075.1,1,0.9936113358,0.1126157492,0.0073628994,-0.1118467450,0.9739195108,0.1974111199,0.0150607303,-0.1969734430,0.9802931547,1,-49.1,-516.9,2090.8,1,0.9980336428,0.0623338558,0.0065820245,-0.0626259893,0.9960286021,0.0632847995,-0.0026110993,-0.0635725632,0.9979737997,1,113.3,-132.2,2060.1,1,0.9927741885,-0.1193577126,0.0123742148,0.1159878522,0.9809201360,0.1560208797,-0.0307604112,-0.1534582376,0.9876762629,1,89.1,-518.7,2084.7,1,-161.3,-253.3,2041.7,1,222.7,-241.1,2046.1,1,-91.1,-880.0,2164.3,1,133.6,-884.7,2142.0,1,
11,0.9959019423,0.0243695006,0.0870943069,-0.0179266948,0.9970966578,-0.0740061775,-0.0886449292,0.0721415877,0.9934473634,1,34.9,458.7,2107.7,1,0.9959019423,0.0243695006,0.0870943069,-0.0179266948,0.9970966578,-0.0740061775,-0.0886449292,0.0721415877,0.9934473634,1,30.1,262.1,2093.5,1,0.9959027171,0.0245279670,0.0870413333,-0.0178964753,0.9969344735,-0.0761664361,-0.0886427164,0.0742966235,0.9932886958,1,25.3,68.6,2079.1,1,0.3318872750,-0.6481350064,-0.6853990555,0.9396997094,0.1635710150,0.3003480434,-0.0825546682,-0.7437509894,0.6633394361,1,-106.0,264.6,2105.6,1,-0.1065745056,-0.6481350064,-0.7540311217,0.9475648403,0.1635710150,-0.2745276093,0.3012685776,-0.7437509894,0.5967174172,1,-195.3,11.5,2127.8,1,0.4534727633,0.3164418638,0.8332028389,-0.8896366954,0.1041357145,0.4446373284,0.0539356954,-0.9428787231,0.3287410140,1,166.1,259.7,2081.4,1,-0.2344699502,0.3164418638,0.9191781282,-0.9545292258,0.1041357145,-0.2793379426,-0.1841134876,-0.9428787231,0.2776363194,1,286.2,24.1,2095.6,1,0.9985383749,-0.0530627929,0.0102680037,0.0525884330,0.9977338314,0.0419724993,-0.0124719134,-0.0413711742,0.9990659952,1,-68.2,-126.7,2074.6,1,0.9921897650,0.1247177199,0.0022172041,-0.1228485852,0.9739295840,0.1907077134,0.0216252301,-0.1894906312,0.9816443324,1,-47.6,-513.9,2090.6,1,0.9984550476,0.0553352349,0.0050512818,-0.0555615388,0.9953125119,0.0791572258,-0.0006474202,-0.0793155879,0.9968493581,1,110.2,-130.0,2058.2,1,0.9917619228,-0.1278958917,0.0071349177,0.1262006164,0.9851231575,0.1166438237,-0.0219470393,-0.1147824749,0.9931482077,1,88.7,-516.3,2088.9,1,-165.6,-253.1,2043.7,1,221.9,-237.5,2045.2,1,-94.1,-877.2,2161.3,1,136.4,-883.6,2131.7,1,
12,0.9964230061,0.0224396531,0.0814715475,-0.0170438364,0.9976521134,-0.0663310736,-0.0827687085,0.0647052228,0.9944659472,1,34.8,460.4,2104.8,1,0.9964230061,0.0224396531,0.0814715475,-0.0170438364,0.9976521134,-0.0663310736,-0.0827687085,0.0647052228,0.9944659472,1,30.4,263.4,2092.1,1,0.9963951707,0.0239337143,0.0813869238,-0.0182420444,0.9973821640,-0.0699716210,-0.0828485489,0.0682347193,0.9942233562,1,25.7,69.8,2078.8,1,0.3423278928,-0.6538325548,-0.6747700572,0.9343684316,0.1613572240,0.3176782429,-0.0988293588,-0.7392339706,0.6661576033,1,-105.8,265.9,2103.4,1,-0.1054698676,-0.6538325548,-0.7492523789,0.9480223656,0.1613572240,-0.2742579281,0.3002160490,-0.7392339706,0.6028295755,1,-198.0,14.2,2130.0,1,0.4209282696,0.3472501338,0.8379956484,-0.9053390026,0.1033886820,0.4119127095,0.0563974716,-0.9320558906,0.3578982949,1,166.5,260.9,2080.7,1,-0.2118040025,0.3472501338,0.9135406017,-0.9595748186,0.1033886820,-0.2617765665,-0.1853516996,-0.9320558906,0.3113143444,1,277.4,22.4,2095.6,1,0.9984227419,-0.0559171923,0.0050276653,0.0556748882,0.9976613522,0.0396502465,-0.0072330381,-0.0393077917,0.9992009997,1,-68.7,-123.3,2072.6,1,0.9935075045,0.1136597171,-0.0049263276,-0.1099442467,0.9703583121,0.2152139693,0.0292414613,-0.2132750750,0.9765545130,1,-47.0,-510.6,2087.8,1,0.9982234836,0.0595795624,-0.0004062191,-0.0593039468,0.9942161441,0.0895391777,0.0057385745,-0.0893560201,0.9959832430,1,109.8,-126.5,2056.7,1,0.9906732440,-0.1362587512,0.0002570110,0.1355418712,0.9856510162,0.1006006598,-0.0139610432,-0.0996275470,0.9949268699,1,86.7,-512.4,2091.4,1,-168.5,-250.5,2046.2,1,219.4,-240.6,2044.8,1,-89.4,-872.6,2167.4,1,137.5,-880.1,2128.5,1,
13,0.9972309470,0.0192867722,0.0718225315,-0.0145110544,0.9976854920,-0.0664312467,-0.0729375407,0.0652050748,0.9952027202,1,34.0,456.8,2102.9,1,0.9972309470,0.0192867722,0.0718225315,-0.0145110544,0.9976854920,-0.0664312467,-0.0729375407,0.0652050748,0.9952027202,1,30.2,259.7,2090.0,1,0.9972191453,0.0200944021,0.0717650875,-0.0151094571,0.9974785447,-0.0693414435,-0.0729775131,0.0680642799,0.9950082898,1,26.3,66.1,2076.8,1,0.3494846821,-0.6743769646,-0.6504430771,0.9295724630,0.1626673639,0.3308086693,-0.1172838882,-0.7202465534,0.6837319732,1,-106.1,261.7,2100.0,1,-0.0967992619,-0.6743769646,-0.7320147753,0.9475374222,0.1626673639,-0.2751584351,0.3046354353,-0.7202465534,0.6232513189,1,-198.4,16.0,2131.0,1,0.3996385634,0.4116834402,0.8190273046,-0.9137760401,0.1079378650,0.3916156590,0.0728176236,-0.9049122334,0.4193226099,1,166.4,257.6,2080.0,1,-0.1899122596,0.4116834402,0.8913192749,-0.9610002041,0.1079378650,-0.2546135485,-0.2010272890,-0.9049122334,0.3751291633,1,271.0,18.5,2099.1,1,0.9985120296,-0.0542807505,-0.0052243713,0.0544591099,0.9975358248,0.0442324914,0.0028105250,-0.0444511883,0.9990075827,1,-68.2,-122.1,2073.0,1,0.9930558205,0.1167764813,-0.0142597193,-0.1111694425,0.9711410999,0.2110124975,0.0384894982,-0.2079619467,0.9773793221,1,-47.1,-509.4,2090.2,1,0.9982643127,0.0578760058,-0.0108963046,-0.0567630194,0.9948582649,0.0838748217,0.0156946182,-0.0831107348,0.9964167476,1,110.3,-125.4,2058.1,1,0.9922326803,-0.1239973754,-0.0099474732,0.1243686080,0.9871690273,0.1001484022,-0.0025983015,-0.1006076708,0.9949227571,1,87.9,-511.6,2090.4,1,-171.4,-248.5,2045.9,1,219.0,-244.8,2044.0,1,-90.7,-871.8,2167.9,1,134.1,-880.0,2128.0,1,
14,0.9956052899,0.0151210697,0.0924197212,-0.0088544376,0.9976566434,-0.0678438544,-0.0932290256,0.0667273775,0.9934061766,1,35.2,454.2,2102.4,1,0.9956052899,0.0151210697,0.0924197212,-0.0088544376,0.9976566434,-0.0678438544,-0.0932290256,0.0667273775,0.9934061766,1,32.2,256.6,2089.2,1,0.9956204891,0.0138514210,0.0924551338,-0.0078084888,0.9978282452,-0.0654052123,-0.0931602940,0.0643968359,0.9935663939,1,29.5,62.9,2076.7,1,0.3610040545,-0.6579338908,-0.6609078050,0.9264236689,0.1718207002,0.3349877894,-0.1068421751,-0.7332125902,0.6715534925,1,-103.8,257.6,2101.9,1,-0.0887007117,-0.6579338908,-0.7478336692,0.9491657019,0.1718207002,-0.2637462616,0.3020209074,-0.7332125902,0.6092476249,1,-199.2,12.9,2130.2,1,0.3695819378,0.4930213094,0.7876161337,-0.9250091910,0.1148166507,0.3621810377,0.0881315246,-0.8624077439,0.4984833896,1,168.2,255.5,2076.5,1,-0.1740688980,0.4930213094,0.8524259329,-0.9581932425,0.1148166507,-0.2620740235,-0.2270807773,-0.8624077439,0.4524236917,1,264.9,13.4,2099.6,1,0.9988146424,-0.0464887507,0.0144271404,0.0456722938,0.9975744486,0.0525283366,-0.0168341231,-0.0518071502,0.9985151887,1,-67.0,-126.2,2070.1,1,0.9939643741,0.1094933227,0.0067883632,-0.1084414199,0.9712865353,0.2117615342,0.0165930279,-0.2112195492,0.9772977829,1,-48.9,-513.5,2090.3,1,0.9983939528,0.0559892878,0.0086441021,-0.0565286838,0.9946325421,0.0866638944,-0.0037454553,-0.0870133489,0.9962000847,1,111.7,-128.9,2057.1,1,0.9935769439,-0.1127461419,0.0096516265,0.1111302376,0.9882887006,0.1045731232,-0.0213288087,-0.1028288528,0.9944703579,1,90.0,-515.1,2090.8,1,-174.4,-252.2,2045.8,1,217.2,-249.2,2037.3,1,-89.8,-876.0,2169.1,1,132.1,-883.9,2129.2,1,
15,0.9950689673,0.0213480964,0.0968607590,-0.0146452356,0.9974820018,-0.0693915933,-0.0980982408,0.0676308721,0.9928760529,1,34.6,456.1,2103.2,1,0.9950689673,0.0213480964,0.0968607590,-0.0146452356,0.9974820018,-0.0693915933,-0.0980982408,0.0676308721,0.9928760529,1,30.4,258.3,2089.8,1,0.9951150417,0.0189135019,0.0968934447,-0.0123622948,0.9976242185,-0.0677719936,-0.0979450494,0.0662431046,0.9929847121,1,26.7,64.7,2076.9,1,0.3455658257,-0.6651010513,-0.6619855165,0.9332000613,0.1694462746,0.3168999255,-0.0985994786,-0.7272747755,0.6792271733,1,-105.5,260.0,2103.2,1,-0.0849492177,-0.6651010513,-0.7419058084,0.9504252076,0.1694462746,-0.2607295513,0.2991246879,-0.7272747755,0.6177344322,1,-198.2,9.8,2129.6,1,0.3418485820,0.5511507988,0.7611650825,-0.9351841211,0.1197240502,0.3333118856,0.0925753489,-0.8257716894,0.5563549995,1,166.3,256.7,2076.4,1,-0.1533647627,0.5511507988,0.8201902509,-0.9582570791,0.1197240502,-0.2596335113,-0.2412937135,-0.8257716894,0.5097827315,1,256.9,8.9,2100.9,1,0.9993963838,-0.0288703423,0.0193237588,0.0277870577,0.9981456995,0.0541573279,-0.0208514687,-0.0535876863,0.9983454347,1,-62.4,-130.1,2072.5,1,0.9943740368,0.1048222780,0.0152485725,-0.1058138385,0.9763683677,0.1884361804,0.0048640864,-0.1889895648,0.9819670320,1,-51.2,-517.6,2093.3,1,0.9979632497,0.0622486249,0.0139428061,-0.0632264614,0.9942298532,0.0866571441,-0.0084680654,-0.0873622000,0.9961405993,1,116.0,-131.5,2055.8,1,0.9951052070,-0.0976282656,0.0153081808,0.0954100117,0.9895075560,0.1084976867,-0.0257400014,-0.1065060571,0.9939788580,1,91.8,-517.5,2089.8,1,-174.5,-255.6,2046.1,1,214.9,-253.6,2034.8,1,-90.3,-881.9,2163.9,1,128.2,-886.8,2129.5,1,
16,0.9939116240,0.0253884345,0.1072150394,-0.0181444250,0.9975197315,-0.0680082589,-0.1086757407,0.0656488463,0.9919071794,1,34.7,455.5,2102.6,1,0.9939116240,0.0253884345,0.1072150394,-0.0181444250,0.9975197315,-0.0680082589,-0.1086757407,0.0656488463,0.9919071794,1,29.7,258.4,2089.6,1,0.9939335585,0.0243386347,0.1072552279,-0.0172647350,0.9976440072,-0.0663957596,-0.1086185202,0.0641412437,0.9920120835,1,25.0,64.8,2077.2,1,0.3292260170,-0.6874104142,-0.6473616958,0.9398099184,0.1721317470,0.2951745689,-0.0914745927,-0.7055760622,0.7027053833,1,-106.1,260.8,2104.5,1,-0.0694556311,-0.6874104142,-0.7229403853,0.9514740705,0.1721317470,-0.2550837994,0.2997882664,-0.7055760622,0.6420977116,1,-193.4,11.5,2128.7,1,0.3041541278,0.6363770962,0.7088825703,-0.9469472170,0.1208639145,0.2977966666,0.1038326472,-0.7618504763,0.6393767595,1,165.5,256.1,2074.8,1,-0.1238862798,0.6363770962,0.7613648176,-0.9588137865,0.1208639145,-0.2570369542,-0.2555939555,-0.7618504763,0.5951937437,1,245.9,5.7,2102.2,1,0.9989269376,-0.0349126346,0.0304309055,0.0332879014,0.9980735779,0.0523545146,-0.0322001167,-0.0512853526,0.9981647730,1,-66.1,-127.9,2072.8,1,0.9959407449,0.0865547135,0.0247037690,-0.0897887871,0.9746088982,0.2051231116,-0.0063221394,-0.2065085918,0.9784243703,1,-52.5,-515.3,2092.8,1,0.9979878068,0.0582044274,0.0251501780,-0.0602398776,0.9941498041,0.0896513835,-0.0197849367,-0.0909860358,0.9956555963,1,112.2,-130.1,2055.3,1,0.9936385751,-0.1095329747,0.0261717234,0.1061507910,0.9885597229,0.1071524695,-0.0376090407,-0.1036926806,0.9938980937,1,89.6,-516.0,2090.6,1,-174.0,-254.2,2045.0,1,212.0,-256.9,2032.2,1,-84.8,-879.0,2169.8,1,130.5,-885.0,2129.3,1,
17,0.9930872321,0.0287596826,0.1138009578,-0.0212494656,0.9975490570,-0.0666657165,-0.1154393256,0.0637866557,0.9912643433,1,35.1,456.0,2101.8,1,0.9930872321,0.0287596826,0.1138009578,-0.0212494656,0.9975490570,-0.0666657165,-0.1154393256,0.0637866557,0.9912643433,1,29.4,259.1,2089.2,1,0.9931166768,0.0274444222,0.1138684750,-0.0202029385,0.9977281094,-0.0642688423,-0.1153735965,0.0615259856,0.9914149046,1,24.1,65.4,2077.2,1,0.3037037253,-0.6967355609,-0.6498643160,0.9486101270,0.1574806273,0.2744789422,-0.0888982117,-0.6998281479,0.7087578773,1,-106.3,261.8,2104.9,1,-0.0360735320,-0.6981991529,-0.7149941921,0.9547261596,0.1873287857,-0.2310971767,0.2952908278,-0.6909601092,0.6598313451,1,-186.6,10.9,2128.5,1,0.2738438547,0.6819922924,0.6781563759,-0.9566031098,0.1201184988,0.2654844820,0.0995992422,-0.7214277983,0.6852896810,1,165.1,256.3,2073.4,1,-0.1053735241,0.6819922924,0.7237284780,-0.9599899054,0.1201184988,-0.2529642284,-0.2594528198,-0.7214277983,0.6420484185,1,238.6,-0.4,2100.2,1,0.9984676838,-0.0405059420,0.0377029926,0.0387343839,0.9981629252,0.0465877578,-0.0395208076,-0.0450559668,0.9982024431,1,-68.8,-127.3,2074.5,1,0.9962271452,0.0813349187,0.0302668530,-0.0859638825,0.9726849198,0.2156252414,-0.0119022494,-0.2174135745,0.9760069847,1,-53.0,-514.8,2091.9,1,0.9983110428,0.0484698080,0.0320274606,-0.0511425287,0.9947438240,0.0887085572,-0.0275594313,-0.0901966915,0.9955425858,1,109.3,-130.4,2055.0,1,0.9932248592,-0.1115069240,0.0327199213,0.1076226756,0.9888441563,0.1029785052,-0.0438377224,-0.0987594053,0.9941452742,1,90.5,-516.6,2090.0,1,-176.5,-255.5,2046.1,1,209.7,-263.4,2029.1,1,-83.4,-877.8,2173.1,1,132.1,-885.7,2126.9,1,
18,0.9937583208,0.0268812459,0.1082671136,-0.0213677920,0.9984305501,-0.0517667495,-0.1094887480,0.0491302088,0.9927731156,1,34.5,456.1,2095.4,1,0.9937583208,0.0268812459,0.1082671136,-0.0213677920,0.9984305501,-0.0517667495,-0.1094887480,0.0491302088,0.9927731156,1,29.1,258.3,2085.6,1,0.9937459826,0.0275003407,0.1082247794,-0.0218204577,0.9983389974,-0.0533211641,-0.1095113680,0.0506261773,0.9926954508,1,23.8,64.5,2075.8,1,0.2827354670,-0.6992658973,-0.6565728188,0.9532451034,0.1286966652,0.2734243870,-0.1066976264,-0.7031816244,0.7029589415,1,-106.6,261.2,2100.6,1,-0.0318590477,-0.7026993632,-0.7107732296,0.9544910192,0.1895917505,-0.2302213609,0.2965331376,-0.6857612729,0.6646800041,1,-182.0,7.0,2129.0,1,0.2383740246,0.6908119917,0.6826101542,-0.9657220840,0.0942400768,0.2418670356,0.1027554199,-0.7168664932,0.6895968318,1,164.9,255.3,2070.7,1,-0.0730334073,0.6941094398,0.7161551714,-0.9653362036,0.1312206089,-0.2256260365,-0.2505834699,-0.7078087926,0.6604654789,1,227.9,-0.1,2097.9,1,0.9983494282,-0.0474067256,0.0324187353,0.0457666405,0.9977206588,0.0495876335,-0.0346956290,-0.0480220914,0.9982435107,1,-70.2,-126.5,2075.6,1,0.9947916865,0.0990869328,0.0239010043,-0.1019166410,0.9705609679,0.2182301432,-0.0015736279,-0.2195294350,0.9756045938,1,-51.8,-513.8,2094.3,1,0.9983689785,0.0509968884,0.0256656352,-0.0530020334,0.9949957728,0.0847007856,-0.0212177206,-0.0859229714,0.9960758090,1,107.7,-130.1,2055.0,1,0.9917599559,-0.1251237988,0.0275005419,0.1209576353,0.9852828979,0.1207759008,-0.0422077514,-0.1164542958,0.9922987819,1,87.9,-516.4,2088.3,1,-173.1,-259.4,2046.3,1,207.9,-264.6,2029.2,1,-88.8,-876.0,2176.2,1,134.6,-884.1,2131.8,1,
19,0.9929985404,0.0289163422,0.1145326197,-0.0224200096,0.9980875254,-0.0576080643,-0.1159793958,0.0546369031,0.9917477369,1,34.7,456.5,2098.2,1,0.9929985404,0.0289163422,0.1145326197,-0.0224200096,0.9980875254,-0.0576080643,-0.1159793958,0.0546369031,0.9917477369,1,29.0,259.3,2087.4,1,0.9930012226,0.0289705992,0.1144957244,-0.0223278087,0.9980152845,-0.0588804595,-0.1159742847,0.0559119321,0.9916772842,1,23.4,65.6,2076.5,1,0.2684207261,-0.7063114643,-0.6550377011,0.9579147100,0.1238972694,0.2589378953,-0.1017334312,-0.6969745755,0.7098428011,1,-106.7,262.3,2103.2,1,-0.0363887176,-0.7110163569,-0.7022332549,0.9491293430,0.1953441799,-0.2469699383,0.3127768636,-0.6754971147,0.6677381992,1,-179.0,4.2,2130.6,1,0.2121028602,0.6898675561,0.6921669841,-0.9728779197,0.0821572170,0.2162376940,0.0923088491,-0.7192586064,0.6885826588,1,164.7,256.2,2071.5,1,-0.0581528656,0.6949358582,0.7167164087,-0.9654607773,0.1434971988,-0.2174718678,-0.2539757788,-0.7046082020,0.6625885367,1,220.8,-1.0,2095.9,1,0.9979663491,-0.0505405776,0.0388427190,0.0488162749,0.9978325367,0.0441274755,-0.0409887582,-0.0421415791,0.9982705116,1,-70.6,-127.4,2075.8,1,0.9956622124,0.0882867947,0.0293624196,-0.0925840065,0.9713916779,0.2186925858,-0.0092147402,-0.2204624414,0.9753519297,1,-51.0,-514.8,2092.2,1,0.9983747005,0.0471132062,0.0320663936,-0.0494979210,0.9957112670,0.0781603828,-0.0282464847,-0.0796205699,0.9964249730,1,107.5,-131.3,2056.2,1,0.9916138053,-0.1246648207,0.0340689532,0.1197251007,0.9854008555,0.1210414693,-0.0486611910,-0.1159474850,0.9920626283,1,89.2,-517.8,2087.1,1,-168.9,-260.8,2043.3,1,204.8,-265.6,2026.4,1,-83.9,-877.3,2174.4,1,135.7,-885.6,2130.4,1,
20,0.9945574999,0.0260723960,0.1008744091,-0.0215196889,0.9987114668,-0.0459604450,-0.1019427255,0.0435395204,0.9938369989,1,33.1,457.7,2093.6,1,0.9945574999,0.0260723960,0.1008744091,-0.0215196889,0.9987114668,-0.0459604450,-0.1019427255,0.0435395204,0.9938369989,1,28.0,260.1,2085.0,1,0.9945729971,0.0256987680,0.1008173525,-0.0209213272,0.9986204505,-0.0481616408,-0.1019159630,0.0457910337,0.9937385321,1,23.0,66.3,2076.1,1,0.2495817989,-0.8351608515,-0.4901176095,0.9607379436,0.1502072513,0.2332817465,-0.1212085634,-0.5290974379,0.8398597240,1,-107.9,263.0,2098.9,1,-0.0320719853,-0.8351608515,-0.5490698814,0.9470483661,0.1502072513,-0.2837907374,0.3194851875,-0.5290974379,0.7861202955,1,-175.7,2.0,2131.8,1,0.2104086429,0.6966224909,0.6858901978,-0.9741220474,0.0901533738,0.2072647214,0.0825499445,-0.7117510438,0.6975643039,1,163.9,257.3,2071.0,1,-0.0673864558,0.7002616525,0.7106987238,-0.9658828378,0.1327409595,-0.2223738581,-0.2500587106,-0.7014367580,0.6674257517,1,219.8,-1.7,2093.0,1,0.9982624054,-0.0530901849,0.0255656410,0.0520249084,0.9978172183,0.0406714678,-0.0276690926,-0.0392707475,0.9988454580,1,-71.2,-126.2,2076.1,1,0.9972617030,0.0720891431,0.0164990667,-0.0739398673,0.9761749506,0.2039984167,-0.0013999045,-0.2046597600,0.9788321853,1,-50.6,-513.5,2091.3,1,0.9987550378,0.0466590226,0.0176453255,-0.0479452051,0.9955345392,0.0813159496,-0.0137724075,-0.0820607245,0.9965321422,1,106.7,-130.2,2055.3,1,0.9920179844,-0.1245744899,0.0195315499,0.1213091612,0.9851128459,0.1218062267,-0.0344147310,-0.1184646115,0.9923617244,1,88.6,-516.7,2087.1,1,-166.7,-262.4,2042.6,1,201.3,-266.4,2024.4,1,-77.5,-877.8,2167.7,1,135.1,-884.4,2131.4,1,
21,0.9939953685,0.0316219591,0.1047533378,-0.0259099267,0.9981253743,-0.0554476939,-0.1063103229,0.0524006002,0.9929513335,1,33.8,457.9,2096.8,1,0.9939953685,0.0316219591,0.1047533378,-0.0259099267,0.9981253743,-0.0554476939,-0.1063103229,0.0524006002,0.9929513335,1,27.5,260.9,2086.4,1,0.9939886332,0.0318567902,0.1047459990,-0.0261214152,0.9981070161,-0.0556784458,-0.1063214466,0.0526076294,0.9929391742,1,21.3,67.1,2076.2,1,0.2289580852,-0.8411965966,-0.4898636937,0.9672781229,0.1400874555,0.2115385532,-0.1093217507,-0.5222678781,0.8457452059,1,-108.3,264.4,2101.0,1,-0.0076369857,-0.8415241838,-0.5401654840,0.9518664479,0.1594083309,-0.2618000507,0.3064179420,-0.5161647797,0.7998012304,1,-169.7,4.7,2130.3,1,0.2108099461,0.6925048232,0.6899248362,-0.9750300646,0.0985472128,0.1990095377,0.0698248893,-0.7146506310,0.6959877610,1,163.3,257.3,2071.9,1,-0.0681976527,0.6948646307,0.7158995867,-0.9679859877,0.1276567429,-0.2161176503,-0.2415619344,-0.7077195048,0.6639133692,1,219.2,-1.2,2090.4,1,0.9979937673,-0.0557402484,0.0300239604,0.0547121912,0.9979218245,0.0340388753,-0.0318588987,-0.0323279090,0.9989694357,1,-71.1,-125.7,2076.3,1,0.9956868291,0.0906300768,0.0198473837,-0.0927763656,0.9738299847,0.2074793577,-0.0005241074,-0.2084258348,0.9780380130,1,-49.5,-513.1,2088.9,1,0.9981858730,0.0557891764,0.0226384718,-0.0574219003,0.9951896071,0.0793747902,-0.0181013178,-0.0805307403,0.9965877533,1,107.1,-129.4,2058.1,1,0.9903503656,-0.1361891180,0.0256637223,0.1316040456,0.9822272062,0.1338286251,-0.0434336066,-0.1291597784,0.9906721115,1,85.4,-515.8,2089.3,1,-167.6,-261.0,2044.8,1,200.5,-266.5,2024.2,1,-83.3,-876.5,2166.7,1,136.3,-882.4,2137.5,1,
22,0.9946805835,0.0350444019,0.0968631133,-0.0305378251,0.9983984828,-0.0476228520,-0.0983769000,0.0444115363,0.9941577315,1,34.0,457.4,2092.9,1,0.9946805835,0.0350444019,0.0968631133,-0.0305378251,0.9983984828,-0.0476228520,-0.0983769000,0.0444115363,0.9941577315,1,27.0,260.3,2084.1,1,0.9946283698,0.0365690365,0.0968357176,-0.0319937542,0.9983161688,-0.0483867489,-0.0984421149,0.0450286940,0.9941235185,1,19.9,66.5,2075.4,1,0.2174572349,-0.8403865099,-0.4964503050,0.9686769247,0.1233286411,0.2155343145,-0.1199055836,-0.5277694464,0.8408817053,1,-108.8,264.7,2097.5,1,0.0083648264,-0.8409408927,-0.5410623550,0.9539792538,0.1689090580,-0.2477767169,0.2997559011,-0.5140896440,0.8036530614,1,-166.8,6.7,2129.5,1,0.1954957098,0.6980826855,0.6888120174,-0.9784529805,0.0912709013,0.1852010787,0.0664171726,-0.7101761699,0.7008841038,1,162.9,255.9,2070.7,1,-0.0460251719,0.7009152770,0.7117580175,-0.9710654616,0.1357520521,-0.1964770854,-0.2343363911,-0.7002065182,0.6743866205,1,215.2,-5.5,2088.4,1,0.9977930188,-0.0622529499,0.0231009163,0.0615085028,0.9976047277,0.0316472538,-0.0250157192,-0.0301565062,0.9992321134,1,-73.9,-124.3,2075.5,1,0.9961606860,0.0869256780,0.0103832623,-0.0870032907,0.9698667526,0.2275718898,0.0097114602,-0.2276015431,0.9737059474,1,-49.7,-511.6,2087.2,1,0.9986941814,0.0488374867,0.0149958152,-0.0498835146,0.9955549836,0.0798870325,-0.0110276761,-0.0805307552,0.9966911077,1,104.2,-129.0,2056.5,1,0.9902048707,-0.1384424716,0.0181103144,0.1344442815,0.9804250598,0.1438451707,-0.0376700871,-0.1400013566,0.9894344807,1,85.2,-515.5,2087.7,1,-169.1,-259.6,2045.8,1,202.5,-271.6,2024.2,1,-82.2,-873.5,2172.2,1,136.9,-881.4,2140.0,1,
23,0.9937404394,0.0385783054,0.1048413366,-0.0321022682,0.9975115061,-0.0627708957,-0.1070020348,0.0590123311,0.9925059676,1,33.9,459.1,2097.9,1,0.9937404394,0.0385783054,0.1048413366,-0.0321022682,0.9975115061,-0.0627708957,-0.1070020348,0.0590123311,0.9925059676,1,26.2,261.6,2086.2,1,0.9937063456,0.0390081927,0.1050052866,-0.0329790190,0.9977393150,-0.0585546531,-0.1070520133,0.0547231548,0.9927462935,1,18.6,67.9,2075.6,1,0.2099684179,-0.8455823064,-0.4908195734,0.9717916250,0.1253506839,0.1997704357,-0.1073977724,-0.5189198256,0.8480494618,1,-109.5,266.1,2100.9,1,0.0213075727,-0.8456348777,-0.5333362818,0.9545025826,0.1759143025,-0.2407883108,0.2974404693,-0.5039402246,0.8109089732,1,-165.3,7.8,2129.4,1,0.1838818938,0.6938561201,0.6962407231,-0.9813426733,0.0891190618,0.1703654081,0.0561607592,-0.7145778537,0.6972979903,1,162.0,257.1,2071.6,1,-0.0382920466,0.6968035698,0.7162391543,-0.9720949531,0.1400352865,-0.1882061213,-0.2314414531,-0.7034592628,0.6719969511,1,211.7,-8.2,2086.8,1,0.9971490502,-0.0688348413,0.0309126396,0.0678996593,0.9972304702,0.0303475149,-0.0329159908,-0.0281620361,0.9990612864,1,-76.3,-124.4,2075.4,1,0.9954588413,0.0934797525,0.0179782808,-0.0951691568,0.9730855227,0.2098748237,0.0021246425,-0.2106327266,0.9775629640,1,-49.6,-511.6,2086.4,1,0.9991241097,0.0345824808,0.0235605426,-0.0362049043,0.9967238307,0.0723247454,-0.0209821854,-0.0731144026,0.9971027970,1,101.9,-130.1,2057.8,1,0.9928863645,-0.1161887944,0.0260160845,0.1112634465,0.9831988811,0.1447080225,-0.0423924364,-0.1407839805,0.9891323447,1,88.5,-517.0,2086.2,1,-171.3,-258.7,2046.4,1,201.2,-274.7,2023.3,1,-84.5,-874.7,2165.0,1,131.9,-884.0,2138.7,1,
