1,0.9981504083,0.0197941791,0.0574798249,-0.0184625275,0.9995508194,-0.0236066747,-0.0579212829,0.0225017909,0.9980675578,1,43.2,456.2,2084.1,1,0.9981504083,0.0197941791,0.0574798249,-0.0184625275,0.9995508194,-0.0236066747,-0.0579212829,0.0225017909,0.9980675578,1,39.3,258.2,2079.6,1,0.9981501102,0.0198403690,0.0574696027,-0.0184790846,0.9995381832,-0.0241224095,-0.0579216592,0.0230157990,0.9980558157,1,35.4,64.2,2075.2,1,0.1631643772,-0.9555555582,-0.2455421537,0.9246497750,0.2349078506,-0.2997351289,0.3440933228,-0.1781343967,0.9218828082,1,-97.1,260.7,2087.5,1,-0.2414031178,-0.9555555582,-0.1692279428,-0.2766177654,0.2349078506,-0.9318266511,0.9301651120,-0.1781343967,-0.3210311532,1,-134.8,47.2,2008.1,1,0.2042086273,0.6968902946,0.6874901652,-0.9788722992,0.1379159689,0.1509575993,0.0103850160,-0.7037919164,0.7103302479,1,175.7,255.7,2071.7,1,-0.1060420051,0.6937286854,0.7123872638,-0.9633967280,0.1057176292,-0.2463545799,-0.2462151200,-0.7124354839,0.6571254134,1,230.7,-8.1,2074.5,1,0.9879080653,-0.0191655643,-0.1538516134,0.0189314559,0.9998162985,-0.0029866756,0.1538805962,0.0000379258,0.9880894423,1,-58.2,-130.5,2078.2,1,0.9804043770,0.1229259446,-0.1539366096,-0.0839528888,0.9676271677,0.2380116284,0.1782110631,-0.2204242200,0.9589859247,1,-50.8,-518.7,2078.2,1,0.9877007604,0.0752091035,-0.1370794177,-0.0666771084,0.9956018925,0.0658107027,0.1414260864,-0.0558612198,0.9883714914,1,120.6,-133.9,2067.5,1,0.9828165174,-0.1262506694,-0.1346567720,0.1398684382,0.9854115248,0.0969587192,0.1204512268,-0.1141268611,0.9861372113,1,91.4,-520.4,2089.2,1,-75.1,115.6,1778.2,1,202.8,-261.2,2009.8,1,-96.6,-879.8,2160.5,1,138.6,-888.2,2131.8,1,
2,0.9984766841,0.0213381127,0.0508815981,-0.0203771777,0.9996054769,-0.0193302855,-0.0512739979,0.0182640180,0.9985176325,1,42.8,456.8,2081.0,1,0.9984766841,0.0213381127,0.0508815981,-0.0203771777,0.9996054769,-0.0193302855,-0.0512739979,0.0182640180,0.9985176325,1,38.6,257.7,2077.4,1,0.9985252619,0.0190715920,0.0508292094,-0.0179761499,0.9995980859,-0.0219221618,-0.0512268692,0.0209761169,0.9984667301,1,34.8,63.7,2073.3,1,0.1550680846,-0.9586840272,-0.2384928018,0.9248774052,0.2257287502,-0.3060200810,0.3472112417,-0.1731226593,0.9216685295,1,-97.9,260.2,2084.4,1,-0.2296615541,-0.9586840272,-0.1678704768,-0.2550161481,0.2257287502,-0.9402198195,0.9392669201,-0.1731226593,-0.2963211238,1,-133.3,48.8,2005.1,1,0.2072715312,0.7012552619,0.6821140647,-0.9781692624,0.1379051954,0.1554577202,0.0149484761,-0.6994449496,0.7145301104,1,175.0,255.2,2070.4,1,-0.1086147055,0.6977483630,0.7080608010,-0.9630468488,0.1027370840,-0.2489697039,-0.2464623004,-0.7089374661,0.6608055830,1,230.5,-6.6,2074.4,1,0.9869277477,-0.0151329720,-0.1604512632,0.0153410137,0.9998823404,0.0000578428,0.1604315042,-0.0025185717,0.9870437384,1,-57.8,-128.2,2075.9,1,0.9799277782,0.1198216602,-0.1593247205,-0.0787473544,0.9668725133,0.2428094596,0.1831405163,-0.2253893316,0.9569008350,1,-52.0,-516.4,2076.9,1,0.9867951274,0.0744516551,-0.1438482106,-0.0655038133,0.9956688881,0.0659747571,0.1481371224,-0.0556809604,0.9873980880,1,121.0,-131.5,2065.5,1,0.9824541807,-0.1223903447,-0.1407280117,0.1378721595,0.9847525954,0.1060831398,0.1255987138,-0.1236242950,0.9843485355,1,92.1,-518.1,2087.1,1,-76.2,112.2,1771.7,1,201.9,-259.6,2009.6,1,-96.7,-877.3,2161.0,1,137.8,-885.6,2133.3,1,
3,0.9982751012,0.0204998087,0.0550139993,-0.0195130873,0.9996400476,-0.0184134878,-0.0553716682,0.0173082333,0.9983158112,1,42.4,454.0,2079.5,1,0.9982751012,0.0204998087,0.0550139993,-0.0195130873,0.9996400476,-0.0184134878,-0.0553716682,0.0173082333,0.9983158112,1,38.4,255.6,2076.1,1,0.9983148575,0.0185418297,0.0549881123,-0.0174794160,0.9996523261,-0.0197392423,-0.0553349964,0.0187448189,0.9982918501,1,34.8,61.5,2072.4,1,0.1581205577,-0.9583281875,-0.2379180640,0.9228328466,0.2291360497,-0.3096389174,0.3512513041,-0.1705983132,0.9206078053,1,-98.0,258.0,2083.6,1,-0.2268482596,-0.9583281875,-0.1736288518,-0.2474326044,0.2291360497,-0.9414211512,0.9419750571,-0.1705983132,-0.2891007662,1,-133.9,48.7,2004.0,1,0.2087609619,0.6983877420,0.6845972538,-0.9778023362,0.1362229586,0.1592038423,0.0179281589,-0.7026363611,0.7113232613,1,174.8,253.2,2068.5,1,-0.1062263325,0.6951485872,0.7109742165,-0.9640432596,0.1031629890,-0.2449039370,-0.2435908616,-0.7114251852,0.6591947079,1,230.3,-7.0,2073.3,1,0.9874846339,-0.0209329054,-0.1563197821,0.0212503001,0.9997740984,0.0003593121,0.1562769413,-0.0036766573,0.9877064228,1,-58.3,-128.8,2073.8,1,0.9802459478,0.1207093969,-0.1566751599,-0.0796773583,0.9660457373,0.2457785606,0.1810231507,-0.2284399718,0.9565802813,1,-50.2,-516.9,2075.3,1,0.9872798920,0.0749204382,-0.1402331293,-0.0667571649,0.9958383441,0.0620441027,0.1442978978,-0.0518933311,0.9881726503,1,120.6,-132.0,2064.7,1,0.9839634299,-0.1163722724,-0.1351793110,0.1334854811,0.9830963016,0.1253126562,0.1183113605,-0.1413475424,0.9828648567,1,91.5,-518.6,2084.8,1,-77.2,110.5,1768.6,1,202.4,-260.3,2009.3,1,-95.2,-877.5,2160.5,1,135.0,-885.5,2137.6,1,
4,0.9976220131,0.0226543564,0.0650933608,-0.0205525812,0.9992513061,-0.0327788852,-0.0657872036,0.0313630998,0.9973406792,1,42.5,454.2,2084.2,1,0.9976220131,0.0226543564,0.0650933608,-0.0205525812,0.9992513061,-0.0327788852,-0.0657872036,0.0313630998,0.9973406792,1,38.0,256.3,2078.0,1,0.9976809621,0.0198471919,0.0651061013,-0.0177799109,0.9993239641,-0.0321797095,-0.0657007620,0.0309475027,0.9973593354,1,34.1,62.3,2072.0,1,0.1573965102,-0.9567582011,-0.2446224242,0.9161274433,0.2339470685,-0.3255445957,0.3686961532,-0.1728657335,0.9133348465,1,-98.3,258.7,2087.0,1,-0.2286533117,-0.9567582011,-0.1798094958,-0.2375114560,0.2339470685,-0.9427921772,0.9440900087,-0.1728657335,-0.2807337940,1,-134.5,48.3,2002.3,1,0.2082855850,0.6928662658,0.6903285384,-0.9779627919,0.1371798068,0.1573863626,0.0143485619,-0.7078969479,0.7061699629,1,174.3,253.8,2069.0,1,-0.1056845859,0.6901345849,0.7159224749,-0.9625370502,0.1097924709,-0.2479275614,-0.2497062832,-0.7153040171,0.6526767612,1,230.2,-8.9,2072.9,1,0.9889981747,-0.0210665688,-0.1464200020,0.0206004530,0.9997767210,-0.0046991962,0.1464862972,0.0016311785,0.9892113805,1,-58.3,-131.0,2073.7,1,0.9816870689,0.1216747537,-0.1465802938,-0.0786594748,0.9596909285,0.2698259056,0.1735027879,-0.2533546686,0.9516870379,1,-50.1,-519.1,2073.1,1,0.9887900352,0.0743340030,-0.1294943243,-0.0672582909,0.9960373640,0.0581887327,0.1333065927,-0.0488268696,0.9898713231,1,120.6,-134.1,2063.8,1,0.9853839278,-0.1185663790,-0.1223134696,0.1361525655,0.9796916842,0.1471960396,0.1023769900,-0.1616978943,0.9815155268,1,91.7,-520.8,2082.8,1,-77.0,108.0,1764.9,1,202.5,-261.7,2007.3,1,-95.5,-877.2,2167.7,1,136.0,-886.4,2143.1,1,
5,0.9980691671,0.0245953854,0.0570354871,-0.0235908739,0.9995556474,-0.0182190575,-0.0574582480,0.0168383624,0.9982059002,1,42.3,452.6,2080.6,1,0.9980691671,0.0245953854,0.0570354871,-0.0235908739,0.9995556474,-0.0182190575,-0.0574582480,0.0168383624,0.9982059002,1,37.5,254.2,2077.3,1,0.9981493950,0.0212959815,0.0569589436,-0.0200962685,0.9995657206,-0.0215533283,-0.0573932081,0.0203687791,0.9981438518,1,33.3,60.2,2073.3,1,0.1504548788,-0.9584803581,-0.2422368675,0.9144113660,0.2280571610,-0.3344275057,0.3757860661,-0.1711878926,0.9107576609,1,-98.9,257.0,2085.1,1,-0.2241919786,-0.9584803581,-0.1762195379,-0.2316794246,0.2280571610,-0.9456820488,0.9466058612,-0.1711878926,-0.2731887698,1,-133.1,49.2,1999.7,1,0.2116177231,0.6955894232,0.6865662932,-0.9773030877,0.1435367614,0.1558072418,0.0098303631,-0.7039549351,0.7101765871,1,173.8,251.5,2069.4,1,-0.1050427556,0.6922485232,0.7139734030,-0.9628333449,0.1088481694,-0.2471921891,-0.2488331199,-0.7134031653,0.6550862193,1,230.1,-8.3,2072.0,1,0.9875761867,-0.0305408556,-0.1541444808,0.0299837328,0.9995327592,-0.0059383609,0.1542538106,0.0012427573,0.9880304933,1,-59.1,-130.1,2071.9,1,0.9786362052,0.1335578859,-0.1563119888,-0.0841575414,0.9538841844,0.2881362140,0.1875863969,-0.2688257098,0.9447454810,1,-47.3,-518.1,2071.4,1,0.9879112244,0.0710114241,-0.1377998888,-0.0626763478,0.9959851503,0.0639162511,0.1417854279,-0.0545067899,0.9883956313,1,119.6,-133.3,2060.1,1,0.9852421880,-0.1093762517,-0.1316609979,0.1281275153,0.9813083410,0.1435870677,0.1134950221,-0.1583374441,0.9808405042,1,92.1,-520.0,2081.3,1,-76.2,108.0,1759.4,1,202.5,-261.3,2006.7,1,-97.1,-874.1,2171.7,1,132.9,-886.2,2140.4,1,
6,0.9974337220,0.0266791172,0.0664391443,-0.0256712828,0.9995427728,-0.0159772560,-0.0668350235,0.0142306760,0.9976625443,1,42.7,452.1,2079.3,1,0.9974337220,0.0266791172,0.0664391443,-0.0256712828,0.9995427728,-0.0159772560,-0.0668350235,0.0142306760,0.9976625443,1,37.4,254.0,2076.5,1,0.9974962473,0.0244005173,0.0663767681,-0.0232254062,0.9995605946,-0.0184181910,-0.0667970181,0.0168304481,0.9976246357,1,32.7,60.0,2073.2,1,0.1442067772,-0.9579106569,-0.2482168525,0.9173860550,0.2234490663,-0.3293529153,0.3709544837,-0.1802157462,0.9109967351,1,-98.9,257.2,2085.6,1,-0.2283131927,-0.9579106569,-0.1740123183,-0.2124736905,0.2234490663,-0.9512757063,0.9501200318,-0.1802157462,-0.2545471787,1,-131.7,48.4,2001.2,1,0.2142333239,0.6893171668,0.6920591593,-0.9766387939,0.1390087008,0.1638696492,0.0167559162,-0.7109981775,0.7029941678,1,173.7,250.8,2067.3,1,-0.1076306477,0.6866006255,0.7190237641,-0.9613634944,0.1124368608,-0.2512731850,-0.2533690929,-0.7182878852,0.6479711533,1,230.7,-8.9,2071.8,1,0.9892142415,-0.0227242429,-0.1447022855,0.0222671330,0.9997406602,-0.0047779712,0.1447733343,0.0015043322,0.9894636869,1,-60.3,-132.0,2074.5,1,0.9832621217,0.1099470630,-0.1452834159,-0.0666142032,0.9591308832,0.2750100791,0.1695823520,-0.2607290447,0.9504010677,1,-51.4,-520.1,2073.9,1,0.9892316461,0.0693387315,-0.1288912147,-0.0622594990,0.9963634014,0.0581693128,0.1324558854,-0.0495182201,0.9899511933,1,118.6,-135.6,2064.2,1,0.9855784774,-0.1159822717,-0.1232200563,0.1323357671,0.9820941091,0.1340834796,0.1054623872,-0.1484562159,0.9832794070,1,91.7,-522.4,2083.4,1,-74.2,101.9,1762.1,1,202.4,-261.5,2005.2,1,-92.5,-878.0,2171.2,1,135.0,-889.0,2138.8,1,
7,0.9964779019,0.0270094201,0.0793868527,-0.0244232696,0.9991446137,-0.0333691165,-0.0802202299,0.0313127004,0.9962852001,1,42.7,452.8,2083.6,1,0.9964779019,0.0270094201,0.0793868527,-0.0244232696,0.9991446137,-0.0333691165,-0.0802202299,0.0313127004,0.9962852001,1,37.3,254.5,2077.4,1,0.9965478778,0.0241698083,0.0794239342,-0.0216913745,0.9992550015,-0.0319212079,-0.0801362917,0.0300881956,0.9963297248,1,32.6,60.5,2071.6,1,0.1448074877,-0.9611155391,-0.2351334244,0.9179765582,0.2191814035,-0.3305730820,0.3692558110,-0.1679775119,0.9140206575,1,-98.8,257.4,2088.4,1,-0.2127398252,-0.9611155391,-0.1760644764,-0.1998587102,0.2191814035,-0.9549952745,0.9564508796,-0.1679775119,-0.2387159169,1,-131.8,48.3,2004.2,1,0.2117077410,0.6820967793,0.6999455690,-0.9772604704,0.1390153766,0.1601148099,0.0119105959,-0.7179266810,0.6960168481,1,173.5,251.5,2066.5,1,-0.1111862287,0.6788454056,0.7258144021,-0.9626597166,0.1078242287,-0.2483148426,-0.2468277663,-0.7263214588,0.6415085196,1,230.2,-10.3,2069.7,1,0.9907799959,-0.0306013711,-0.1319793910,0.0295699276,0.9995149970,-0.0097684655,0.1322143078,0.0057757790,0.9912043214,1,-61.4,-132.0,2075.9,1,0.9838401675,0.1173848882,-0.1352011859,-0.0759701654,0.9574416280,0.2784493566,0.1621329933,-0.2636784017,0.9508872628,1,-49.5,-520.0,2073.7,1,0.9908885956,0.0704044700,-0.1148172393,-0.0636948794,0.9960973263,0.0610986464,0.1186707690,-0.0532286838,0.9915059209,1,117.3,-136.1,2064.0,1,0.9848687649,-0.1329815835,-0.1111281216,0.1452885866,0.9831253290,0.1111567020,0.0944710821,-0.1256204098,0.9875701070,1,90.0,-522.8,2084.6,1,-79.5,97.5,1768.9,1,201.0,-263.2,2004.8,1,-93.4,-877.3,2172.1,1,139.6,-889.7,2131.5,1,
8,0.9964277744,0.0278648715,0.0797196329,-0.0247563832,0.9989041686,-0.0397190414,-0.0807390362,0.0376035869,0.9960256815,1,42.7,453.2,2085.8,1,0.9964277744,0.0278648715,0.0797196329,-0.0247563832,0.9989041686,-0.0397190414,-0.0807390362,0.0376035869,0.9960256815,1,37.2,255.5,2078.4,1,0.9964885712,0.0254041590,0.0797819644,-0.0224765576,0.9990482926,-0.0373812392,-0.0806556717,0.0354567543,0.9961111546,1,32.2,61.6,2071.5,1,0.1476736814,-0.9611209035,-0.2333219051,0.9175227880,0.2212037444,-0.3304857910,0.3692484796,-0.1652741134,0.9145162702,1,-99.0,258.6,2089.4,1,-0.2091019750,-0.9611209035,-0.1803413182,-0.1921405643,0.2212037444,-0.9561123848,0.9588317871,-0.1652741134,-0.2309244573,1,-132.8,48.2,2004.7,1,0.2106080204,0.6817670465,0.7005982399,-0.9775565267,0.1430342793,0.1546752155,0.0052429056,-0.7174502611,0.6965900064,1,173.3,252.4,2067.3,1,-0.1130714715,0.6780808568,0.7262377143,-0.9620854855,0.1078712791,-0.2505100965,-0.2482062727,-0.7270283103,0.6401745677,1,229.9,-10.1,2068.7,1,0.9909775853,-0.0226689205,-0.1320965141,0.0234391075,0.9997161031,0.0042782682,0.1319620311,-0.0073358924,0.9912276268,1,-61.4,-131.5,2072.9,1,0.9866199493,0.0934695527,-0.1335832030,-0.0572660118,0.9658134580,0.2528339326,0.1526487172,-0.2418012321,0.9582434893,1,-52.6,-519.6,2075.8,1,0.9913067818,0.0667039976,-0.1134083420,-0.0590666272,0.9958370924,0.0694231987,0.1175670400,-0.0621210374,0.9911200404,1,117.2,-135.4,2058.6,1,0.9871886969,-0.1167563573,-0.1087496355,0.1310421824,0.9821259379,0.1351168752,0.0910300910,-0.1476366371,0.9848436117,1,91.3,-522.0,2082.7,1,-81.7,95.2,1770.4,1,200.2,-262.9,2003.5,1,-87.5,-879.9,2166.0,1,134.8,-888.4,2137.8,1,
9,0.9969698191,0.0254768170,0.0734991804,-0.0223024301,0.9987961054,-0.0436915867,-0.0745238140,0.0419199839,0.9963377714,1,41.2,454.8,2087.9,1,0.9969698191,0.0254768170,0.0734991804,-0.0223024301,0.9987961054,-0.0436915867,-0.0745238140,0.0419199839,0.9963377714,1,36.2,257.2,2079.6,1,0.9969848990,0.0247608218,0.0735391974,-0.0217024442,0.9988776445,-0.0421003066,-0.0744991004,0.0403773896,0.9964033365,1,31.3,63.3,2071.8,1,0.1410233080,-0.9635381103,-0.2273912579,0.9195550084,0.2125817388,-0.3304960132,0.3667847216,-0.1624911278,0.9160052538,1,-100.1,260.1,2089.8,1,-0.2014818490,-0.9635381103,-0.1760665178,-0.1768351793,0.2125817388,-0.9610090256,0.9633973241,-0.1624911278,-0.2132187933,1,-132.4,49.5,2005.7,1,0.2128501683,0.6851419210,0.6966170669,-0.9770795703,0.1515998691,0.1494423896,-0.0032178238,-0.7124591470,0.7017062306,1,172.4,254.2,2069.4,1,-0.1139488220,0.6806089878,0.7237313390,-0.9616624713,0.1073408723,-0.2523553371,-0.2494412512,-0.7247408628,0.6422847509,1,229.8,-9.3,2068.5,1,0.9899140596,-0.0310501046,-0.1382245421,0.0307788756,0.9995177984,-0.0040997835,0.1382851899,-0.0001959627,0.9903924465,1,-62.0,-130.3,2071.8,1,0.9815807343,0.1284783334,-0.1413950473,-0.0856675357,0.9575230479,0.2753374875,0.1707639098,-0.2581530213,0.9508925676,1,-49.9,-518.3,2071.9,1,0.9907881618,0.0644412488,-0.1191056594,-0.0559783503,0.9957534671,0.0730855912,0.1233095974,-0.0657450035,0.9901880026,1,116.6,-134.4,2057.4,1,0.9865657091,-0.1157869324,-0.1152453497,0.1305041611,0.9829362035,0.1296343803,0.0982688665,-0.1429328322,0.9848418236,1,91.6,-520.9,2082.9,1,-83.4,92.4,1771.8,1,199.8,-262.0,2003.0,1,-97.8,-875.4,2168.2,1,134.8,-887.8,2136.2,1,
10,0.9974507093,0.0224121176,0.0677477568,-0.0203558691,0.9993154407,-0.0308910646,-0.0683937147,0.0294332504,0.9972241521,1,40.0,456.4,2082.9,1,0.9974507093,0.0224121176,0.0677477568,-0.0203558691,0.9993154407,-0.0308910646,-0.0683937147,0.0294332504,0.9972241521,1,35.6,258.5,2077.1,1,0.9974704385,0.0215820782,0.0677270666,-0.0194604639,0.9993038177,-0.0318309180,-0.0683668926,0.0304323994,0.9971959591,1,31.4,64.6,2071.2,1,0.1391649693,-0.9650753140,-0.2219522595,0.9231125712,0.2075599730,-0.3237005770,0.3584638238,-0.1598391384,0.9197582006,1,-100.7,261.2,2086.4,1,-0.1958682090,-0.9650753140,-0.1739693582,-0.1665087640,0.2075599730,-0.9639469385,0.9663904309,-0.1598391384,-0.2013478875,1,-132.6,49.4,2004.2,1,0.2147093862,0.6882920265,0.6929314137,-0.9766741991,0.1493322551,0.1542965174,0.0027240543,-0.7098971605,0.7043001056,1,171.8,255.9,2067.8,1,-0.1136916131,0.6838203073,0.7207385302,-0.9619685411,0.1055912971,-0.2519266307,-0.2483762652,-0.7219697237,0.6458087564,1,229.7,-7.5,2068.5,1,0.9893931746,-0.0179504324,-0.1441491395,0.0191671085,0.9997913837,0.0070560020,0.1439924091,-0.0097440826,0.9895308018,1,-62.8,-128.7,2070.6,1,0.9858938456,0.0850778222,-0.1441355944,-0.0464424752,0.9664116502,0.2527678609,0.1607992500,-0.2425082773,0.9567305446,1,-55.8,-516.8,2074.4,1,0.9901273847,0.0613646470,-0.1260243654,-0.0528756902,0.9961701035,0.0696369782,0.1298149526,-0.0622858554,0.9895799756,1,115.9,-132.5,2057.2,1,0.9863252640,-0.1111677065,-0.1216723844,0.1274693906,0.9825269580,0.1356183589,0.1044700146,-0.1492733210,0.9832616448,1,92.0,-519.3,2081.4,1,-84.8,90.1,1768.2,1,199.9,-260.2,2003.2,1,-87.5,-876.9,2164.8,1,133.5,-886.0,2137.1,1,
11,0.9972367287,0.0210248921,0.0712521300,-0.0189583730,0.9993833303,-0.0295561794,-0.0718296096,0.0281236824,0.9970203638,1,39.5,455.9,2081.4,1,0.9972367287,0.0210248921,0.0712521300,-0.0189583730,0.9993833303,-0.0295561794,-0.0718296096,0.0281236824,0.9970203638,1,35.4,258.1,2075.9,1,0.9972502589,0.0203331541,0.0712632537,-0.0183035396,0.9994112849,-0.0290187877,-0.0718113407,0.0276346244,0.9970353246,1,31.4,64.1,2070.5,1,0.1190361753,-0.9732375741,-0.1965680718,0.9147241116,0.1844897270,-0.3595043421,0.3861479163,-0.1370115429,0.9122048020,1,-100.9,260.6,2085.7,1,-0.1623704582,-0.9732375741,-0.1626175046,-0.1301590502,0.1844897270,-0.9741776586,0.9781075716,-0.1370115429,-0.1566313654,1,-128.0,52.3,1997.8,1,0.2139986455,0.6860643029,0.6953562498,-0.9768177867,0.1462021470,0.1563710719,0.0056180311,-0.7126995921,0.7014468908,1,171.6,255.6,2066.1,1,-0.1069243997,0.6825453639,0.7229792476,-0.9628384113,0.1102989987,-0.2465285063,-0.2480107844,-0.7224720716,0.6453872919,1,229.2,-7.2,2067.6,1,0.9899182320,-0.0182043705,-0.1404653043,0.0180374887,0.9998342991,-0.0024612111,0.1404868364,-0.0000972436,0.9900825620,1,-62.2,-127.7,2071.4,1,0.9862517118,0.0874437392,-0.1402180940,-0.0477142334,0.9630702734,0.2649887502,0.1582114846,-0.2546552122,0.9540020227,1,-55.1,-515.8,2071.5,1,0.9903121591,0.0643626377,-0.1230418831,-0.0565593764,0.9962221980,0.0658966452,0.1268183291,-0.0582990758,0.9902112484,1,116.5,-131.1,2059.2,1,0.9864959121,-0.1130197197,-0.1185424551,0.1283933669,0.9829965830,0.1312738955,0.1016902924,-0.1447212249,0.9842331409,1,91.5,-517.9,2081.8,1,-87.7,84.6,1755.2,1,201.1,-260.2,2002.4,1,-87.8,-875.0,2166.4,1,133.7,-884.8,2135.8,1,
12,0.9971285462,0.0231318008,0.0721082985,-0.0213195495,0.9994397163,-0.0258015897,-0.0726647377,0.0241901856,0.9970630407,1,39.7,455.2,2079.7,1,0.9971285462,0.0231318008,0.0721082985,-0.0213195495,0.9994397163,-0.0258015897,-0.0726647377,0.0241901856,0.9970630407,1,35.1,257.5,2074.9,1,0.9971179366,0.0235422719,0.0721216351,-0.0217722692,0.9994445443,-0.0252306350,-0.0726755559,0.0235876665,0.9970766902,1,30.5,63.5,2070.3,1,0.1078497916,-0.9773066044,-0.1823189557,0.9104160070,0.1707622558,-0.3768061697,0.3993883729,-0.1253476292,0.9081723094,1,-101.1,260.5,2084.9,1,-0.1454162002,-0.9773066044,-0.1540321559,-0.1105487868,0.1707622558,-0.9790909886,0.9831749797,-0.1253476292,-0.1328716576,1,-125.6,53.7,1994.1,1,0.2165753990,0.6844605803,0.6961385012,-0.9762476087,0.1474755853,0.1587184072,0.0059730555,-0.7139780521,0.7001425624,1,171.3,254.5,2065.0,1,-0.1098779663,0.6804509759,0.7245090008,-0.9631403685,0.1071755663,-0.2467265874,-0.2455350161,-0.7249137163,0.6435936093,1,229.3,-6.9,2066.6,1,0.9900528789,-0.0179928560,-0.1395405233,0.0185571443,0.9998240471,0.0027437478,0.1394665986,-0.0053059291,0.9902125597,1,-61.9,-128.3,2071.6,1,0.9864674807,0.0856279731,-0.1398205906,-0.0501093678,0.9694383144,0.2401633114,0.1561121345,-0.2299069762,0.9606100917,1,-54.9,-516.4,2073.6,1,0.9904363155,0.0649479032,-0.1217277274,-0.0563663095,0.9957622886,0.0726656988,0.1259313673,-0.0651094094,0.9899000525,1,116.8,-131.6,2058.7,1,0.9870452285,-0.1083554849,-0.1183252186,0.1227885410,0.9848555923,0.1224027798,0.1032702401,-0.1353460550,0.9854018092,1,91.6,-518.1,2084.0,1,-89.2,81.4,1747.9,1,200.5,-259.9,2002.1,1,-86.8,-878.0,2159.4,1,132.0,-885.8,2134.5,1,
13,0.9974364638,0.0143921003,0.0700958446,-0.0126476521,0.9996007085,-0.0252671856,-0.0704315007,0.0243158638,0.9972202182,1,39.0,453.9,2078.8,1,0.9974364638,0.0143921003,0.0700958446,-0.0126476521,0.9996007085,-0.0252671856,-0.0704315007,0.0243158638,0.9972202182,1,36.2,256.2,2074.0,1,0.9974236488,0.0152920391,0.0700875670,-0.0135103837,0.9995751977,-0.0258243643,-0.0704527050,0.0248109214,0.9972065091,1,33.2,62.1,2069.2,1,0.1032997668,-0.9798232317,-0.1711010784,0.9035738707,0.1643520147,-0.3956547081,0.4157924652,-0.1137314215,0.9023202062,1,-100.1,258.0,2083.7,1,-0.1310700029,-0.9798232317,-0.1508876085,-0.0987902209,0.1643520147,-0.9814422727,0.9864386320,-0.1137314215,-0.1183385700,1,-123.3,55.1,1990.3,1,0.2088691592,0.6874541044,0.6955433488,-0.9779220819,0.1421075314,0.1532116830,0.0064840484,-0.7121884227,0.7019584179,1,172.5,254.3,2064.4,1,-0.1107265875,0.6837766767,0.7212413549,-0.9628602266,0.1060060933,-0.2483201027,-0.2462514788,-0.7219502330,0.6466436982,1,228.6,-8.5,2066.1,1,0.9895145893,-0.0272846539,-0.1418323964,0.0278992169,0.9996079803,0.0023458970,0.1417127848,-0.0062783123,0.9898878932,1,-63.4,-128.6,2072.3,1,0.9855008721,0.0893947855,-0.1442103833,-0.0519182421,0.9680576921,0.2452932894,0.1615319103,-0.2342496067,0.9586629272,1,-52.8,-516.6,2074.7,1,0.9903309345,0.0612016693,-0.1244951934,-0.0525969937,0.9960693717,0.0712692589,0.1283676475,-0.0640320778,0.9896573424,1,115.3,-132.5,2059.3,1,0.9862180352,-0.1117284596,-0.1220277995,0.1252977997,0.9860191941,0.1098483652,0.1080485657,-0.1236242503,0.9864292145,1,91.5,-519.2,2084.1,1,-90.2,80.0,1741.3,1,199.5,-261.5,2001.5,1,-86.1,-877.9,2162.1,1,133.2,-887.2,2130.3,1,
14,0.9967645407,0.0107684201,0.0796526149,-0.0088444687,0.9996615052,-0.0244677812,-0.0798891261,0.0236841310,0.9965223670,1,36.6,455.6,2079.9,1,0.9967645407,0.0107684201,0.0796526149,-0.0088444687,0.9996615052,-0.0244677812,-0.0798891261,0.0236841310,0.9965223670,1,34.5,257.9,2075.2,1,0.9967584014,0.0114104748,0.0796399638,-0.0093972683,0.9996278882,-0.0256080329,-0.0799025297,0.0247766227,0.9964947104,1,32.3,63.9,2070.4,1,0.0921930000,-0.9817711115,-0.1662104726,0.9001957178,0.1535254568,-0.4075261652,0.4256149530,-0.1120508984,0.8979401588,1,-101.7,259.2,2086.1,1,-0.1273858398,-0.9817711115,-0.1410613954,-0.0939617157,0.1535254568,-0.9836671948,0.9873925447,-0.1120508984,-0.1118058711,1,-122.5,55.4,1989.8,1,0.2154005021,0.6803891659,0.7004806995,-0.9764859676,0.1435947418,0.1607971042,0.0088192523,-0.7186453342,0.6953208447,1,170.7,256.6,2064.3,1,-0.1120879352,0.6773257852,0.7270942926,-0.9601202607,0.1147843823,-0.2549384832,-0.2561354637,-0.7266734838,0.6374482512,1,229.2,-8.5,2066.7,1,0.9910906553,-0.0127712013,-0.1325752139,0.0138431853,0.9998784661,0.0071672704,0.1324675679,-0.0089386785,0.9911470413,1,-59.1,-130.7,2070.7,1,0.9870148897,0.0924481973,-0.1313582510,-0.0547544695,0.9624362588,0.2659294009,0.1510086358,-0.2552838326,0.9550008178,1,-54.2,-518.8,2074.2,1,0.9906151295,0.0735838413,-0.1151825786,-0.0653055087,0.9951124787,0.0740699768,0.1200699732,-0.0658527836,0.9905789495,1,119.6,-133.1,2058.1,1,0.9867813587,-0.1174148396,-0.1116974652,0.1306340694,0.9842031598,0.1194942072,0.0959026068,-0.1325061470,0.9865317345,1,91.0,-519.4,2083.7,1,-90.2,79.3,1738.9,1,199.7,-260.7,1999.4,1,-88.7,-878.0,2169.4,1,134.9,-886.8,2133.1,1,
15,0.9954531789,0.0140539873,0.0942096561,-0.0115903793,0.9995777011,-0.0266466569,-0.0945443660,0.0254335739,0.9951956868,1,36.4,453.5,2079.9,1,0.9954531789,0.0140539873,0.0942096561,-0.0115903793,0.9995777011,-0.0266466569,-0.0945443660,0.0254335739,0.9951956868,1,33.6,255.7,2074.9,1,0.9954538345,0.0139714899,0.0942152664,-0.0115454337,0.9995888472,-0.0262462664,-0.0945432335,0.0250391904,0.9952058196,1,30.9,61.7,2070.0,1,0.0824958459,-0.9771778584,-0.1957495511,0.9063056111,0.1552535594,-0.3930731714,0.4144932032,-0.1449820101,0.8984295130,1,-102.4,257.3,2087.8,1,-0.1641243696,-0.9771778584,-0.1348578632,-0.1185060441,0.1552535594,-0.9807408452,0.9792954326,-0.1449820101,-0.1412823796,1,-121.1,51.5,1993.7,1,0.2243444473,0.6701903939,0.7074704170,-0.9743687510,0.1419074088,0.1745503843,0.0165866930,-0.7284964919,0.6848487258,1,169.6,254.2,2062.0,1,-0.1086846814,0.6675557494,0.7365846634,-0.9618306160,0.1165764332,-0.2475717068,-0.2511363328,-0.7353769541,0.6294054985,1,229.2,-4.9,2066.4,1,0.9928618670,-0.0179156158,-0.1179166958,0.0183222741,0.9998293519,0.0023654681,0.1178541929,-0.0045090853,0.9930206537,1,-59.2,-129.3,2072.8,1,0.9870069027,0.1084080487,-0.1185963526,-0.0750152990,0.9636206031,0.2565307617,0.1420918852,-0.2443010956,0.9592324495,1,-52.3,-517.5,2074.5,1,0.9921233058,0.0742278025,-0.1009038314,-0.0675729811,0.9954047799,0.0678465813,0.1054762602,-0.0604938008,0.9925801158,1,119.4,-131.0,2058.4,1,0.9877407551,-0.1230804920,-0.0960177854,0.1350792348,0.9821985364,0.1305360347,0.0782420859,-0.1419057697,0.9867831469,1,90.6,-517.4,2081.9,1,-79.8,81.3,1747.3,1,200.7,-257.5,2000.4,1,-92.7,-877.0,2165.7,1,136.5,-884.1,2134.9,1,
16,0.9941517711,0.0134083768,0.1071561873,-0.0107942643,0.9996306896,-0.0249382537,-0.1074509993,0.0236357376,0.9939293861,1,35.5,452.8,2079.0,1,0.9941517711,0.0134083768,0.1071561873,-0.0107942643,0.9996306896,-0.0249382537,-0.1074509993,0.0236357376,0.9939293861,1,32.9,255.0,2074.3,1,0.9941496253,0.0134697808,0.1071684659,-0.0109544219,0.9996513128,-0.0240252521,-0.1074547172,0.0227107275,0.9939505458,1,30.3,60.9,2069.9,1,0.0915749371,-0.9707916379,-0.2217604071,0.9072914720,0.1731228083,-0.3832109571,0.4104097784,-0.1661088020,0.8966447115,1,-102.9,256.5,2089.0,1,-0.1894348562,-0.9707916379,-0.1472347677,-0.1282163560,0.1731228083,-0.9765188694,0.9734860063,-0.1661088020,-0.1572668552,1,-123.7,50.7,1995.9,1,0.2275548279,0.6615030169,0.7145856023,-0.9734790921,0.1367492378,0.1834067851,0.0236051101,-0.7373692393,0.6750773191,1,168.7,253.5,2059.6,1,-0.1088298485,0.6595159769,0.7437706590,-0.9621713758,0.1181065291,-0.2455140054,-0.2497645617,-0.7423540354,0.6217138767,1,229.3,-5.9,2065.9,1,0.9940179586,-0.0309019163,-0.1047537699,0.0305044763,0.9995200634,-0.0053944415,0.1048701927,0.0021667127,0.9944835305,1,-61.0,-131.3,2073.7,1,0.9861432910,0.1248855963,-0.1092017442,-0.0926796123,0.9606838822,0.2617192566,0.1375933141,-0.2479719222,0.9589462876,1,-49.0,-519.3,2072.8,1,0.9938321114,0.0675948411,-0.0879128426,-0.0613593496,0.9955301881,0.0717962310,0.0923729464,-0.0659591258,0.9935374260,1,117.3,-133.4,2056.7,1,0.9901925325,-0.1113959029,-0.0843193606,0.1212759241,0.9849796295,0.1229114532,0.0693610236,-0.1319319159,0.9888291359,1,91.1,-519.9,2082.3,1,-76.7,82.5,1754.1,1,200.7,-258.7,2000.3,1,-95.6,-877.8,2165.4,1,132.7,-887.5,2131.6,1,
17,0.9939233661,0.0151528483,0.1090264097,-0.0126987034,0.9996508956,-0.0231688879,-0.1093394235,0.0216436051,0.9937688112,1,34.4,452.7,2078.5,1,0.9939233661,0.0151528483,0.1090264097,-0.0126987034,0.9996508956,-0.0231688879,-0.1093394235,0.0216436051,0.9937688112,1,31.4,255.0,2074.2,1,0.9939317107,0.0146170715,0.1090235040,-0.0121384086,0.9996533394,-0.0233642720,-0.1093272269,0.0218991190,0.9937645793,1,28.5,60.9,2069.9,1,0.0844853520,-0.9708983302,-0.2240951806,0.9135342836,0.1652793884,-0.3716689646,0.3978910744,-0.1733180434,0.9009126425,1,-104.4,256.6,2089.1,1,-0.1971196532,-0.9708983302,-0.1360156834,-0.1404850036,0.1652793884,-0.9761899114,0.9702616930,-0.1733180434,-0.1689764708,1,-123.7,48.2,1998.3,1,0.2294972986,0.6594876647,0.7158260942,-0.9730571508,0.1387211084,0.1841636151,0.0221534353,-0.7388047576,0.6735553145,1,167.2,253.3,2059.2,1,-0.1114694476,0.6574571133,0.7452011108,-0.9608216286,0.1201837063,-0.2497552335,-0.2537643909,-0.7438454628,0.6183021665,1,228.4,-6.5,2065.2,1,0.9945162535,-0.0195492953,-0.1027385741,0.0186100695,0.9997758865,-0.0100925695,0.1029128507,0.0081252530,0.9946572185,1,-61.4,-132.1,2075.1,1,0.9889211655,0.1057330221,-0.1041895077,-0.0753343776,0.9622647166,0.2614792585,0.1279048771,-0.2507333159,0.9595692754,1,-53.8,-520.2,2071.9,1,0.9941188097,0.0653977022,-0.0863184631,-0.0596807674,0.9959509969,0.0672293156,0.0903656036,-0.0616823770,0.9939966798,1,116.7,-134.1,2055.8,1,0.9895420671,-0.1192550585,-0.0811459944,0.1299116313,0.9812939763,0.1420742273,0.0626850054,-0.1511302292,0.9865243435,1,91.3,-520.8,2079.8,1,-75.2,82.7,1759.7,1,199.2,-258.9,1998.5,1,-93.3,-879.3,2165.5,1,135.8,-887.0,2136.2,1,
18,0.9934250116,0.0172357094,0.1131799817,-0.0142277982,0.9995251894,-0.0273305811,-0.1135973036,0.0255405791,0.9931985140,1,34.7,451.1,2078.7,1,0.9934250116,0.0172357094,0.1131799817,-0.0142277982,0.9995251894,-0.0273305811,-0.1135973036,0.0255405791,0.9931985140,1,31.3,253.5,2073.7,1,0.9934425950,0.0160708372,0.1131969616,-0.0131718963,0.9995670319,-0.0263112783,-0.1135707945,0.0246477257,0.9932241440,1,28.1,59.5,2068.9,1,0.0853957608,-0.9752464294,-0.2039656937,0.9119461775,0.1589643806,-0.3782650828,0.4013249576,-0.1537034959,0.9029471278,1,-104.5,255.3,2089.2,1,-0.1757283360,-0.9752464294,-0.1342162192,-0.1352620721,0.1589643806,-0.9779747128,0.9751018882,-0.1537034959,-0.1598483920,1,-123.8,48.4,1998.1,1,0.2275678664,0.6573966742,0.7183609605,-0.9734936357,0.1362649798,0.1836899966,0.0228697620,-0.7411217690,0.6709810495,1,167.0,251.7,2058.2,1,-0.1039139032,0.6558563113,0.7476994395,-0.9631143212,0.1212638766,-0.2402203977,-0.2482189834,-0.7450822592,0.6190636158,1,227.3,-6.3,2064.2,1,0.9948586226,-0.0218493138,-0.0988886580,0.0224149767,0.9997380972,0.0046126586,0.0987619832,-0.0068055298,0.9950878024,1,-63.4,-132.0,2075.5,1,0.9894708991,0.1033980995,-0.1012725234,-0.0784757286,0.9712233543,0.2248704731,0.1216094196,-0.2145553529,0.9691115022,1,-54.9,-520.1,2078.1,1,0.9950563908,0.0561454818,-0.0819170922,-0.0507781766,0.9965137243,0.0661961436,0.0853481218,-0.0617092997,0.9944383502,1,114.7,-134.2,2055.9,1,0.9923999906,-0.0958035439,-0.0772264749,0.1062293723,0.9837567210,0.1446996629,0.0621093251,-0.1518036574,0.9864573479,1,92.9,-521.1,2079.8,1,-80.7,81.6,1758.8,1,200.0,-259.3,1999.0,1,-93.4,-882.4,2158.1,1,128.7,-888.2,2136.5,1,
19,0.9930734038,0.0190894008,0.1159343123,-0.0162291173,0.9995414019,-0.0255656969,-0.1163691804,0.0235071015,0.9929277897,1,34.4,451.2,2078.3,1,0.9930734038,0.0190894008,0.1159343123,-0.0162291173,0.9995414019,-0.0255656969,-0.1163691804,0.0235071015,0.9929277897,1,30.6,253.7,2073.7,1,0.9930629134,0.0195588842,0.1159458533,-0.0167713556,0.9995475411,-0.0249687508,-0.1163817570,0.0228509717,0.9929416776,1,26.8,59.6,2069.3,1,0.0780843571,-0.9746020436,-0.2098897994,0.9150709510,0.1536199301,-0.3728888929,0.3956615329,-0.1629472673,0.9038252831,1,-105.1,255.9,2089.6,1,-0.1850853115,-0.9746020436,-0.1260726750,-0.1429179162,0.1536199301,-0.9777399302,0.9722746015,-0.1629472673,-0.1677208841,1,-122.8,47.6,1999.5,1,0.2185269594,0.6563528776,0.7221127748,-0.9755753279,0.1300101429,0.1770595759,0.0223315749,-0.7431676984,0.6687324047,1,166.3,251.4,2057.8,1,-0.0919223130,0.6561305523,0.7490280271,-0.9647297263,0.1276566833,-0.2302178741,-0.2466714233,-0.7437717915,0.6212541461,1,224.7,-9.5,2063.8,1,0.9951183200,-0.0223839357,-0.0961169749,0.0235591847,0.9996607304,0.0111097358,0.0958356783,-0.0133199384,0.9953080416,1,-64.0,-133.4,2074.3,1,0.9901539087,0.0992767811,-0.0986880064,-0.0739667639,0.9695971012,0.2332603484,0.1188449413,-0.2236640155,0.9673935771,1,-55.3,-521.5,2079.4,1,0.9954042435,0.0543808863,-0.0788235143,-0.0490043350,0.9964392185,0.0686105713,0.0822739527,-0.0644325539,0.9945247173,1,114.0,-135.7,2053.9,1,0.9911749363,-0.1103752777,-0.0734133646,0.1210097745,0.9794815183,0.1611602902,0.0541189238,-0.1686217785,0.9841939807,1,92.9,-522.6,2078.9,1,-77.7,82.5,1762.5,1,200.6,-263.0,1999.0,1,-92.3,-883.2,2162.9,1,134.1,-888.1,2141.9,1,
20,0.9927040935,0.0225680266,0.1184451506,-0.0201559886,0.9995651841,-0.0215228740,-0.1188793704,0.0189784653,0.9927273393,1,34.0,453.4,2078.2,1,0.9927040935,0.0225680266,0.1184451506,-0.0201559886,0.9995651841,-0.0215228740,-0.1188793704,0.0189784653,0.9927273393,1,29.6,255.8,2074.4,1,0.9927299023,0.0215929244,0.1184108928,-0.0189891960,0.9995534420,-0.0230733752,-0.1188562363,0.0206571016,0.9926965833,1,25.4,61.8,2070.4,1,0.0748190507,-0.9745206237,-0.2114512771,0.9170305133,0.1505389661,-0.3693142831,0.3917360604,-0.1662755311,0.9049283266,1,-106.1,258.4,2090.6,1,-0.1883054078,-0.9745206237,-0.1218630672,-0.1463377625,0.1505389661,-0.9777132869,0.9711469412,-0.1662755311,-0.1709564626,1,-123.3,47.4,2000.5,1,0.2115867585,0.6546974182,0.7256737351,-0.9771736860,0.1272398233,0.1701225042,0.0190441683,-0.7451049089,0.6666753292,1,165.2,253.2,2058.2,1,-0.0896348134,0.6554269791,0.7499206662,-0.9630841613,0.1348628104,-0.2329827696,-0.2538396120,-0.7431200743,0.6191429496,1,222.6,-11.8,2063.3,1,0.9952527881,-0.0275417641,-0.0933450982,0.0280290674,0.9995994568,0.0039131804,0.0931999311,-0.0065109795,0.9956261516,1,-66.0,-132.9,2075.3,1,0.9898144007,0.1039552763,-0.0972661227,-0.0763545185,0.9642916918,0.2535971105,0.1201556772,-0.2435873747,0.9624072909,1,-55.3,-521.0,2077.8,1,0.9955651760,0.0553420745,-0.0760737583,-0.0498262085,0.9961167574,0.0725864992,0.0797954276,-0.0684741214,0.9944566488,1,112.0,-135.9,2054.4,1,0.9888576269,-0.1302913129,-0.0720056221,0.1394770294,0.9799531102,0.1422603428,0.0520268530,-0.1507183462,0.9872067571,1,90.5,-522.6,2081.0,1,-77.5,83.0,1764.1,1,199.0,-264.8,1996.6,1,-94.1,-880.8,2168.7,1,139.1,-888.3,2137.2,1,
21,0.9916744232,0.0231416523,0.1266741455,-0.0202236641,0.9995007515,-0.0242733844,-0.1271726340,0.0215094797,0.9916473627,1,34.2,452.6,2078.6,1,0.9916744232,0.0231416523,0.1266741455,-0.0202236641,0.9995007515,-0.0242733844,-0.1271726340,0.0215094797,0.9916473627,1,29.6,254.9,2074.3,1,0.9916594028,0.0240435358,0.1266237646,-0.0208600909,0.9994335771,-0.0264074709,-0.1271869689,0.0235458333,0.9915992618,1,24.9,60.9,2069.7,1,0.0930906013,-0.9677503109,-0.2340801060,0.9130585194,0.1767318845,-0.3675458431,0.3970620334,-0.1795137674,0.9000647664,1,-105.9,257.7,2091.7,1,-0.2052046955,-0.9677503109,-0.1461177021,-0.1397193670,0.1767318845,-0.9742916822,0.9686947465,-0.1795137674,-0.1714796722,1,-127.2,49.1,2001.0,1,0.2136439234,0.6497248411,0.7295299172,-0.9766131639,0.1235897690,0.1759326458,0.0241453778,-0.7500554323,0.6609340310,1,165.1,252.0,2056.9,1,-0.0958172381,0.6504497528,0.7534813881,-0.9630939960,0.1307014823,-0.2353021204,-0.2515333295,-0.7482193708,0.6139208078,1,222.3,-9.6,2063.4,1,0.9956706762,-0.0381439775,-0.0847638324,0.0376345105,0.9992626905,-0.0076008318,0.0849912614,0.0043778801,0.9963721037,1,-67.8,-130.6,2077.0,1,0.9893804789,0.1126560196,-0.0918419063,-0.0856889486,0.9624715447,0.2574994862,0.1174040809,-0.2468951195,0.9619038701,1,-53.0,-518.5,2075.3,1,0.9963007569,0.0529418588,-0.0676905215,-0.0483029969,0.9964864254,0.0684221536,0.0710750818,-0.0648993850,0.9953574538,1,110.1,-134.0,2055.7,1,0.9898980260,-0.1267498881,-0.0635325909,0.1347216070,0.9805239439,0.1429085433,0.0441815853,-0.1500241011,0.9876946807,1,89.6,-520.9,2080.9,1,-77.1,83.2,1764.7,1,197.1,-262.7,1997.3,1,-95.0,-877.7,2167.5,1,136.9,-886.8,2136.9,1,
22,0.9922346473,0.0190952681,0.1229054555,-0.0162301213,0.9995736480,-0.0242709965,-0.1233165190,0.0220877528,0.9921215773,1,33.3,451.4,2078.3,1,0.9922346473,0.0190952681,0.1229054555,-0.0162301213,0.9995736480,-0.0242709965,-0.1233165190,0.0220877528,0.9921215773,1,29.5,253.7,2073.9,1,0.9922387004,0.0189983752,0.1228876710,-0.0160169117,0.9995539784,-0.0252043232,-0.1233117059,0.0230404232,0.9921004772,1,25.8,59.6,2069.4,1,0.1023768485,-0.9639964700,-0.2454175651,0.9106631875,0.1900985092,-0.3668175042,0.4002642930,-0.1859391332,0.8973377943,1,-106.0,255.8,2090.7,1,-0.2138813585,-0.9639964700,-0.1580049694,-0.1388100237,0.1900985092,-0.9719024301,0.9669470191,-0.1859391332,-0.1744709015,1,-129.3,49.2,1999.9,1,0.2088084668,0.6529655457,0.7280350327,-0.9776919484,0.1220632717,0.1709357947,0.0227488354,-0.7474868298,0.6638869643,1,165.1,251.5,2057.0,1,-0.0943336040,0.6535416245,0.7509890199,-0.9641922116,0.1278342605,-0.2323612273,-0.2478598505,-0.7460172772,0.6180806756,1,221.4,-12.0,2063.2,1,0.9953015447,-0.0381698348,-0.0889828354,0.0384810343,0.9992577434,0.0017838370,0.0888487026,-0.0051996075,0.9960315824,1,-68.6,-131.3,2076.6,1,0.9900552630,0.1033250913,-0.0954697952,-0.0781950057,0.9683334827,0.2370987386,0.1169448495,-0.2272755951,0.9667831659,1,-53.8,-519.2,2078.6,1,0.9962873459,0.0478845984,-0.0715446174,-0.0424092896,0.9961916208,0.0761817992,0.0749200881,-0.0728648081,0.9945238829,1,109.1,-135.0,2053.8,1,0.9906219244,-0.1182751879,-0.0684048012,0.1268306822,0.9822173715,0.1384304464,0.0508154966,-0.1458080560,0.9880070090,1,90.5,-521.8,2082.1,1,-77.1,83.1,1763.9,1,196.6,-265.3,1998.1,1,-92.3,-880.5,2163.4,1,134.6,-888.4,2136.5,1,
23,0.9929336905,0.0171464756,0.1174254194,-0.0145984106,0.9996396899,-0.0225253198,-0.1177693382,0.0206519235,0.9928262234,1,32.8,451.4,2077.6,1,0.9929336905,0.0171464756,0.1174254194,-0.0145984106,0.9996396899,-0.0225253198,-0.1177693382,0.0206519235,0.9928262234,1,29.4,253.4,2073.5,1,0.9929260612,0.0176255777,0.1174185574,-0.0150340861,0.9996242523,-0.0229198709,-0.1177784130,0.0209924560,0.9928179979,1,26.0,59.4,2069.5,1,0.1091095135,-0.9627597928,-0.2473634928,0.9140688181,0.1949622482,-0.3556232154,0.3906062841,-0.1873053908,0.9013009667,1,-106.2,255.5,2089.6,1,-0.2167871147,-0.9627597928,-0.1615454555,-0.1427348256,0.1949622482,-0.9703692794,0.9657277465,-0.1873053908,-0.1796846539,1,-130.9,48.5,2001.1,1,0.2063586265,0.6571119428,0.7249965668,-0.9781862497,0.1204984263,0.1692093909,0.0238285679,-0.7440994382,0.6676437855,1,165.1,251.4,2057.4,1,-0.0955437273,0.6581240892,0.7468226552,-0.9624767303,0.1303538978,-0.2380051613,-0.2539881766,-0.7415392995,0.6209746003,1,220.9,-13.3,2063.9,1,0.9952004552,-0.0254522432,-0.0944896042,0.0258861128,0.9996592402,0.0033686487,0.0943716690,-0.0057984493,0.9955201745,1,-66.8,-133.0,2076.0,1,0.9911201596,0.0900570005,-0.0978293642,-0.0643208772,0.9686313868,0.2400334775,0.1163772866,-0.2316095531,0.9658226371,1,-56.9,-521.0,2078.3,1,0.9952246547,0.0590227731,-0.0777441859,-0.0538467839,0.9962941408,0.0670711845,0.0814148039,-0.0625646263,0.9947146773,1,111.0,-135.8,2053.9,1,0.9883005023,-0.1348389089,-0.0712782443,0.1451911330,0.9748744369,0.1689358950,0.0467082076,-0.1773083955,0.9830463529,1,88.1,-522.6,2078.2,1,-78.2,83.2,1766.2,1,195.8,-266.1,1997.2,1,-90.5,-882.5,2164.7,1,138.4,-886.3,2144.3,1,
