1,0.6055882573,0.6846388578,-0.4056260884,-0.3915052414,0.7000943422,0.5971528888,0.6928105950,-0.2028240412,0.6920086145,1,230.1,363.7,2424.5,1,0.6055882573,0.6846388578,-0.4056260884,-0.3915052414,0.7000943422,0.5971528888,0.6928105950,-0.2028240412,0.6920086145,1,92.7,223.2,2465.2,1,0.6180574298,0.6638762355,-0.4210384488,-0.3783679307,0.7206773162,0.5809146762,0.6890883446,-0.1997311711,0.6966094375,1,-39.2,80.0,2504.8,1,0.2081209123,0.0625592321,-0.9761004448,0.9581873417,0.1873188168,0.2163069844,0.1963739842,-0.9803050756,-0.0209584981,1,5.8,276.4,2368.3,1,-0.7886499763,0.0625592321,-0.6116514802,0.6112390757,0.1873188168,-0.7689593434,0.0664683357,-0.9803050756,-0.1859676242,1,-51.6,11.9,2314.1,1,-0.0892175436,0.8806613684,-0.4652695954,-0.9953497648,-0.0958666280,0.0094066421,-0.0363197587,0.4639452100,0.8851190209,1,179.6,170.1,2562.0,1,0.3998850882,0.8806613684,-0.2540225685,-0.3746814728,-0.0958666280,-0.9221840501,-0.8364841342,0.4639452100,0.2916318476,1,158.2,-69.2,2553.3,1,0.6922085285,-0.0449070148,-0.7202990651,0.0565355569,0.9983692169,-0.0079125306,0.7194797397,-0.0352453887,0.6936185360,1,-231.6,-22.1,2473.0,1,0.6917617917,0.0420856103,-0.7208983302,-0.0531839095,0.9985583425,0.0072608576,0.7201646566,0.0333174095,0.6930027604,1,-213.8,-419.0,2487.0,1,0.4246934950,-0.1779768914,-0.8876709342,0.1302076876,0.9823005199,-0.1346539855,0.8959248662,-0.0583949126,0.4403505921,1,-120.8,-91.8,2601.1,1,0.4313776195,-0.0134856133,-0.9020706415,-0.0171172451,0.9995859265,-0.0231290367,0.9020090699,0.0254183132,0.4309681654,1,-50.0,-482.3,2624.3,1,156.3,-149.3,2296.6,1,261.7,-166.2,2336.8,1,-228.1,-758.4,2475.7,1,-46.6,-734.2,2617.9,1,
2,0.5963053703,0.6837254763,-0.4206415713,-0.3744115233,0.7003924251,0.6076729894,0.7100957036,-0.2048656195,0.6736424565,1,229.2,364.5,2426.6,1,0.5963053703,0.6837254763,-0.4206415713,-0.3744115233,0.7003924251,0.6076729894,0.7100957036,-0.2048656195,0.6736424565,1,91.9,223.9,2467.8,1,0.6082926989,0.6640883088,-0.4347029924,-0.3617834449,0.7194648981,0.5928599834,0.7064649463,-0.2033640444,0.6779014468,1,-40.1,80.9,2508.2,1,0.2031263262,0.0593483970,-0.9773522615,0.9591142535,0.1888436973,0.2108031213,0.1970776469,-0.9802121520,-0.0185627658,1,6.4,274.8,2368.4,1,-0.7835467458,0.0593483970,-0.6184919477,0.6172088981,0.1888436973,-0.7638005018,0.0714679658,-0.9802121520,-0.1845982224,1,-49.7,10.0,2314.0,1,-0.0936541334,0.8515916467,-0.5157718062,-0.9904961586,-0.1321088225,-0.0382702239,-0.1007286087,0.5072858334,0.8558707833,1,177.5,173.1,2567.1,1,0.4204817414,0.8515916467,-0.3130284250,-0.4057238102,-0.1321088225,-0.9043978453,-0.8115314245,0.5072858334,0.2899616659,1,155.1,-63.7,2543.0,1,0.6815780997,-0.0340175927,-0.7309542298,0.0396007784,0.9991697073,-0.0095742326,0.7306730151,-0.0224207696,0.6823592782,1,-227.9,-28.6,2481.4,1,0.6807774901,0.0419268049,-0.7312893867,-0.0597414300,0.9982125759,0.0016152890,0.7300499678,0.0425886177,0.6820654273,1,-214.3,-425.8,2490.3,1,0.4154070020,-0.1652960628,-0.8944910765,0.1164853498,0.9849213362,-0.1279104948,0.9021464586,-0.0510601923,0.4283978045,1,-114.5,-97.9,2607.7,1,0.4215130210,-0.0088918703,-0.9067787528,-0.0338072777,0.9991027117,-0.0255123973,0.9061919451,0.0414095297,0.4208341837,1,-48.8,-489.5,2628.0,1,156.9,-152.8,2295.2,1,264.0,-168.9,2332.7,1,-228.2,-755.2,2476.2,1,-46.7,-734.4,2617.8,1,
3,0.6194556355,0.6815606356,-0.3895507455,-0.4195967317,0.7068498135,0.5694751143,0.6634857059,-0.1893103570,0.7238427401,1,229.0,364.3,2427.7,1,0.6194556355,0.6815606356,-0.3895507455,-0.4195967317,0.7068498135,0.5694751143,0.6634857059,-0.1893103570,0.7238427401,1,92.7,223.0,2465.5,1,0.6328943968,0.6607471704,-0.4035565257,-0.4052431285,0.7268356681,0.5545158982,0.6597141027,-0.1874114871,0.7277734876,1,-38.7,78.6,2502.7,1,0.1857973784,0.0330515765,-0.9820320606,0.9607641101,0.2033606619,0.1886179298,0.2059408128,-0.9785459042,0.0060291085,1,3.9,279.9,2373.0,1,-0.7848120928,0.0330515765,-0.6188518405,0.6115179658,0.2033606619,-0.7646503448,0.1005772203,-0.9785459042,-0.1798115373,1,-49.3,5.0,2314.1,1,-0.0662271529,0.8660797477,-0.4954995513,-0.9895707965,-0.1206735522,-0.0786609426,-0.1279203445,0.4851223826,0.8650391102,1,181.6,166.2,2558.1,1,0.4020944536,0.8660797477,-0.2970284522,-0.4084381461,-0.1206735522,-0.9047740698,-0.8194500208,0.4851223826,0.3052178621,1,165.8,-70.3,2527.5,1,0.7085013986,-0.0358521827,-0.7047981024,0.0390473492,0.9991703033,-0.0115740038,0.7046283484,-0.0193202998,0.7093135118,1,-227.9,-29.0,2483.8,1,0.7079619765,0.0431440920,-0.7049314976,-0.0684742481,0.9976230860,-0.0077108545,0.7029232383,0.0537286438,0.7092335224,1,-213.6,-426.2,2491.5,1,0.4458437562,-0.1603567302,-0.8806298971,0.0950725749,0.9867405891,-0.1315455884,0.8900474906,-0.0250749756,0.4551776350,1,-116.4,-95.3,2613.3,1,0.4501602650,-0.0211874917,-0.8926963806,-0.0040272982,0.9996601343,-0.0257570446,0.8929386735,0.0151899522,0.4499219358,1,-52.6,-487.4,2623.3,1,156.9,-155.6,2287.6,1,270.2,-176.3,2314.9,1,-227.8,-752.3,2473.9,1,-47.4,-736.5,2619.5,1,
4,0.5933344960,0.6874318123,-0.4187978804,-0.3896013200,0.7005223632,0.5978956819,0.7043898106,-0.1915879250,0.6834684014,1,228.4,362.3,2429.2,1,0.5933344960,0.6874318123,-0.4187978804,-0.3896013200,0.7005223632,0.5978956819,0.7043898106,-0.1915879250,0.6834684014,1,90.4,221.7,2467.7,1,0.6058406234,0.6667312384,-0.4340813458,-0.3764739335,0.7209122777,0.5818529725,0.7008741498,-0.1890898645,0.6877648234,1,-42.2,78.5,2505.2,1,0.1953381300,0.0124004176,-0.9806575775,0.9600419998,0.2019080073,0.1937848181,0.2004056126,-0.9793260098,0.0275354087,1,5.4,274.5,2369.3,1,-0.7963379025,0.0124004176,-0.6047248244,0.5943079591,0.2019080073,-0.7784800529,0.1124453023,-0.9793260098,-0.1681566685,1,-49.8,3.6,2312.8,1,-0.0094089443,0.8820489645,-0.4710637629,-0.9847432375,-0.0900320560,-0.1489125043,-0.1737589687,0.4624757767,0.8694388866,1,175.5,169.0,2566.0,1,0.3889750838,0.8820489645,-0.2658721507,-0.4147485793,-0.0900320560,-0.9054710865,-0.8226068616,0.4624757767,0.3308083117,1,173.2,-72.5,2523.4,1,0.6796471477,-0.0341739096,-0.7327427268,0.0460864678,0.9989300966,-0.0038414663,0.7320899963,-0.0311586820,0.6804949641,1,-228.1,-28.7,2479.6,1,0.6791710854,0.0436290763,-0.7326821685,-0.0700975955,0.9975245595,-0.0055783852,0.7306250930,0.0551479347,0.6805480719,1,-214.5,-425.9,2492.0,1,0.4106924236,-0.1547188759,-0.8985509276,0.1193157807,0.9861426950,-0.1152664796,0.9039333463,-0.0598722398,0.4234617352,1,-112.2,-102.8,2600.3,1,0.4161368310,-0.0160536692,-0.9091602564,-0.0082366383,0.9997365475,-0.0214230753,0.9092646837,0.0164033547,0.4158949852,1,-50.7,-494.6,2624.1,1,158.7,-152.0,2283.4,1,274.2,-180.2,2309.8,1,-228.8,-754.2,2473.8,1,-46.8,-734.2,2620.1,1,
5,0.6019784212,0.6935032010,-0.3958223760,-0.4085571766,0.6933998466,0.5935298800,0.6860780120,-0.1955760866,0.7007474303,1,230.3,360.9,2430.0,1,0.6019784212,0.6935032010,-0.3958223760,-0.4085571766,0.6933998466,0.5935298800,0.6860780120,-0.1955760866,0.7007474303,1,90.9,221.6,2469.3,1,0.6157378554,0.6707765460,-0.4134316742,-0.3943367600,0.7165843844,0.5753306746,0.6821769476,-0.1912215650,0.7057399750,1,-42.4,79.2,2507.3,1,0.1899603009,0.0109253107,-0.9817309976,0.9574256539,0.2193296999,0.1876981705,0.2173734158,-0.9755896330,0.0312037617,1,4.4,277.0,2373.5,1,-0.8030416369,0.0109253107,-0.5958228111,0.5832724571,0.2193296999,-0.7821046710,0.1221368983,-0.9755896330,-0.1825033128,1,-50.1,2.3,2311.1,1,-0.0118637355,0.8865155578,-0.4625467062,-0.9856044054,-0.0883875191,-0.1441237479,-0.1686512977,0.4541782141,0.8748022318,1,177.5,166.2,2565.1,1,0.3789099157,0.8865155578,-0.2655512393,-0.4246685803,-0.0883875191,-0.9010239840,-0.8222432137,0.4541782141,0.3429843783,1,174.6,-69.9,2524.7,1,0.6941896677,-0.0399873890,-0.7186805606,0.0490120538,0.9987642765,-0.0082294103,0.7181215286,-0.0295112375,0.6952916980,1,-230.2,-30.4,2478.6,1,0.6936798096,0.0449967608,-0.7188766599,-0.0679231808,0.9976857305,-0.0030941463,0.7170737386,0.0509747341,0.6951307654,1,-214.3,-427.5,2490.3,1,0.4281578958,-0.1742757857,-0.8867405057,0.1136506274,0.9838225245,-0.1384802163,0.8965290785,-0.0414872169,0.4410379529,1,-119.3,-99.2,2606.8,1,0.4321539402,-0.0096078636,-0.9017486572,-0.0017550192,0.9999324083,-0.0114950575,0.9017981291,0.0065502208,0.4321078658,1,-50.1,-490.1,2623.3,1,159.1,-149.7,2279.3,1,273.1,-180.2,2311.1,1,-229.1,-755.7,2473.6,1,-47.7,-736.0,2621.7,1,
6,0.6080095768,0.6833903193,-0.4041064084,-0.4040853679,0.7045072913,0.5834248066,0.6834027767,-0.1914343834,0.7044952512,1,229.2,361.3,2430.4,1,0.6080095768,0.6833903193,-0.4041064084,-0.4040853679,0.7045072913,0.5834248066,0.6834027767,-0.1914343834,0.7044952512,1,91.7,219.6,2468.9,1,0.6217052937,0.6620827317,-0.4184841812,-0.3895353675,0.7248914242,0.5681501627,0.6795179844,-0.1902076006,0.7085734606,1,-39.9,75.5,2506.7,1,0.1910495311,0.0409397297,-0.9807262421,0.9534197450,0.2298665345,0.1953257322,0.2334327400,-0.9723606706,0.0048831468,1,4.3,274.3,2373.4,1,-0.8073267341,0.0409397297,-0.5886828303,0.5809832811,0.2298665345,-0.7807815671,0.1033534929,-0.9723606706,-0.2093627006,1,-50.2,2.2,2306.7,1,-0.0064548948,0.8886463642,-0.4585476518,-0.9854044914,-0.0836578757,-0.1482541412,-0.1701066345,0.4508979619,0.8762161732,1,179.2,164.8,2564.4,1,0.3741733134,0.8886463642,-0.2651451528,-0.4362015724,-0.0836578757,-0.8959517479,-0.8183657527,0.4508979619,0.3563264012,1,177.6,-69.4,2524.0,1,0.6955110431,-0.0467247181,-0.7169945836,0.0469312407,0.9987066388,-0.0195581540,0.7169810534,-0.0200465322,0.6968043447,1,-232.2,-27.2,2482.8,1,0.6948288083,0.0456559584,-0.7177245021,-0.0670361742,0.9977495074,-0.0014287584,0.7160440683,0.0491062477,0.6963257194,1,-213.6,-424.2,2490.8,1,0.4273548424,-0.1779980063,-0.8863884807,0.1231583133,0.9827493429,-0.1379701048,0.8956561089,-0.0502039157,0.4419046342,1,-119.4,-99.4,2607.8,1,0.4322220981,-0.0032354908,-0.9017613530,-0.0194290690,0.9997280240,-0.0128995143,0.9015578628,0.0230958387,0.4320417047,1,-48.6,-490.0,2627.7,1,159.5,-148.7,2279.9,1,274.9,-182.8,2311.3,1,-228.8,-756.7,2474.4,1,-47.8,-736.8,2622.0,1,
7,0.6023976207,0.6843611598,-0.4108124375,-0.3967094123,0.7033059001,0.5899004340,0.6926317215,-0.1923814714,0.6951622963,1,228.3,361.1,2429.6,1,0.6023976207,0.6843611598,-0.4108124375,-0.3967094123,0.7033059001,0.5899004340,0.6926317215,-0.1923814714,0.6951622963,1,90.6,219.6,2468.3,1,0.6148688197,0.6640269160,-0.4254463017,-0.3835160732,0.7231583595,0.5744192004,0.6890948415,-0.1900269687,0.6993125677,1,-41.4,75.8,2506.1,1,0.1915230453,0.0681245774,-0.9791210294,0.9517711997,0.2307291925,0.2022267282,0.2396884114,-0.9706302285,-0.0206490532,1,4.1,273.5,2371.4,1,-0.8096758723,0.0681245774,-0.5829099417,0.5812141895,0.2307291925,-0.7803550959,0.0813329890,-0.9706302285,-0.2264108360,1,-50.4,2.6,2303.1,1,0.0118227396,0.8977331519,-0.4403809309,-0.9868490696,-0.0605288781,-0.1498839706,-0.1612115800,0.4363615215,0.8852115273,1,177.1,165.7,2565.2,1,0.3728281558,0.8977331519,-0.2346791476,-0.4232686758,-0.0605288781,-0.9039800167,-0.8257377148,0.4363615215,0.3574154675,1,179.9,-70.2,2526.7,1,0.6888714433,-0.0367347598,-0.7239521146,0.0407161117,0.9990992546,-0.0119531462,0.7237391472,-0.0212423336,0.6897466183,1,-228.5,-32.9,2482.2,1,0.6876861453,0.0477014333,-0.7244393229,-0.0652961731,0.9978590012,0.0037215403,0.7230657935,0.0447438657,0.6893285513,1,-213.9,-430.1,2490.6,1,0.4221783280,-0.1598492861,-0.8923080564,0.1092438847,0.9861279726,-0.1249696761,0.8999062181,-0.0447197035,0.4337844253,1,-114.5,-104.3,2606.8,1,0.4265352190,-0.0147627536,-0.9043504596,-0.0030716711,0.9998373985,-0.0177702438,0.9044657350,0.0103575019,0.4264205098,1,-51.0,-496.2,2624.6,1,159.8,-148.3,2282.0,1,276.8,-180.2,2312.1,1,-229.5,-756.8,2476.0,1,-47.5,-732.9,2622.1,1,
8,0.5774278045,0.6873489618,-0.4406001568,-0.3580929935,0.6981978416,0.6199105978,0.7337210178,-0.2001778185,0.6492937207,1,226.4,357.9,2431.7,1,0.5774278045,0.6873489618,-0.4406001568,-0.3580929935,0.6981978416,0.6199105978,0.7337210178,-0.2001778185,0.6492937207,1,88.2,217.4,2471.9,1,0.5924583077,0.6625268459,-0.4583135843,-0.3422792256,0.7220209837,0.6012741327,0.7292722464,-0.1993586570,0.6545365453,1,-43.6,73.9,2511.6,1,0.1991856843,0.1094323993,-0.9738324285,0.9457833171,0.2386932671,0.2202712446,0.2565520406,-0.9649093747,-0.0559550598,1,4.9,265.5,2369.5,1,-0.8113358617,0.1094323993,-0.5742461681,0.5822610855,0.2386932671,-0.7771728039,0.0520208031,-0.9649093747,-0.2573786378,1,-50.4,2.8,2298.3,1,-0.0248792805,0.8983088732,-0.4386595786,-0.9972977638,-0.0526435785,-0.0512427911,-0.0691244677,0.4361993372,0.8971911669,1,171.4,169.4,2574.4,1,0.3971008956,0.8983088732,-0.1880215555,-0.3275772035,-0.0526435785,-0.9433566928,-0.8573237658,0.4361993372,0.2733606696,1,165.1,-80.8,2557.0,1,0.6617959142,-0.0311567299,-0.7490363717,0.0449087434,0.9989893436,-0.0018755026,0.7483377457,-0.0323970802,0.6625262499,1,-229.8,-32.8,2480.6,1,0.6617040634,0.0373094939,-0.7488362789,-0.0651569813,0.9978441000,-0.0078596342,0.7469286323,0.0539926626,0.6627084017,1,-217.4,-429.9,2493.5,1,0.3952292800,-0.1623818427,-0.9041160941,0.1042521372,0.9858213067,-0.1314830929,0.9126474261,-0.0422900692,0.4065541029,1,-117.0,-103.1,2607.0,1,0.3999911845,-0.0228918232,-0.9162330627,-0.0029721989,0.9996503592,-0.0262735263,0.9165141582,0.0132324062,0.3997833133,1,-52.5,-495.0,2623.8,1,160.2,-148.3,2284.8,1,267.8,-165.5,2335.4,1,-229.6,-756.4,2475.8,1,-47.0,-734.1,2620.7,1,
9,0.5904338956,0.6856322289,-0.4257889986,-0.3391067386,0.6894829273,0.6400156021,0.7323895693,-0.2334989756,0.6395965815,1,225.7,357.4,2422.2,1,0.5904338956,0.6856322289,-0.4257889986,-0.3391067386,0.6894829273,0.6400156021,0.7323895693,-0.2334989756,0.6395965815,1,87.5,218.4,2469.3,1,0.6028903127,0.6577631831,-0.4515206218,-0.3260407448,0.7196513414,0.6130247712,0.7281625271,-0.2223725915,0.6483284235,1,-43.3,75.3,2513.5,1,0.1963670254,0.1224641874,-0.9728527665,0.9439825416,0.2447480410,0.2213489264,0.2652111351,-0.9618216753,-0.0675436109,1,2.7,264.2,2367.0,1,-0.8157034516,0.1224641874,-0.5653586388,0.5768748522,0.2447480410,-0.7793034315,0.0429336615,-0.9618216753,-0.2702883184,1,-51.5,3.9,2293.8,1,-0.0076837582,0.8995804787,-0.4366874695,-0.9949291348,-0.0506731011,-0.0868807584,-0.1002845466,0.4338054955,0.8954081535,1,172.2,172.5,2571.7,1,0.3801145852,0.8995804787,-0.2150996774,-0.3983334005,-0.0506731011,-0.9158399105,-0.8347714543,0.4338054955,0.3390713632,1,170.4,-67.2,2547.5,1,0.6720803976,-0.0286645703,-0.7399231791,0.0381230600,0.9992647171,-0.0040838467,0.7394961715,-0.0254634637,0.6726790071,1,-229.6,-38.2,2484.4,1,0.6724716425,0.0318620577,-0.7394367456,-0.0674914420,0.9975502491,-0.0183951855,0.7370392084,0.0622758903,0.6729747057,1,-218.2,-435.5,2494.6,1,0.4127233028,-0.1766873896,-0.8935552835,0.0892504975,0.9841295481,-0.1533733010,0.9064732790,-0.0164495148,0.4219426513,1,-121.1,-100.9,2618.0,1,0.4161280394,-0.0124627054,-0.9092206359,-0.0121161342,0.9997413158,-0.0192487333,0.9092252851,0.0190261770,0.4158694148,1,-50.9,-492.0,2624.5,1,160.1,-145.8,2282.7,1,268.6,-170.2,2331.7,1,-228.5,-757.9,2474.4,1,-47.9,-733.8,2619.9,1,
10,0.6169229746,0.6951057315,-0.3690989614,-0.3482245803,0.6616596580,0.6640377641,0.7057943344,-0.2811308205,0.6502459645,1,230.6,357.9,2403.0,1,0.6169229746,0.6951057315,-0.3690989614,-0.3482245803,0.6616596580,0.6640377641,0.7057943344,-0.2811308205,0.6502459645,1,89.8,223.9,2459.9,1,0.6277328134,0.6714821458,-0.3937806487,-0.3375278711,0.6906290054,0.6396143436,0.7014459372,-0.2685949504,0.6601744294,1,-43.3,86.7,2513.3,1,0.1921162903,0.1362401992,-0.9718692899,0.9463799000,0.2363712639,0.2202129960,0.2597238421,-0.9620640278,-0.0835242048,1,1.6,271.4,2361.4,1,-0.8175410032,0.1362401992,-0.5595223904,0.5753023028,0.2363712639,-0.7830427289,0.0255731251,-0.9620640278,-0.2716225088,1,-52.4,5.0,2288.2,1,-0.0206823684,0.9072329402,-0.4201198518,-0.9980770350,-0.0432951935,-0.0443593115,-0.0584333986,0.4183945060,0.9063838124,1,178.0,176.3,2558.5,1,0.3642048240,0.9072329402,-0.2104359418,-0.4167770147,-0.0432951935,-0.9079771042,-0.8328576088,0.4183945060,0.3623455167,1,173.0,-63.0,2544.5,1,0.7108616829,-0.0305399410,-0.7026684880,0.0280180071,0.9994934201,-0.0150960851,0.7027735710,-0.0089561418,0.7113572359,1,-229.3,-37.8,2491.0,1,0.7110238671,0.0332380570,-0.7023818493,-0.0699677691,0.9972692132,-0.0236359499,0.6996781826,0.0659498200,0.7114077806,1,-217.2,-435.1,2494.5,1,0.4641971588,-0.1702675521,-0.8692122698,0.0781956092,0.9853953123,-0.1512664706,0.8822734356,0.0022488805,0.4707318544,1,-118.8,-97.5,2624.4,1,0.4672442675,-0.0135295028,-0.8840247393,-0.0106189745,0.9997249246,-0.0209128037,0.8840644956,0.0191588234,0.4669720531,1,-51.1,-489.2,2623.5,1,159.6,-144.2,2281.6,1,267.4,-171.1,2328.6,1,-228.0,-759.1,2473.1,1,-47.8,-732.6,2618.9,1,
11,0.5705037713,0.6993105412,-0.4306857586,-0.3275650442,0.6746279597,0.6614969969,0.7531444430,-0.2363089323,0.6139474511,1,232.4,356.3,2416.9,1,0.5705037713,0.6993105412,-0.4306857586,-0.3275650442,0.6746279597,0.6614969969,0.7531444430,-0.2363089323,0.6139474511,1,92.1,220.9,2464.3,1,0.5809224248,0.6769493818,-0.4519608915,-0.3171615601,0.6996319890,0.6402527690,0.7496250272,-0.2285925746,0.6211342216,1,-42.0,81.8,2509.7,1,0.2233498544,0.1586331129,-0.9617434144,0.9382417202,0.2324755937,0.2562372386,0.2642295957,-0.9595783353,-0.0969128162,1,10.6,265.6,2359.2,1,-0.8129243851,0.1586331129,-0.5603476167,0.5823307633,0.2324755937,-0.7790032029,0.0066914447,-0.9595783353,-0.2813620269,1,-51.3,5.2,2285.8,1,-0.0303402822,0.8980714083,-0.4388020337,-0.9958972335,-0.0646047816,-0.0633632019,-0.0852533877,0.4350792766,0.8963469863,1,173.5,176.2,2569.5,1,0.3697707057,0.8980714083,-0.2381960899,-0.4247746766,-0.0646047816,-0.9029909968,-0.8263390064,0.4350792766,0.3575890362,1,166.4,-56.0,2549.6,1,0.6592432261,-0.0390363373,-0.7509158254,0.0043772808,0.9988338351,-0.0480814502,0.7519170642,0.0284104012,0.6586452723,1,-233.0,-21.8,2499.6,1,0.6584753394,0.0319191255,-0.7519251704,-0.0480450615,0.9988451004,0.0003268586,0.7510672212,0.0359110646,0.6592484117,1,-217.6,-416.0,2488.3,1,0.4062047601,-0.1722586602,-0.8973988295,0.0492909364,0.9847716689,-0.1667187810,0.9124516845,0.0234883353,0.4085097313,1,-119.0,-81.4,2631.0,1,0.4072639644,-0.0096308142,-0.9132597446,-0.0029488930,0.9999253154,-0.0118597951,0.9133057594,0.0075231721,0.4072051644,1,-50.5,-472.8,2621.7,1,159.6,-146.0,2284.1,1,262.4,-166.3,2335.1,1,-228.6,-760.4,2476.0,1,-48.0,-733.0,2619.7,1,
12,0.5617834330,0.7074409723,-0.4288667142,-0.3559111059,0.6746523380,0.6466618180,0.7468109727,-0.2106454670,0.6307945848,1,233.3,356.0,2422.8,1,0.5617834330,0.7074409723,-0.4288667142,-0.3559111059,0.6746523380,0.6466618180,0.7468109727,-0.2106454670,0.6307945848,1,91.3,220.5,2465.1,1,0.5741536021,0.6843631864,-0.4494381249,-0.3436961472,0.6996859312,0.6263486147,0.7431154251,-0.2051501572,0.6369401813,1,-44.5,81.5,2505.9,1,0.2184007615,0.1637295038,-0.9620258808,0.9374214411,0.2387560308,0.2534494698,0.2711866200,-0.9571772218,-0.1013390422,1,10.7,268.9,2360.8,1,-0.8103876114,0.1637295038,-0.5625518560,0.5858459473,0.2387560308,-0.7744547129,0.0075115589,-0.9571772218,-0.2894051969,1,-50.7,5.3,2284.5,1,0.0022641460,0.9095537066,-0.4155802429,-0.9942117929,-0.0425920263,-0.0986350402,-0.1074142680,0.4133980870,0.9041925669,1,171.9,172.1,2569.5,1,0.3561119437,0.9095537066,-0.2142343372,-0.4329077303,-0.0425920263,-0.9004314542,-0.8281154633,0.4133980870,0.3785852790,1,172.4,-58.4,2544.6,1,0.6538115740,-0.0319743156,-0.7559815049,0.0258502141,0.9994674325,-0.0199159868,0.7562156916,-0.0065209814,0.6542899609,1,-228.7,-29.3,2485.2,1,0.6529202461,0.0371832959,-0.7565134168,-0.0535770245,0.9985596538,0.0028396277,0.7555294037,0.0386776887,0.6539719701,1,-216.1,-425.0,2487.7,1,0.3942189217,-0.1793677360,-0.9013426900,0.0635078624,0.9837411046,-0.1679887325,0.9168196321,0.0089819888,0.3992006183,1,-123.1,-86.4,2623.7,1,0.3960120678,-0.0158819687,-0.9181079268,0.0003735071,0.9998531342,-0.0171349384,0.9182452559,0.0064427219,0.3959598243,1,-51.8,-477.4,2620.2,1,159.7,-146.8,2282.6,1,264.9,-170.9,2329.5,1,-228.5,-757.8,2474.8,1,-47.7,-733.0,2618.5,1,
13,0.5549354553,0.7125506997,-0.4293229282,-0.3659691811,0.6725638509,0.6432141066,0.7470697761,-0.1998233646,0.6340011358,1,236.2,354.1,2426.8,1,0.5549354553,0.7125506997,-0.4293229282,-0.3659691811,0.6725638509,0.6432141066,0.7470697761,-0.1998233646,0.6340011358,1,93.0,218.9,2467.0,1,0.5689644814,0.6899682283,-0.4474630952,-0.3522782028,0.6961579919,0.6255111098,0.7430878282,-0.1982621104,0.6391499639,1,-44.0,80.6,2506.4,1,0.2240075916,0.1792457402,-0.9579622149,0.9340096712,0.2411935329,0.2635366917,0.2782921195,-0.9537801743,-0.1133880764,1,13.0,268.5,2362.5,1,-0.8092718124,0.1792457402,-0.5594193935,0.5874236822,0.2411935329,-0.7725018263,-0.0035393294,-0.9537801743,-0.3004843295,1,-50.1,5.2,2284.0,1,0.0107107526,0.9111284018,-0.4119833708,-0.9916942716,-0.0431314185,-0.1211700737,-0.1281709224,0.4098593593,0.9030988216,1,173.0,169.4,2571.4,1,0.3543261886,0.9111284018,-0.2104708254,-0.4259120524,-0.0431314185,-0.9037359357,-0.8324973583,0.4098593593,0.3727779686,1,175.5,-63.8,2541.3,1,0.6500430703,-0.0441573560,-0.7586132884,0.0482035577,0.9986957908,-0.0168272518,0.7583669424,-0.0256294198,0.6513238549,1,-232.6,-26.6,2477.9,1,0.6492957473,0.0422134884,-0.7593635917,-0.0604425184,0.9981644154,0.0038070462,0.7581304312,0.0434259474,0.6506553888,1,-215.1,-422.7,2488.1,1,0.3858317137,-0.1876341552,-0.9032869339,0.0844645798,0.9821716547,-0.1679420173,0.9186944962,-0.0114983926,0.3948014379,1,-127.8,-89.1,2614.7,1,0.3887672126,-0.0228319056,-0.9210530519,0.0070677414,0.9997373819,-0.0217991825,0.9213089347,0.0019650422,0.3888264894,1,-53.2,-479.4,2619.3,1,160.1,-147.4,2284.9,1,267.6,-174.5,2325.0,1,-229.3,-757.9,2473.5,1,-47.4,-733.8,2618.8,1,
14,0.5592407584,0.7127057910,-0.4234385192,-0.3761058450,0.6733119488,0.6365495920,0.7387788296,-0.1967268139,0.6445963383,1,240.2,357.4,2420.8,1,0.5592407584,0.7127057910,-0.4234385192,-0.3761058450,0.6733119488,0.6365495920,0.7387788296,-0.1967268139,0.6445963383,1,97.0,222.1,2460.3,1,0.5681368113,0.6923122406,-0.4448868930,-0.3674287200,0.6971349120,0.6156289577,0.7363536358,-0.1862972677,0.6504433751,1,-40.6,83.5,2497.4,1,0.2317619026,0.1807344556,-0.9558354616,0.9384384155,0.2172084451,0.2686145604,0.2561634481,-0.9592474103,-0.1192675233,1,17.1,273.8,2356.8,1,-0.8081209064,0.1807344556,-0.5606029034,0.5887115598,0.2172084451,-0.7786136270,-0.0189546309,-0.9592474103,-0.2819311619,1,-49.3,5.0,2283.4,1,-0.0013471829,0.9118083715,-0.4106137455,-0.9944889545,-0.0442674570,-0.0950374380,-0.1048327610,0.4082227945,0.9068430066,1,176.9,170.4,2563.9,1,0.3535914719,0.9118083715,-0.2087546885,-0.4207826853,-0.0442674570,-0.9060807228,-0.8354130983,0.4082227945,0.3680205941,1,176.6,-66.4,2538.9,1,0.6499450803,-0.0429440252,-0.7587668896,0.0490196459,0.9986920953,-0.0145338168,0.7583985925,-0.0277482998,0.6512001157,1,-233.1,-25.7,2477.3,1,0.6494729519,0.0392632559,-0.7593703270,-0.0581460595,0.9983063340,0.0018863807,0.7581582665,0.0429292396,0.6506559253,1,-216.0,-422.3,2488.3,1,0.3825713396,-0.1977154613,-0.9025229812,0.0877264589,0.9801948667,-0.1775445640,0.9197517037,-0.0112516806,0.3923393488,1,-128.9,-90.1,2613.9,1,0.3845706880,-0.0112963384,-0.9230264425,0.0110649643,0.9999096990,-0.0076271468,0.9230292439,-0.0072800773,0.3846609592,1,-50.3,-479.7,2618.4,1,160.5,-147.9,2288.3,1,268.5,-175.7,2321.8,1,-229.2,-757.7,2473.9,1,-47.4,-736.4,2620.2,1,
15,0.5631763935,0.7190800905,-0.4071316719,-0.3699547052,0.6599683166,0.6538924575,0.7388949990,-0.2176365107,0.6377056241,1,238.2,350.4,2409.8,1,0.5631763935,0.7190800905,-0.4071316719,-0.3699547052,0.6599683166,0.6538924575,0.7388949990,-0.2176365107,0.6377056241,1,94.5,218.5,2453.3,1,0.5711835623,0.6978540421,-0.4321447313,-0.3623442054,0.6867731810,0.6301184893,0.7365161180,-0.2033281624,0.6451368928,1,-44.2,82.0,2493.7,1,0.2188719809,0.1913798302,-0.9568013549,0.9474533796,0.1927661002,0.2552907467,0.2332963645,-0.9624006152,-0.1391323656,1,14.1,269.5,2349.7,1,-0.8053991199,0.1913798302,-0.5609866381,0.5912620425,0.1927661002,-0.7831030488,-0.0417309292,-0.9624006152,-0.2684092820,1,-47.1,4.6,2284.4,1,0.0091986349,0.9085106850,-0.4177603126,-0.9967696667,-0.0250028670,-0.0763219818,-0.0797845423,0.4171128571,0.9053459764,1,174.9,167.5,2556.9,1,0.3656176329,0.9085106850,-0.2023166418,-0.4357395470,-0.0250028670,-0.8997254372,-0.8224686980,0.4171128571,0.3867325783,1,177.0,-67.0,2538.1,1,0.6568349600,-0.0385912992,-0.7530462146,0.0749951974,0.9970811009,0.0143162645,0.7502956390,-0.0658782721,0.6578118801,1,-230.2,-21.5,2466.7,1,0.6576508880,0.0414703265,-0.7521805167,-0.0681323335,0.9976658225,-0.0045650750,0.7502354980,0.0542500392,0.6589412689,1,-214.9,-417.4,2492.9,1,0.3893044293,-0.1873833984,-0.9018478394,0.1126528978,0.9814249277,-0.1552883536,0.9141944051,-0.0411413275,0.4031823575,1,-126.1,-88.7,2601.9,1,0.3928884268,-0.0166530665,-0.9194353819,0.0136427414,0.9998315573,-0.0122794779,0.9194849730,-0.0077191540,0.3930494189,1,-51.6,-478.7,2618.3,1,161.5,-148.5,2295.2,1,272.1,-180.3,2324.4,1,-229.1,-758.2,2474.3,1,-47.4,-734.7,2620.2,1,
16,0.5561365485,0.7175853252,-0.4192654192,-0.3792468607,0.6680085063,0.6402627826,0.7395160198,-0.1970684528,0.6436459422,1,239.3,346.2,2418.8,1,0.5561365485,0.7175853252,-0.4192654192,-0.3792468607,0.6680085063,0.6402627826,0.7395160198,-0.1970684528,0.6436459422,1,95.8,212.5,2458.2,1,0.5686147809,0.6959283948,-0.4385896027,-0.3672422767,0.6918503642,0.6216720939,0.7360776663,-0.1924233139,0.6489706635,1,-42.6,75.0,2496.5,1,0.2067999244,0.1966992468,-0.9584065676,0.9477712512,0.2028461099,0.2461363524,0.2428238839,-0.9592512250,-0.1444773227,1,15.7,264.2,2354.6,1,-0.7996462584,0.1966992468,-0.5673404932,0.5993155837,0.2028461099,-0.7743864059,-0.0372384004,-0.9592512250,-0.2800900638,1,-42.0,-0.3,2286.9,1,0.0123508722,0.9020369053,-0.4314822257,-0.9924897552,-0.0414616168,-0.1150870621,-0.1217027307,0.4296630919,0.8947502971,1,175.8,160.9,2561.8,1,0.3704618216,0.9020369053,-0.2215569317,-0.4365364909,-0.0414616168,-0.8987306952,-0.8198743463,0.4296630919,0.3784120679,1,178.6,-69.7,2533.5,1,0.6515281796,-0.0503153354,-0.7569540739,0.0855446085,0.9963068366,0.0074049528,0.7537859082,-0.0695778728,0.6534261703,1,-235.2,-21.3,2466.5,1,0.6533506513,0.0397786871,-0.7560096383,-0.0713854358,0.9974062443,-0.0092118001,0.7536823153,0.0599866137,0.6544956565,1,-215.2,-417.1,2494.1,1,0.3804093599,-0.2070742697,-0.9013373256,0.1209084243,0.9773809910,-0.1735152304,0.9168804884,-0.0429724529,0.3968419135,1,-130.4,-87.7,2601.6,1,0.3831888735,-0.0012743198,-0.9236690998,0.0039658868,0.9999920726,0.0002656514,0.9236614704,-0.0037649616,0.3831909001,1,-48.2,-476.1,2618.7,1,165.3,-155.6,2296.5,1,274.9,-183.1,2320.4,1,-228.8,-757.4,2473.6,1,-47.8,-736.2,2619.7,1,
17,0.5435642600,0.7174898386,-0.4355987310,-0.3663046658,0.6697053313,0.6459997296,0.7552210093,-0.1915805042,0.6268477440,1,243.4,342.7,2423.8,1,0.5435642600,0.7174898386,-0.4355987310,-0.3663046658,0.6697053313,0.6459997296,0.7552210093,-0.1915805042,0.6268477440,1,99.7,208.5,2462.2,1,0.5580120087,0.6967477202,-0.4507384598,-0.3524065912,0.6907229424,0.6314359903,0.7512869835,-0.1935056895,0.6309701800,1,-38.8,71.2,2500.6,1,0.2121539712,0.1789601445,-0.9607101083,0.9479444623,0.2012051195,0.2468152195,0.2374698818,-0.9630627036,-0.1269578189,1,21.1,258.1,2356.5,1,-0.7988029718,0.1789601445,-0.5743579865,0.6011589766,0.2012051195,-0.7733850479,-0.0228413325,-0.9630627036,-0.2683067322,1,-37.8,-5.3,2290.5,1,0.0067050350,0.9001374245,-0.4355544448,-0.9879633784,-0.0613516420,-0.1420011669,-0.1545425504,0.4312639534,0.8888914585,1,178.2,158.9,2567.9,1,0.3668453395,0.9001374245,-0.2348981053,-0.4271039069,-0.0613516420,-0.9021187425,-0.8264422417,0.4312639534,0.3619456589,1,179.7,-72.7,2531.6,1,0.6406418681,-0.0414084606,-0.7667224407,0.0709612370,0.9974643588,0.0054221377,0.7645537853,-0.0578812212,0.6419557929,1,-233.0,-28.8,2467.1,1,0.6410475373,0.0371778198,-0.7666001916,-0.0548541434,0.9984911084,0.0025536246,0.7655384541,0.0404142030,0.6421195865,1,-216.6,-425.2,2490.1,1,0.3694109321,-0.2041414976,-0.9065659642,0.1195107922,0.9779071212,-0.1715074778,0.9215490818,-0.0449876748,0.3856467009,1,-128.7,-96.2,2602.2,1,0.3717080057,0.0035035310,-0.9283430576,-0.0012556829,0.9999938607,0.0032711634,0.9283488393,-0.0000502131,0.3717101216,1,-47.6,-484.9,2620.1,1,169.3,-161.2,2296.4,1,275.1,-183.7,2316.8,1,-229.1,-761.7,2476.5,1,-48.4,-733.4,2620.1,1,
18,0.5351939201,0.7214164138,-0.4394607842,-0.3522224426,0.6634374857,0.6601439714,0.7677934766,-0.1985170990,0.6091667414,1,245.8,337.7,2418.8,1,0.5351939201,0.7214164138,-0.4394607842,-0.3522224426,0.6634374857,0.6601439714,0.7677934766,-0.1985170990,0.6091667414,1,101.7,205.2,2458.4,1,0.5515850186,0.6980326772,-0.4566228092,-0.3366264701,0.6871576309,0.6438144445,0.7631753683,-0.2014070749,0.6140021086,1,-37.1,68.6,2498.5,1,0.2446674407,0.1944623590,-0.9499064088,0.9434758425,0.1781626344,0.2794840932,0.2235869765,-0.9645944834,-0.1398799419,1,24.1,252.6,2351.1,1,-0.7733594179,0.1944623590,-0.6034066677,0.6327648759,0.1781626344,-0.7535693049,-0.0390363447,-0.9645944834,-0.2608326972,1,-40.8,2.3,2291.8,1,0.0031925016,0.8981770277,-0.4396223128,-0.9890373945,-0.0620663874,-0.1339879781,-0.1476306915,0.4352306724,0.8881325722,1,179.3,157.9,2565.8,1,0.3697231710,0.8981770277,-0.2378713340,-0.4290094972,-0.0620663874,-0.9011651278,-0.8241696954,0.4352306724,0.3623791039,1,180.0,-73.7,2531.2,1,0.6347476840,-0.0304164868,-0.7721205950,0.0622643121,0.9979890585,0.0118722459,0.7702068090,-0.0556114390,0.6353651285,1,-228.5,-33.8,2470.2,1,0.6350443363,0.0384907760,-0.7715161443,-0.0659918785,0.9978098273,-0.0045381980,0.7696517110,0.0537957512,0.6361935735,1,-216.4,-430.5,2492.3,1,0.3689145446,-0.1929385215,-0.9092176557,0.1006465107,0.9807583094,-0.1672823727,0.9239979982,-0.0297966860,0.3812346160,1,-126.2,-98.4,2608.0,1,0.3710356653,-0.0023040338,-0.9286157489,-0.0001308098,0.9999967813,-0.0025334067,0.9286186099,0.0010614564,0.3710341752,1,-49.5,-488.3,2619.8,1,159.8,-161.8,2301.9,1,276.2,-185.3,2317.0,1,-229.1,-759.6,2474.5,1,-48.9,-733.2,2619.6,1,
19,0.5477368236,0.7285531163,-0.4113328159,-0.3754372001,0.6533963084,0.6573584676,0.7476839423,-0.2056298107,0.6314151883,1,247.0,329.6,2408.8,1,0.5477368236,0.7285531163,-0.4113328159,-0.3754372001,0.6533963084,0.6573584676,0.7476839423,-0.2056298107,0.6314151883,1,101.6,199.1,2449.8,1,0.5676787496,0.6990073323,-0.4348902702,-0.3567414582,0.6849551201,0.6352731586,0.7419409156,-0.2054876834,0.6381993890,1,-37.4,62.9,2490.7,1,0.2415864170,0.1842447817,-0.9527276158,0.9493967295,0.1581895053,0.2713335454,0.2007032931,-0.9700669646,-0.1367049664,1,21.7,249.3,2345.5,1,-0.7606039643,0.1842447817,-0.6225234866,0.6480567455,0.1581895053,-0.7449822426,-0.0387824103,-0.9700669646,-0.2397206426,1,-40.7,3.8,2293.6,1,-0.0009396229,0.9004942179,-0.4348669946,-0.9941143990,-0.0479508452,-0.0971454903,-0.1083311886,0.4322162569,0.8952393532,1,181.4,148.9,2554.2,1,0.3714467287,0.9004942179,-0.2261360288,-0.4320275187,-0.0479508452,-0.9005847573,-0.8218147755,0.4322162569,0.3712270856,1,181.2,-74.7,2529.8,1,0.6543806791,-0.0197885931,-0.7559062839,0.0551535450,0.9982439280,0.0216132253,0.7541511655,-0.0558341891,0.6543229818,1,-226.5,-37.1,2468.5,1,0.6549994946,0.0326533653,-0.7549234629,-0.0606885776,0.9981117249,-0.0094834585,0.7531882524,0.0520268902,0.6557443738,1,-218.6,-433.9,2490.7,1,0.3883527815,-0.1893905848,-0.9018388391,0.1042774469,0.9813983440,-0.1611941606,0.9155917764,-0.0314412527,0.4008779228,1,-125.3,-98.8,2608.5,1,0.3910464048,-0.0041266768,-0.9203616977,-0.0028898327,0.9999794960,-0.0057115052,0.9203664064,0.0048931548,0.3910264671,1,-50.0,-489.0,2621.0,1,156.8,-164.4,2303.7,1,277.8,-187.1,2316.2,1,-229.2,-758.0,2473.8,1,-49.0,-732.4,2619.8,1,
20,0.5623443127,0.7285470366,-0.3911368847,-0.4000215828,0.6536638737,0.6424221992,0.7237068415,-0.2047992498,0.6590186954,1,252.4,327.7,2410.3,1,0.5623443127,0.7285470366,-0.3911368847,-0.4000215828,0.6536638737,0.6424221992,0.7237068415,-0.2047992498,0.6590186954,1,106.4,196.7,2451.3,1,0.5812336206,0.7039567828,-0.4081818163,-0.3824477196,0.6790809631,0.6265642643,0.7182626724,-0.2080720067,0.6639313102,1,-33.5,61.7,2492.7,1,0.2331501693,0.1986747533,-0.9519292712,0.9481378794,0.1710385978,0.2679185867,0.2160453051,-0.9650254846,-0.1484933794,1,24.7,250.5,2350.3,1,-0.7788600326,0.1986747533,-0.5948994756,0.6252388358,0.1710385978,-0.7614606023,-0.0495322198,-0.9650254846,-0.2574342787,1,-37.7,-3.5,2292.5,1,-0.0102101984,0.9023673534,-0.4308467805,-0.9915401340,-0.0648930371,-0.1124147549,-0.1293983608,0.4260540903,0.8953959942,1,188.1,142.9,2552.3,1,0.3638812602,0.9023673534,-0.2309190929,-0.4149828851,-0.0648930371,-0.9075120091,-0.8338942528,0.4260540903,0.3508536220,1,185.8,-81.5,2523.0,1,0.6742163897,-0.0194371659,-0.7382780313,0.0587285236,0.9978989959,0.0273601599,0.7361950874,-0.0618046485,0.6739413738,1,-228.4,-40.5,2463.5,1,0.6759393811,0.0193143915,-0.7367040515,-0.0466809981,0.9987711310,-0.0166455824,0.7354772687,0.0456414856,0.6760103703,1,-220.7,-437.3,2488.1,1,0.4043510258,-0.1859438866,-0.8955026865,0.1277946681,0.9809968472,-0.1459922493,0.9056316614,-0.0554083586,0.4204297364,1,-124.3,-105.9,2599.6,1,0.4088073373,-0.0085429251,-0.9125807285,-0.0002014139,0.9999552965,-0.0094510904,0.9126207232,0.0040474813,0.4087873399,1,-50.4,-495.9,2621.6,1,163.7,-165.2,2305.3,1,280.4,-189.3,2306.3,1,-226.9,-759.6,2473.4,1,-48.3,-734.9,2620.6,1,
21,0.5981884599,0.7301720381,-0.3301808536,-0.4335368574,0.6413992047,0.6329714656,0.6739557981,-0.2354906350,0.7002340555,1,259.0,324.1,2397.5,1,0.5981884599,0.7301720381,-0.3301808536,-0.4335368574,0.6413992047,0.6329714656,0.6739557981,-0.2354906350,0.7002340555,1,112.5,195.4,2444.8,1,0.6160554290,0.7068040967,-0.3477120399,-0.4172657132,0.6672276855,0.6170061231,0.6681055427,-0.2350216508,0.7059743404,1,-27.8,62.7,2491.6,1,0.2481507957,0.1812149733,-0.9516208768,0.9460576773,0.1659128517,0.2782945037,0.2083172649,-0.9693472385,-0.1302684098,1,26.2,254.1,2351.0,1,-0.7686631680,0.1812149733,-0.6134476662,0.6387295127,0.1659128517,-0.7513304949,-0.0343734808,-0.9693472385,-0.2432784587,1,-40.2,1.3,2295.3,1,-0.0633222461,0.8848680258,-0.4615179598,-0.9941191673,-0.0966334194,-0.0488777645,-0.0878484324,0.4557088017,0.8857833743,1,198.9,136.8,2538.5,1,0.3898720443,0.8848680258,-0.2549672723,-0.3817993999,-0.0966334194,-0.9191796184,-0.8379910588,0.4557088017,0.3001674116,1,184.6,-87.2,2518.7,1,0.7214107513,-0.0190979224,-0.6922439933,0.0521328300,0.9982808232,0.0267883781,0.6905422807,-0.0554140620,0.7211661339,1,-226.7,-38.2,2468.3,1,0.7226289511,0.0270519201,-0.6907066107,-0.0542905815,0.9983683228,-0.0176980570,0.6891008019,0.0502879918,0.7229185104,1,-219.1,-435.1,2490.3,1,0.4579326808,-0.1711635590,-0.8723535538,0.1345421523,0.9833301902,-0.1223116964,0.8787468672,-0.0613577999,0.4733277261,1,-120.2,-108.3,2600.0,1,0.4651933312,-0.0175851043,-0.8850344419,-0.0080818906,0.9996766448,-0.0241109934,0.8851721883,0.0183690246,0.4649007916,1,-52.1,-499.2,2624.3,1,159.1,-164.3,2304.3,1,285.9,-186.4,2301.1,1,-228.0,-761.3,2473.9,1,-48.0,-732.4,2620.1,1,
22,0.5902392268,0.7308064103,-0.3428404629,-0.4402286410,0.6474135518,0.6221370101,0.6766212583,-0.2162814885,0.7038508058,1,260.7,324.1,2405.2,1,0.5902392268,0.7308064103,-0.3428404629,-0.4402286410,0.6474135518,0.6221370101,0.6766212583,-0.2162814885,0.7038508058,1,114.7,194.7,2448.4,1,0.6080719233,0.7112279534,-0.3527085483,-0.4239796996,0.6665538549,0.6131452918,0.6711853147,-0.2232951969,0.7068589330,1,-26.6,62.1,2492.8,1,0.2534425855,0.1829700321,-0.9498888254,0.9447973967,0.1639790088,0.2836701572,0.2076649815,-0.9693465829,-0.1313103437,1,29.3,254.3,2354.1,1,-0.7496942878,0.1829700321,-0.6359877586,0.6611188054,0.1639790088,-0.7321426272,-0.0296715032,-0.9693465829,-0.2438990623,1,-37.7,4.6,2299.2,1,-0.0890278891,0.8934616446,-0.4402275980,-0.9951118827,-0.0987506732,0.0008240407,-0.0427365229,0.4381490648,0.8978858590,1,200.1,135.0,2542.7,1,0.3650970757,0.8934616446,-0.2615920901,-0.4084933102,-0.0987506732,-0.9074037075,-0.8365628123,0.4381490648,0.3289195299,1,181.3,-75.3,2533.7,1,0.7147275805,-0.0183375068,-0.6991625428,0.0433602408,0.9988950491,0.0181267075,0.6980575919,-0.0432715118,0.7147329450,1,-224.4,-31.8,2477.2,1,0.7156879902,0.0299833920,-0.6977761984,-0.0650239289,0.9975992441,-0.0238263179,0.6953866482,0.0624243617,0.7159194350,1,-217.1,-428.9,2494.4,1,0.4505063295,-0.1528368890,-0.8795936108,0.1214991212,0.9865669012,-0.1091955379,0.8844670653,-0.0576765761,0.4630241990,1,-111.8,-108.2,2599.5,1,0.4564405680,-0.0178249739,-0.8895753622,-0.0051741512,0.9997292161,-0.0226870514,0.8897388577,0.0149580874,0.4562247396,1,-51.0,-500.4,2622.4,1,156.8,-167.0,2306.9,1,276.1,-181.4,2316.4,1,-227.0,-759.0,2473.8,1,-46.9,-733.7,2618.9,1,
23,0.5568377376,0.7407834530,-0.3757280111,-0.4020969570,0.6362159848,0.6584430337,0.7268078923,-0.2155668586,0.6521358490,1,265.2,324.9,2409.5,1,0.5568377376,0.7407834530,-0.3757280111,-0.4020969570,0.6362159848,0.6584430337,0.7268078923,-0.2155668586,0.6521358490,1,116.9,197.5,2452.6,1,0.5735591054,0.7208091617,-0.3891839385,-0.3872989416,0.6572611332,0.6465348601,0.7218236923,-0.2200954407,0.6561467052,1,-26.4,66.8,2496.3,1,0.2553961575,0.1956884712,-0.9468256831,0.9456220269,0.1534632593,0.2867890596,0.2014242709,-0.9685840607,-0.1458534002,1,36.4,251.9,2351.4,1,-0.7351418734,0.1956884712,-0.6490550041,0.6766530871,0.1534632593,-0.7201316357,-0.0413153581,-0.9685840607,-0.2452304810,1,-30.3,4.8,2298.7,1,-0.0674794540,0.8774081469,-0.4749751985,-0.9905573130,-0.1158604249,-0.0732977614,-0.1193428859,0.4655440748,0.8769412637,1,197.3,143.2,2553.9,1,0.3811038435,0.8774081469,-0.2914014161,-0.4211005867,-0.1158604249,-0.8995836377,-0.8230639100,0.4655440748,0.3253222108,1,182.2,-78.6,2527.2,1,0.6786621809,-0.0161689110,-0.7342725992,0.0463074259,0.9987105131,0.0208083987,0.7329893112,-0.0481241494,0.6785357594,1,-223.5,-31.5,2475.7,1,0.6792966723,0.0322752893,-0.7331537008,-0.0652871355,0.9977289438,-0.0165686160,0.7309539318,0.0591205098,0.6798611283,1,-217.1,-428.6,2494.9,1,0.4121811986,-0.1496931762,-0.8987205625,0.1177627593,0.9868893623,-0.1103691384,0.9034592509,-0.0603437237,0.4244055152,1,-112.2,-109.3,2598.7,1,0.4181899428,-0.0238638557,-0.9080460668,-0.0038649035,0.9995990396,-0.0280498452,0.9083513618,0.0152396737,0.4179300368,1,-52.7,-501.6,2622.7,1,160.6,-170.9,2309.5,1,281.2,-187.9,2313.4,1,-227.8,-759.7,2475.2,1,-47.1,-733.3,2619.2,1,
