1,0.9776461124,-0.0026267262,-0.2102408409,-0.0077617969,0.9987895489,-0.0485720895,0.2101139426,0.0491181612,0.9764422774,1,-128.0,440.6,2673.8,1,0.9776461124,-0.0026267262,-0.2102408409,-0.0077617969,0.9987895489,-0.0485720895,0.2101139426,0.0491181612,0.9764422774,1,-127.5,245.1,2664.2,1,0.9776406884,0.0047622435,-0.2102285177,-0.0128313499,0.9992315769,-0.0370352529,0.2098906040,0.0389046855,0.9769505262,1,-128.4,51.2,2656.6,1,0.5182766914,-0.7639878988,-0.3843328953,0.2579544783,0.5681205392,-0.7814720273,0.8153825998,0.3058783710,0.4915177226,1,-260.9,246.9,2635.5,1,-0.6327376962,-0.7639878988,-0.1263547093,-0.7524956465,0.5681205392,0.3331506848,-0.1827383935,0.3058783710,-0.9343688488,1,-385.2,185.0,2440.0,1,0.2037323862,0.4910751283,0.8469582796,-0.9744939804,0.1848673970,0.1272225529,-0.0940991417,-0.8512750864,0.5162132382,1,5.9,243.3,2692.8,1,-0.0015984669,0.4949344695,0.8689288497,-0.9377644658,0.3010102808,-0.1731779873,-0.3472682536,-0.8151274323,0.4636507928,1,56.0,3.4,2669.7,1,0.9449242353,-0.0162736811,0.3268843889,0.0033122774,0.9991874099,0.0401689596,-0.3272724748,-0.0368738882,0.9442102909,1,-215.6,-147.1,2634.2,1,0.9449279308,-0.0332866162,0.3255814016,0.0032017820,0.9957069755,0.0925060883,-0.3272628784,-0.0863691419,0.9409778714,1,-209.2,-534.9,2648.5,1,0.9743403792,0.0854711756,0.2082198411,-0.0857936218,0.9962847233,-0.0074989703,-0.2080871910,-0.0105573852,0.9780533314,1,-39.4,-147.6,2666.1,1,0.9712131619,-0.1172046661,0.2073838264,0.1233962923,0.9922096133,-0.0171301160,-0.2037605047,0.0422273912,0.9781096578,1,-72.6,-534.3,2670.2,1,-261.6,332.1,2475.7,1,55.6,-234.0,2581.7,1,-199.4,-827.9,2673.9,1,-35.8,-846.2,2656.9,1,
2,0.9758628607,0.0035808068,-0.2183549851,-0.0143095758,0.9987652898,-0.0475729816,0.2179150283,0.0495492741,0.9747091532,1,-127.5,440.6,2674.9,1,0.9758628607,0.0035808068,-0.2183549851,-0.0143095758,0.9987652898,-0.0475729816,0.2179150283,0.0495492741,0.9747091532,1,-128.2,245.4,2665.2,1,0.9758530855,0.0068421108,-0.2183206826,-0.0161767770,0.9990282655,-0.0409979299,0.2178280205,0.0435396843,0.9750155210,1,-129.5,51.5,2656.7,1,0.4399776459,-0.8199252486,-0.3662544489,0.2613731325,0.5071181655,-0.8212887645,0.8591296673,0.2656196058,0.4374270737,1,-261.5,247.6,2635.4,1,-0.5714079738,-0.8199252486,-0.0348652527,-0.7532337308,0.5071181655,0.4188914895,-0.3257789016,0.2656196058,-0.9073666930,1,-377.6,178.6,2408.6,1,0.2102313638,0.4970629215,0.8418617845,-0.9725404978,0.1942650527,0.1281642169,-0.0998386443,-0.8456888199,0.5242544413,1,5.0,243.2,2694.9,1,0.0120590115,0.4988211095,0.8666210771,-0.9401608706,0.3007986844,-0.1600553393,-0.3405174613,-0.8128330708,0.4725994170,1,56.1,7.0,2670.7,1,0.9475698471,-0.0188987330,0.3189894259,0.0032116829,0.9987624288,0.0496318974,-0.3195326328,-0.0460051969,0.9464578032,1,-216.8,-141.5,2630.2,1,0.9476324916,-0.0280032046,0.3181328773,0.0010615165,0.9964189529,0.0845464244,-0.3193612099,-0.0797812343,0.9442687035,1,-209.4,-529.2,2648.1,1,0.9767074585,0.0768199563,0.2003526688,-0.0762995705,0.9970314503,-0.0103295557,-0.2005514205,-0.0051978673,0.9796693921,1,-41.8,-143.9,2667.8,1,0.9732059836,-0.1131561995,0.2001644820,0.1180739775,0.9929227829,-0.0127641801,-0.1973035187,0.0360563919,0.9796791673,1,-71.6,-530.9,2669.8,1,-262.8,330.0,2474.1,1,59.1,-231.3,2584.4,1,-201.2,-823.1,2671.6,1,-35.9,-844.4,2658.4,1,
3,0.9774049520,0.0030220069,-0.2113536894,-0.0190943219,0.9970721006,-0.0740452036,0.2105111033,0.0764078051,0.9746009111,1,-128.3,439.5,2684.4,1,0.9774049520,0.0030220069,-0.2113536894,-0.0190943219,0.9970721006,-0.0740452036,0.2105111033,0.0764078051,0.9746009111,1,-128.9,245.1,2669.5,1,0.9774011374,0.0057704085,-0.2113141418,-0.0199586339,0.9976809621,-0.0650716722,0.2104486078,0.0678186715,0.9752497077,1,-130.0,51.5,2656.4,1,0.4623407722,-0.8071609139,-0.3670589924,0.2904123366,0.5289695263,-0.7974032760,0.8377957344,0.2620735765,0.4789736271,1,-262.4,247.8,2640.8,1,-0.5826056004,-0.8071609139,-0.0951947123,-0.7853835821,0.5289695263,0.3215026259,-0.2091492414,0.2620735765,-0.9421114922,1,-376.6,176.1,2433.8,1,0.2125213295,0.4941970706,0.8429732919,-0.9714673162,0.1998116970,0.1277753115,-0.1052897349,-0.8460759521,0.5225605369,1,4.6,242.3,2698.3,1,0.0187477879,0.4953040779,0.8685173392,-0.9381175637,0.3091610670,-0.1560603380,-0.3458090723,-0.8118456006,0.4704495370,1,56.1,7.1,2672.8,1,0.9452548027,-0.0258635804,0.3253066540,0.0128939627,0.9990360141,0.0419621542,-0.3260783553,-0.0354704373,0.9446770549,1,-218.2,-140.9,2628.8,1,0.9459921718,-0.0251406785,0.3232131898,-0.0080174506,0.9948692918,0.1008502617,-0.3240903318,-0.0979949012,0.9409369826,1,-208.2,-528.7,2642.5,1,0.9749636650,0.0748006776,0.2094055265,-0.0751204863,0.9971536994,-0.0064373938,-0.2092910111,-0.0094544198,0.9778077006,1,-43.4,-143.8,2667.8,1,0.9713211060,-0.1143557206,0.2084659934,0.1208720058,0.9924910069,-0.0187488981,-0.2047565728,0.0434089005,0.9778499007,1,-72.5,-530.9,2671.4,1,-264.3,327.4,2474.1,1,60.8,-230.9,2585.0,1,-200.8,-821.7,2671.4,1,-36.5,-843.4,2657.8,1,
4,0.9787082672,0.0101758419,-0.2050037980,-0.0275389869,0.9962499142,-0.0820226371,0.2034003586,0.0859218314,0.9753182530,1,-125.8,441.1,2689.2,1,0.9787082672,0.0101758419,-0.2050037980,-0.0275389869,0.9962499142,-0.0820226371,0.2034003586,0.0859218314,0.9753182530,1,-127.8,246.6,2672.4,1,0.9787148237,0.0114365127,-0.2049059570,-0.0269332174,0.9969682097,-0.0729998276,0.2034498602,0.0769647956,0.9760556221,1,-130.0,53.2,2657.5,1,0.4848813713,-0.7763547897,-0.4026950896,0.2947870195,0.5785792470,-0.7604910731,0.8234018683,0.2500386536,0.5094016194,1,-261.5,250.3,2644.6,1,-0.6242456436,-0.7763547897,-0.0871244147,-0.7606472969,0.5785792470,0.2943836451,-0.1781377643,0.2500386536,-0.9517077208,1,-376.3,180.5,2449.7,1,0.2065636665,0.4906419516,0.8465234637,-0.9723695517,0.1991130561,0.1218666881,-0.1087609604,-0.8483068347,0.5182148218,1,5.9,243.0,2700.2,1,0.0299407672,0.4904187918,0.8709724545,-0.9408210516,0.3081124723,-0.1411471069,-0.3375786543,-0.8152031302,0.4706214368,1,56.1,6.7,2673.8,1,0.9433265328,-0.0172398966,0.3314179480,-0.0043105455,0.9979290366,0.0641801208,-0.3318380713,-0.0619714037,0.9412986040,1,-218.7,-140.3,2624.3,1,0.9427524805,-0.0408646949,0.3309800327,0.0132594937,0.9962724447,0.0852376074,-0.3332294822,-0.0759693384,0.9397801757,1,-212.0,-527.6,2648.4,1,0.9722890258,0.0827398449,0.2186506689,-0.0880044252,0.9960155487,0.0144319963,-0.2165853530,-0.0332742967,0.9756964445,1,-43.6,-143.9,2662.0,1,0.9689714313,-0.1220090389,0.2149607092,0.1309180111,0.9910075068,-0.0276513081,-0.2096539587,0.0549355596,0.9762311578,1,-75.7,-530.5,2674.9,1,-247.1,337.9,2486.6,1,63.7,-232.0,2588.1,1,-200.0,-821.1,2670.8,1,-37.1,-844.3,2657.5,1,
5,0.9829265475,0.0211046636,-0.1827839762,-0.0318860970,0.9979075193,-0.0562477559,0.1812144220,0.0611156821,0.9815427661,1,-121.9,440.8,2682.1,1,0.9829265475,0.0211046636,-0.1827839762,-0.0318860970,0.9979075193,-0.0562477559,0.1812144220,0.0611156821,0.9815427661,1,-126.0,245.9,2670.1,1,0.9829352498,0.0217386466,-0.1826627851,-0.0314801820,0.9982226491,-0.0506012812,0.1812381297,0.0554880425,0.9818726182,1,-130.2,52.2,2659.4,1,0.5166643858,-0.7425841093,-0.4261769354,0.2757423818,0.6155577898,-0.7382782698,0.8105702400,0.2639270127,0.5227986574,1,-260.3,250.3,2645.4,1,-0.6602593064,-0.7425841093,-0.1123678610,-0.7389360666,0.6155577898,0.2739747167,-0.1342803538,0.2639270127,-0.9551498890,1,-384.0,184.2,2451.3,1,0.1992363781,0.4709218740,0.8593820333,-0.9749264121,0.1839500219,0.1252233833,-0.0991129056,-0.8627832532,0.4957636893,1,8.2,241.6,2694.9,1,0.0282279737,0.4707472920,0.8818163872,-0.9477910995,0.2929280996,-0.1260363013,-0.3176400363,-0.8322200179,0.4544388652,1,56.1,7.4,2671.1,1,0.9349238873,-0.0222995710,0.3541469872,-0.0000455409,0.9980158806,0.0629622862,-0.3548483551,-0.0588810705,0.9330678582,1,-219.9,-137.9,2624.3,1,0.9347189069,-0.0366814137,0.3534897268,0.0059851389,0.9961427450,0.0875428617,-0.3553374410,-0.0797122866,0.9313330650,1,-211.3,-525.3,2647.2,1,0.9680386782,0.0733333677,0.2398402840,-0.0786828324,0.9968176484,0.0127919661,-0.2381389439,-0.0312544294,0.9707280993,1,-44.6,-142.7,2660.8,1,0.9648922086,-0.1125176102,0.2373242676,0.1205796450,0.9925084710,-0.0196848083,-0.2333314568,0.0476101935,0.9712310433,1,-73.1,-529.7,2672.9,1,-262.2,320.5,2476.0,1,63.3,-233.1,2590.5,1,-200.4,-821.9,2670.9,1,-37.3,-844.8,2657.8,1,
6,0.9843880534,0.0190624595,-0.1749763936,-0.0268341042,0.9987505674,-0.0421572961,0.1739541441,0.0461944714,0.9836696982,1,-123.0,440.8,2678.5,1,0.9843880534,0.0190624595,-0.1749763936,-0.0268341042,0.9987505674,-0.0421572961,0.1739541441,0.0461944714,0.9836696982,1,-126.8,245.7,2669.5,1,0.9843978286,0.0188741051,-0.1749418378,-0.0263196062,0.9988393784,-0.0403377824,0.1739774644,0.0443128236,0.9837521315,1,-130.4,51.8,2660.9,1,0.5160923600,-0.7242525220,-0.4572821856,0.2591355443,0.6408815980,-0.7225784063,0.8163929582,0.2544191182,0.5184336901,1,-261.2,249.3,2645.7,1,-0.6873487234,-0.7242525220,-0.0548640154,-0.7003732920,0.6408815980,0.3142420053,-0.1924292147,0.2544191182,-0.9477562308,1,-386.8,186.3,2447.2,1,0.1992286146,0.4650545120,0.8625730276,-0.9763932228,0.1691629887,0.1343137920,-0.0834522098,-0.8689696193,0.4877781570,1,7.7,242.1,2693.3,1,0.0278127138,0.4651471972,0.8847963214,-0.9500371218,0.2875921428,-0.1213268638,-0.3108953238,-0.8372149467,0.4499058425,1,56.2,4.2,2672.9,1,0.9314360619,-0.0355037227,0.3621689677,0.0226329714,0.9989544749,0.0397202373,-0.3632005453,-0.0287999008,0.9312657714,1,-222.4,-138.6,2632.4,1,0.9327083230,-0.0287595615,0.3594831228,-0.0070434255,0.9951722026,0.0978910401,-0.3605629206,-0.0938357785,0.9280028343,1,-208.6,-526.2,2643.6,1,0.9670934081,0.0704091787,0.2444850206,-0.0688155144,0.9975156188,-0.0150652537,-0.2449383587,-0.0022548551,0.9695360065,1,-46.3,-144.3,2664.9,1,0.9625921249,-0.1149983555,0.2453402281,0.1192971170,0.9928549528,-0.0026810644,-0.2432789505,0.0318491533,0.9694333076,1,-73.6,-531.4,2665.8,1,-251.7,323.9,2485.0,1,63.3,-236.9,2594.0,1,-200.0,-824.1,2671.7,1,-37.5,-843.4,2655.8,1,
7,0.9852986336,0.0069389502,-0.1706997603,-0.0164768379,0.9983766079,-0.0545221679,0.1700443327,0.0565332100,0.9838134646,1,-123.2,438.6,2678.2,1,0.9852986336,0.0069389502,-0.1706997603,-0.0164768379,0.9983766079,-0.0545221679,0.1700443327,0.0565332100,0.9838134646,1,-124.6,245.0,2667.3,1,0.9852247834,0.0203913525,-0.1700481176,-0.0218792148,0.9997369647,-0.0068801511,0.1698630899,0.0104990145,0.9854117632,1,-128.5,51.1,2665.3,1,0.5143691897,-0.7487440705,-0.4180988073,0.2423421592,0.5945786238,-0.7666462660,0.8226144910,0.2930162549,0.4872851968,1,-259.1,248.0,2644.1,1,-0.6581470966,-0.7487440705,-0.0788963735,-0.7194569111,0.5945786238,0.3589679301,-0.2218650281,0.2930162549,-0.9300093651,1,-381.7,190.3,2448.1,1,0.1904494911,0.4586524665,0.8679671288,-0.9793065786,0.1504252702,0.1353916675,-0.0684664696,-0.8757911325,0.4778097868,1,10.0,242.0,2690.5,1,0.0348846838,0.4582023621,0.8881630898,-0.9526273012,0.2839157581,-0.1090551540,-0.3021328151,-0.8422840834,0.4464004040,1,56.2,4.6,2673.9,1,0.9286007881,-0.0419497155,0.3687014282,0.0358745120,0.9990841746,0.0233202167,-0.3693420589,-0.0084281890,0.9292553067,1,-222.2,-139.6,2636.7,1,0.9313650131,-0.0198585577,0.3635447919,-0.0223829783,0.9934996963,0.1116126403,-0.3633981049,-0.1120893210,0.9248663783,1,-205.9,-527.3,2640.0,1,0.9663392305,0.0699265972,0.2475858778,-0.0703009889,0.9974988103,-0.0073392615,-0.2474798262,-0.0103133144,0.9688381553,1,-45.9,-144.4,2667.9,1,0.9625929594,-0.1112798899,0.2470456660,0.1186101511,0.9928284883,-0.0149423908,-0.2436111867,0.0436855629,0.9688886404,1,-73.0,-531.5,2671.9,1,-235.7,349.8,2497.3,1,65.1,-237.2,2597.2,1,-199.9,-827.7,2673.9,1,-38.2,-841.8,2658.3,1,
8,0.9859583378,0.0090095978,-0.1667484194,-0.0182009544,0.9983925819,-0.0536752641,0.1659967899,0.0559565537,0.9845374227,1,-121.8,436.7,2676.6,1,0.9859583378,0.0090095978,-0.1667484194,-0.0182009544,0.9983925819,-0.0536752641,0.1659967899,0.0559565537,0.9845374227,1,-123.5,244.4,2665.8,1,0.9859530330,0.0200569034,-0.1658142507,-0.0185647029,0.9997720718,0.0105443699,0.1659879386,-0.0073179612,0.9861006141,1,-127.4,50.4,2667.3,1,0.4976478219,-0.7657453418,-0.4074073136,0.2233911604,0.5670042038,-0.7928446531,0.8381187320,0.3035462201,0.4532291591,1,-258.2,247.0,2643.2,1,-0.6355859637,-0.7657453418,-0.0983083472,-0.7393016815,0.5670042038,0.3632343709,-0.2224037945,0.3035462201,-0.9264967442,1,-373.2,195.3,2449.5,1,0.1852508485,0.4542473257,0.8714020252,-0.9809622169,0.1380610317,0.1365732849,-0.0582686104,-0.8801127672,0.4711754024,1,11.2,241.9,2688.5,1,0.0277757552,0.4547598064,0.8901808858,-0.9559409618,0.2724332809,-0.1093482450,-0.2922420800,-0.8479231000,0.4422905445,1,56.3,3.0,2674.3,1,0.9268535972,-0.0297878664,0.3742393553,0.0334683433,0.9994342327,-0.0033380867,-0.3739281595,0.0156190889,0.9273261428,1,-220.7,-140.9,2648.0,1,0.9290243387,-0.0277129691,0.3689793944,-0.0110524977,0.9946680069,0.1025348380,-0.3698535562,-0.0993354991,0.9237644672,1,-209.1,-528.7,2642.0,1,0.9659951329,0.0695967525,0.2490174174,-0.0643409640,0.9975008368,-0.0291937832,-0.2504268885,0.0121790320,0.9680588841,1,-44.1,-144.8,2678.4,1,0.9625723362,-0.1049303412,0.2498881072,0.1125652939,0.9935086370,-0.0164195113,-0.2465430945,0.0439336970,0.9681354761,1,-71.2,-532.0,2673.7,1,-224.1,368.8,2501.7,1,63.3,-239.6,2600.1,1,-200.9,-822.5,2671.3,1,-38.0,-846.3,2659.8,1,
9,0.9866010547,0.0222565942,-0.1616261154,-0.0322270878,0.9977180362,-0.0593312085,0.1599367857,0.0637449697,0.9850668907,1,-120.6,432.5,2677.8,1,0.9866010547,0.0222565942,-0.1616261154,-0.0322270878,0.9977180362,-0.0593312085,0.1599367857,0.0637449697,0.9850668907,1,-125.0,236.6,2665.3,1,0.9869347811,0.0122503322,-0.1606539041,-0.0129077481,0.9999120235,-0.0030491052,0.1606024206,0.0050829481,0.9870060682,1,-127.4,42.6,2664.3,1,0.4909708202,-0.7670344114,-0.4130446911,0.1737388074,0.5508084893,-0.8163484335,0.8536758423,0.3290413916,0.4036945701,1,-259.8,238.4,2643.3,1,-0.6283823848,-0.7670344114,-0.1295910031,-0.7484982610,0.5508084893,0.3692699671,-0.2118629366,0.3290413916,-0.9202423096,1,-369.2,199.7,2453.1,1,0.1955857724,0.4523685277,0.8701200485,-0.9795418978,0.1329708993,0.1510511190,-0.0473698787,-0.8818625212,0.4691211283,1,9.8,234.9,2687.2,1,0.0179191437,0.4546660185,0.8904817104,-0.9534280896,0.2759694457,-0.1217198670,-0.3010876477,-0.8468291759,0.4384364784,1,56.3,2.3,2676.0,1,0.9249101877,-0.0299890786,0.3790009916,0.0352351815,0.9993551373,-0.0069119534,-0.3785493076,0.0197471045,0.9253704548,1,-219.6,-141.9,2653.8,1,0.9269237518,-0.0253053289,0.3743954897,-0.0086344741,0.9960211515,0.0886980295,-0.3751503527,-0.0854490176,0.9230171442,1,-208.0,-529.7,2646.1,1,0.9639964700,0.0767455176,0.2545994520,-0.0698469430,0.9969064593,-0.0360405110,-0.2565777898,0.0169599336,0.9663747549,1,-42.9,-145.2,2683.5,1,0.9600946307,-0.1140415967,0.2553679049,0.1246993840,0.9918568730,-0.0258852914,-0.2503364086,0.0566965491,0.9664973617,1,-72.7,-532.2,2677.0,1,-217.7,380.1,2504.2,1,60.8,-239.7,2599.6,1,-200.6,-820.1,2671.1,1,-36.5,-846.9,2659.0,1,
10,0.9871906638,0.0529272333,-0.1505102366,-0.0561621711,0.9982714057,-0.0173212569,0.1493332982,0.0255523641,0.9884567261,1,-113.9,438.1,2668.4,1,0.9871906638,0.0529272333,-0.1505102366,-0.0561621711,0.9982714057,-0.0173212569,0.1493332982,0.0255523641,0.9884567261,1,-124.9,230.1,2663.1,1,0.9887297153,0.0105176559,-0.1493417919,-0.0076934462,0.9997807145,0.0194761995,0.1495138854,-0.0181077439,0.9885938168,1,-126.9,36.1,2666.6,1,0.4950337410,-0.7661854625,-0.4097577035,0.1430816054,0.5370432734,-0.8313315511,0.8570117950,0.3529084027,0.3754815757,1,-260.0,231.2,2642.6,1,-0.6213427782,-0.7661854625,-0.1639907211,-0.7592520118,0.5370432734,0.3675879240,-0.1935704350,0.3529084027,-0.9154158235,1,-366.6,200.3,2458.1,1,0.1954656243,0.4415490627,0.8756869435,-0.9802415967,0.1155729368,0.1605281681,-0.0303246509,-0.8897625208,0.4554153085,1,10.2,229.0,2683.5,1,0.0235088915,0.4441417456,0.8956480622,-0.9518575072,0.2838396132,-0.1157685742,-0.3056380451,-0.8498077393,0.4294324219,1,56.5,-3.6,2676.3,1,0.9203842282,-0.0283035953,0.3899894059,0.0301916208,0.9995433092,0.0012892045,-0.3898477852,0.0105878487,0.9208184481,1,-218.2,-150.3,2648.9,1,0.9225859642,-0.0245268010,0.3850111067,-0.0169947129,0.9944244623,0.1040726751,-0.3854170442,-0.1025591493,0.9170252681,1,-207.2,-538.3,2644.8,1,0.9612649083,0.0789921433,0.2640645206,-0.0724079162,0.9967750907,-0.0345908590,-0.2659453452,0.0141306175,0.9638845325,1,-41.3,-152.6,2677.7,1,0.9571096301,-0.1152346656,0.2658235729,0.1226725653,0.9923806787,-0.0114904484,-0.2624740899,0.0436068773,0.9639531970,1,-72.0,-539.6,2672.2,1,-214.4,386.3,2505.5,1,62.5,-245.2,2598.7,1,-200.1,-823.3,2674.2,1,-36.4,-845.8,2658.7,1,
11,0.9882071614,0.0346998982,-0.1491392702,-0.0426845551,0.9978026748,-0.0506743453,0.1470531672,0.0564426929,0.9875168800,1,-115.7,439.8,2672.7,1,0.9882071614,0.0346998982,-0.1491392702,-0.0426845551,0.9978026748,-0.0506743453,0.1470531672,0.0564426929,0.9875168800,1,-123.1,226.4,2660.6,1,0.9890191555,0.0177150294,-0.1467218846,-0.0117501784,0.9990726709,0.0414215587,0.1473196149,-0.0392427072,0.9883101583,1,-126.5,32.6,2668.2,1,0.4937656820,-0.7673577666,-0.4090935290,0.1252183020,0.5282797813,-0.8397861719,0.8605322838,0.3634316027,0.3569336832,1,-258.2,228.0,2640.5,1,-0.6164653301,-0.7673577666,-0.1764441431,-0.7637568712,0.5282797813,0.3709392250,-0.1914312094,0.3634316027,-0.9117409587,1,-364.7,201.0,2455.0,1,0.1857292503,0.4399579465,0.8786020875,-0.9825212955,0.0945371240,0.1603576839,-0.0125098843,-0.8930284381,0.4498263597,1,12.0,224.8,2680.7,1,0.0334305279,0.4411343634,0.8968181610,-0.9575878382,0.2710902095,-0.0976502746,-0.2861955166,-0.8555176854,0.4314876199,1,56.4,-10.1,2677.7,1,0.9196566343,-0.0068716332,0.3926632702,0.0111954976,0.9998992682,-0.0087226722,-0.3925637603,0.0124179237,0.9196409583,1,-217.5,-157.2,2656.7,1,0.9192808867,-0.0525473692,0.3900787532,0.0188286826,0.9957846403,0.0897690877,-0.3931515515,-0.0751783326,0.9163951278,1,-214.9,-545.3,2651.9,1,0.9611769319,0.0814252943,0.2636453211,-0.0715802088,0.9963385463,-0.0467518680,-0.2664867640,0.0260650311,0.9634860754,1,-40.4,-158.6,2683.5,1,0.9564048052,-0.1208120883,0.2658839226,0.1302262396,0.9913209081,-0.0179982614,-0.2614018917,0.0518386886,0.9638370275,1,-72.0,-545.4,2673.3,1,-212.2,389.9,2502.3,1,64.9,-253.1,2605.1,1,-200.1,-824.3,2672.9,1,-35.5,-844.5,2657.7,1,
12,0.9889912009,0.0207492132,-0.1465124190,-0.0374539942,0.9929800034,-0.1121960655,0.1431559175,0.1164483950,0.9828255773,1,-118.0,441.4,2683.3,1,0.9889912009,0.0207492132,-0.1465124190,-0.0374539942,0.9929800034,-0.1121960655,0.1431559175,0.1164483950,0.9828255773,1,-122.5,225.4,2658.0,1,0.9894912243,0.0284930281,-0.1417576075,-0.0172493234,0.9966518283,0.0799221620,0.1435602009,-0.0766370520,0.9866697788,1,-128.0,32.2,2672.9,1,0.4901411831,-0.7764176726,-0.3961530030,0.1133671552,0.5074135661,-0.8542127609,0.8642392755,0.3737741113,0.3367245495,1,-257.7,227.8,2638.4,1,-0.6067851186,-0.7764176726,-0.1702568531,-0.7621052861,0.5074135661,0.4021530151,-0.2258480638,0.3737741113,-0.8996030092,1,-362.6,203.5,2453.4,1,0.1828673482,0.4343376160,0.8819922805,-0.9830705523,0.0703070313,0.1692016125,0.0114803687,-0.8980020881,0.4398413897,1,12.7,223.1,2677.6,1,0.0419777855,0.4353886843,0.8992633224,-0.9555795789,0.2802994251,-0.0911035538,-0.2917284369,-0.8554933667,0.4278149009,1,56.7,-13.5,2680.4,1,0.9178957343,-0.0067276657,0.3967645764,0.0108017521,0.9999094009,-0.0080345534,-0.3966745734,0.0116606345,0.9178852439,1,-218.5,-160.2,2662.6,1,0.9167236090,-0.0613022074,0.3947909176,0.0338471308,0.9965222478,0.0761429742,-0.3980856538,-0.0564395189,0.9156103730,1,-215.9,-548.4,2658.1,1,0.9617659450,0.0732462332,0.2638962269,-0.0602528378,0.9965537786,-0.0570098385,-0.2671625614,0.0389296263,0.9628648162,1,-41.3,-162.3,2689.0,1,0.9571019411,-0.1145013645,0.2661678493,0.1253622621,0.9918177724,-0.0241200086,-0.2612282336,0.0564527102,0.9636248946,1,-69.8,-549.2,2673.9,1,-211.9,392.7,2509.5,1,67.4,-256.0,2606.3,1,-199.4,-817.5,2673.3,1,-35.9,-842.7,2657.2,1,
13,0.9874938130,-0.0069202064,-0.1575057060,-0.0095343692,0.9945863485,-0.1034748182,0.1573691070,0.1036824584,0.9820819497,1,-121.9,441.0,2678.6,1,0.9874938130,-0.0069202064,-0.1575057060,-0.0095343692,0.9945863485,-0.1034748182,0.1573691070,0.1036824584,0.9820819497,1,-120.4,226.3,2656.3,1,0.9874716401,0.0263573080,-0.1555795521,-0.0118032563,0.9955267310,0.0937399715,0.1573543251,-0.0907292217,0.9833655357,1,-125.6,33.2,2673.9,1,0.5005202293,-0.7635741234,-0.4079632461,0.0807030872,0.5103400946,-0.8561775684,0.8619550467,0.3956103027,0.3170583546,1,-255.3,227.9,2634.8,1,-0.6187906265,-0.7635741234,-0.1845337152,-0.7534042597,0.5103400946,0.4146504402,-0.2224414051,0.3956103027,-0.8910737038,1,-358.6,211.3,2457.0,1,0.1743483841,0.4448826313,0.8784543872,-0.9846012592,0.0671989098,0.1613834649,0.0127655230,-0.8930642605,0.4497480094,1,14.5,224.7,2677.8,1,0.0334284790,0.4476056993,0.8936060071,-0.9575763345,0.2704108655,-0.0996268094,-0.2862342894,-0.8523656130,0.4376560450,1,56.9,-14.9,2680.9,1,0.9230461121,-0.0151720671,0.3843899369,0.0226720758,0.9996306300,-0.0149871465,-0.3840205669,0.0225487463,0.9230491519,1,-222.1,-159.6,2674.9,1,0.9219869971,-0.0594985746,0.3826224506,0.0439611189,0.9978194237,0.0492319688,-0.3847173452,-0.0285707247,0.9225921631,1,-216.2,-547.6,2666.1,1,0.9660551548,0.0692850798,0.2488714606,-0.0534519032,0.9961256981,-0.0698318854,-0.2527455688,0.0541587956,0.9660158157,1,-44.8,-162.7,2700.6,1,0.9610563517,-0.1163235754,0.2506782115,0.1309657097,0.9904761910,-0.0424835309,-0.2433489561,0.0736593157,0.9671378136,1,-71.7,-549.3,2679.6,1,-203.3,400.3,2512.8,1,65.4,-257.9,2608.2,1,-200.3,-815.0,2673.8,1,-37.4,-842.1,2657.8,1,
14,0.9877403975,0.0065063895,-0.1559696347,-0.0222675260,0.9947863817,-0.0995197967,0.1545089632,0.1017727852,0.9827356339,1,-121.7,439.9,2677.3,1,0.9877403975,0.0065063895,-0.1559696347,-0.0222675260,0.9947863817,-0.0995197967,0.1545089632,0.1017727852,0.9827356339,1,-123.2,219.2,2654.7,1,0.9879652858,0.0235319324,-0.1528750807,-0.0073748901,0.9944018722,0.1054067239,0.1544996947,-0.1030107513,0.9826080799,1,-127.7,26.2,2674.7,1,0.5025953054,-0.7607268691,-0.4107220769,0.0535496511,0.5015673637,-0.8634597063,0.8628617525,0.4119767845,0.2928220630,1,-258.1,220.2,2633.6,1,-0.6152983308,-0.7607268691,-0.2066462487,-0.7593356371,0.5015673637,0.4145353734,-0.2117011845,0.4119767845,-0.8862605691,1,-360.6,209.3,2457.6,1,0.1905916482,0.4410544634,0.8770095706,-0.9813438058,0.0625941083,0.1817865223,0.0252821241,-0.8952949047,0.4447559714,1,11.8,218.2,2675.8,1,-0.0023249963,0.4509919584,0.8925249577,-0.9553234577,0.2627883554,-0.1352752745,-0.2955532372,-0.8529645801,0.4302322268,1,56.9,-14.2,2681.8,1,0.9216074347,-0.0195328407,0.3876314759,0.0323164091,0.9991266727,-0.0264871698,-0.3867755830,0.0369376317,0.9214338064,1,-219.1,-158.9,2677.4,1,0.9219530821,-0.0430934280,0.3848966360,0.0248991363,0.9983296990,0.0521324724,-0.3865003288,-0.0384801030,0.9214861989,1,-211.6,-546.7,2663.0,1,0.9651137590,0.0752150118,0.2507950068,-0.0585152991,0.9955842495,-0.0734024346,-0.2552085221,0.0561663508,0.9652532935,1,-42.2,-161.0,2705.6,1,0.9612587690,-0.1126510426,0.2515776455,0.1323756129,0.9892048836,-0.0628523901,-0.2417814583,0.0937201604,0.9657940865,1,-71.4,-547.5,2683.8,1,-206.4,399.5,2510.7,1,56.4,-256.5,2606.8,1,-199.8,-819.8,2673.6,1,-37.7,-843.7,2655.7,1,
15,0.9856946468,-0.0087875361,-0.1683117598,-0.0090797367,0.9944209456,-0.1050928235,0.1682962477,0.1051176563,0.9801156521,1,-122.7,443.3,2677.1,1,0.9856946468,-0.0087875361,-0.1683117598,-0.0090797367,0.9944209456,-0.1050928235,0.1682962477,0.1051176563,0.9801156521,1,-120.8,220.4,2653.6,1,0.9857343435,0.0242967159,-0.1665457189,-0.0039936104,0.9926233888,0.1211730316,0.1682612747,-0.1187793016,0.9785599709,1,-125.5,27.8,2676.6,1,0.5146233439,-0.7389169931,-0.4349304438,0.0822307616,0.5474527478,-0.8327866197,0.8534640670,0.3928067982,0.3424936831,1,-255.4,221.0,2630.6,1,-0.6501570344,-0.7389169931,-0.1769109964,-0.7323645949,0.5474527478,0.4048920870,-0.2023312151,0.3928067982,-0.8970869184,1,-362.1,203.9,2453.7,1,0.1779260933,0.4522626400,0.8739569783,-0.9835778475,0.0544055589,0.1720892042,0.0302813984,-0.8902238607,0.4545156658,1,13.9,219.9,2676.6,1,-0.0563860163,0.4761304259,0.8775650859,-0.9416171908,0.2668591440,-0.2052882612,-0.3319302499,-0.8379057050,0.4332854748,1,57.3,-19.8,2683.9,1,0.9266914725,-0.0152346045,0.3755140007,0.0360432714,0.9981750250,-0.0484514348,-0.3740905523,0.0584342852,0.9255493879,1,-220.8,-166.1,2680.9,1,0.9268773198,-0.0571419224,0.3709895611,0.0328830741,0.9969059825,0.0713943243,-0.3739213347,-0.0539745018,0.9258885384,1,-214.9,-553.5,2658.2,1,0.9696393013,0.0655768737,0.2355829626,-0.0468714386,0.9953503609,-0.0841469243,-0.2400056869,0.0705500469,0.9682044983,1,-43.8,-167.4,2708.6,1,0.9653255939,-0.1088224351,0.2372849435,0.1256522536,0.9904384017,-0.0569502302,-0.2288186550,0.0847909078,0.9697692990,1,-69.2,-553.8,2681.2,1,-199.6,387.0,2504.2,1,43.0,-258.2,2599.9,1,-199.6,-819.8,2672.6,1,-37.2,-845.3,2656.2,1,
16,0.9670634866,-0.0198970996,-0.2537564635,0.0002762547,0.9970214963,-0.0771238655,0.2545351982,0.0745135695,0.9641885757,1,-129.3,469.9,2685.6,1,0.9670634866,-0.0198970996,-0.2537564635,0.0002762547,0.9970214963,-0.0771238655,0.2545351982,0.0745135695,0.9641885757,1,-125.1,259.6,2669.8,1,0.9669348598,-0.0015754249,-0.2550185621,0.0122310258,0.9991166592,0.0402032398,0.2547299564,-0.0419930518,0.9661000371,1,-124.2,66.3,2678.2,1,0.4865669906,-0.7478465438,-0.4516393840,0.3104386926,0.6312232614,-0.7107636929,0.8166274428,0.2056278139,0.5392928720,1,-256.7,258.4,2635.1,1,-0.6632080674,-0.7478465438,-0.0296757780,-0.7242032886,0.6312232614,0.2776451707,-0.1889039427,0.2056278139,-0.9602252245,1,-367.4,187.7,2449.2,1,0.1741126180,0.5222516656,0.8348281384,-0.9822109938,0.1526545584,0.1093533188,-0.0703303739,-0.8390171528,0.5395404100,1,6.4,260.8,2704.6,1,-0.1070509404,0.5356939435,0.8375990391,-0.9286520481,0.2470660508,-0.2767014503,-0.3551695645,-0.8074592352,0.4710246027,1,56.3,-20.7,2684.4,1,0.9560256004,-0.0021193591,0.2932756245,0.0134529518,0.9992382526,-0.0366331898,-0.2929745913,0.0389676876,0.9553258419,1,-215.2,-149.3,2675.1,1,0.9550584555,-0.0544489063,0.2913737595,0.0354055427,0.9969016314,0.0702391416,-0.2942954302,-0.0567662381,0.9540271163,1,-214.3,-551.8,2659.4,1,0.9851446748,0.0686941147,0.1573883742,-0.0579932146,0.9957455397,-0.0716072619,-0.1616377681,0.0614160523,0.9849371910,1,-40.5,-151.5,2711.7,1,0.9821771979,-0.1037746146,0.1567124277,0.1175440475,0.9897346497,-0.0812937841,-0.1466674954,0.0982655138,0.9842929244,1,-68.1,-551.5,2687.0,1,-220.3,348.4,2491.1,1,29.2,-255.8,2594.5,1,-199.6,-821.2,2674.7,1,-37.4,-843.7,2658.0,1,
17,0.9796305299,-0.0056045428,-0.2007302940,-0.0016817073,0.9993464351,-0.0361098051,0.2008014768,0.0357118361,0.9789808393,1,-122.2,458.3,2679.8,1,0.9796305299,-0.0056045428,-0.2007302940,-0.0016817073,0.9993464351,-0.0361098051,0.2008014768,0.0357118361,0.9789808393,1,-121.0,254.7,2672.5,1,0.9796304703,0.0054889442,-0.2007337362,-0.0008206209,0.9997274280,0.0233321171,0.2008070797,-0.0226921272,0.9793679714,1,-121.9,61.0,2677.0,1,0.4797880352,-0.7522438169,-0.4515890181,0.3068303168,0.6260554790,-0.7168749571,0.8219845295,0.2053868324,0.5311851501,1,-254.4,255.0,2645.1,1,-0.6586737037,-0.7522438169,-0.0166785643,-0.7224244475,0.6260554790,0.2935259342,-0.2103613764,0.2053868324,-0.9558055997,1,-368.2,182.2,2450.1,1,0.1864357591,0.4802379012,0.8570958376,-0.9807158709,0.1430341601,0.1331824213,-0.0586347356,-0.8653974533,0.4976436198,1,12.3,254.4,2699.8,1,-0.1186580807,0.4923032224,0.8622979522,-0.9396848679,0.2248992175,-0.2577065229,-0.3207998872,-0.8408673406,0.4359237850,1,56.3,23.2,2686.0,1,0.9379643798,0.0177750215,0.3462757468,-0.0219858289,0.9997243881,0.0082356399,-0.3460339308,-0.0153378965,0.9380966425,1,-208.0,-120.9,2659.4,1,0.9367711544,-0.0475261211,0.3467002511,0.0336127914,0.9983740449,0.0460379012,-0.3483245373,-0.0314734168,0.9368454814,1,-215.0,-514.8,2665.4,1,0.9727402329,0.0913606212,0.2131423056,-0.0785671175,0.9946034551,-0.0677584633,-0.2181825340,0.0491654053,0.9746687412,1,-36.3,-121.4,2707.3,1,0.9714370966,-0.1038730592,0.2133548856,0.1202918738,0.9905794859,-0.0654377788,-0.2045477480,0.0892335474,0.9747807980,1,-72.1,-512.0,2688.0,1,-221.3,343.4,2497.0,1,26.3,-214.9,2604.7,1,-200.4,-820.1,2675.0,1,-37.3,-844.3,2658.0,1,
18,0.9854325056,0.0087522864,-0.1698415130,-0.0119925225,0.9997649789,-0.0180615019,0.1696435213,0.0198352206,0.9853058457,1,-119.8,449.6,2677.4,1,0.9854325056,0.0087522864,-0.1698415130,-0.0119925225,0.9997649789,-0.0180615019,0.1696435213,0.0198352206,0.9853058457,1,-121.5,250.5,2673.4,1,0.9854314327,0.0144381421,-0.1694593728,-0.0120886937,0.9998160601,0.0148879830,0.1696431637,-0.0126225436,0.9854246974,1,-124.3,56.6,2676.0,1,0.4691943526,-0.7537775040,-0.4600827694,0.2992508709,0.6258760095,-0.7202278376,0.8308463097,0.2002466768,0.5192260742,1,-255.9,252.2,2650.3,1,-0.6570162177,-0.7537775040,-0.0122137945,-0.7234669328,0.6258760095,0.2913328409,-0.2119558156,0.2002466768,-0.9565438032,1,-368.2,180.6,2451.5,1,0.1845113784,0.4590116441,0.8690592051,-0.9820916653,0.1203849614,0.1449256837,-0.0380990803,-0.8802362084,0.4730038941,1,12.8,248.7,2696.5,1,-0.0769361928,0.4733020365,0.8775340319,-0.9445570707,0.2471825182,-0.2161313444,-0.3192064762,-0.8455092907,0.4280434847,1,56.4,16.3,2687.5,1,0.9267361164,-0.0033296279,0.3756981194,0.0091261212,0.9998651743,-0.0136501268,-0.3756020069,0.0160787310,0.9266415834,1,-209.4,-129.1,2661.5,1,0.9270101190,-0.0241549499,0.3742576540,-0.0004347338,0.9978538156,0.0654792562,-0.3750360906,-0.0608626343,0.9250100851,1,-208.1,-519.9,2655.2,1,0.9653801918,0.0938281566,0.2433871776,-0.0770139247,0.9939958453,-0.0777242333,-0.2492185682,0.0562892370,0.9668100476,1,-34.9,-130.5,2698.5,1,0.9631814361,-0.1044196635,0.2477459610,0.1149212793,0.9929721951,-0.0282717701,-0.2430527210,0.0557021275,0.9684124589,1,-71.6,-518.6,2676.5,1,-218.5,345.4,2499.7,1,37.0,-223.0,2606.6,1,-200.7,-824.4,2673.7,1,-37.2,-845.7,2658.2,1,
19,0.9872188568,-0.0193709210,-0.1581886858,0.0135474438,0.9991931319,-0.0378092714,0.1587934494,0.0351829752,0.9866847396,1,-120.4,444.6,2677.2,1,0.9872188568,-0.0193709210,-0.1581886858,0.0135474438,0.9991931319,-0.0378092714,0.1587934494,0.0351829752,0.9866847396,1,-116.5,243.6,2670.1,1,0.9868165255,0.0367440581,-0.1576166451,-0.0327301025,0.9990722537,0.0279879291,0.1584988087,-0.0224601440,0.9871037006,1,-123.6,49.8,2674.5,1,0.4914219677,-0.7553539872,-0.4335259497,0.2827779651,0.6091954112,-0.7408897281,0.8237360120,0.2414979041,0.5129694939,1,-251.2,248.1,2648.5,1,-0.6540288329,-0.7553539872,-0.0410681926,-0.7239064574,0.6091954112,0.3237905800,-0.2195579559,0.2414979041,-0.9452370405,1,-367.8,181.0,2453.0,1,0.1649294496,0.4516095221,0.8768392801,-0.9859286547,0.1000574902,0.1339147985,-0.0272571445,-0.8865875006,0.4617571831,1,18.1,239.0,2691.7,1,-0.0541727543,0.4637265503,0.8843206167,-0.9546026587,0.2357415706,-0.1820980608,-0.2929148376,-0.8540395498,0.4299038053,1,56.5,9.4,2685.4,1,0.9224383235,-0.0068794680,0.3860831559,0.0103107598,0.9999235868,-0.0068174372,-0.3860067427,0.0102694761,0.9224388003,1,-214.7,-134.4,2662.3,1,0.9224548936,-0.0342887193,0.3845793307,0.0098320395,0.9978119731,0.0653807372,-0.3859796822,-0.0565295815,0.9207736254,1,-212.0,-524.0,2658.3,1,0.9633698463,0.0836611837,0.2547927499,-0.0721160248,0.9959149957,-0.0543383770,-0.2582979500,0.0339733101,0.9654677510,1,-38.7,-137.2,2693.2,1,0.9607315660,-0.1060050428,0.2564328313,0.1186178401,0.9923514128,-0.0341830328,-0.2508479059,0.0632582307,0.9659574032,1,-71.3,-524.9,2679.9,1,-216.4,348.5,2503.8,1,42.8,-232.5,2611.1,1,-201.9,-818.0,2674.9,1,-37.2,-843.8,2659.6,1,
20,0.9871736169,-0.0415206626,-0.1541565955,0.0320284851,0.9974641204,-0.0635567829,0.1564045995,0.0578041747,0.9860001206,1,-119.4,439.2,2677.6,1,0.9871736169,-0.0415206626,-0.1541565955,0.0320284851,0.9974641204,-0.0635567829,0.1564045995,0.0578041747,0.9860001206,1,-110.8,231.2,2665.5,1,0.9858548641,0.0695990846,-0.1524670869,-0.0616247952,0.9965032935,0.0564227663,0.1558609307,-0.0462289043,0.9866966605,1,-124.2,38.0,2674.5,1,0.5208571553,-0.7582285404,-0.3921699524,0.2278144211,0.5662108660,-0.7921526432,0.8226836920,0.3232564032,0.4676503837,1,-245.3,239.6,2644.2,1,-0.6407753229,-0.7582285404,-0.1204011962,-0.7387065291,0.5662108660,0.3656745851,-0.2090924531,0.3232564032,-0.9229223132,1,-362.6,188.3,2458.8,1,0.1439162493,0.4499578774,0.8813773394,-0.9895689487,0.0712316111,0.1252174526,-0.0064393538,-0.8902044296,0.4555157125,1,23.8,222.7,2686.8,1,-0.0363751203,0.4638775885,0.8851522207,-0.9547784925,0.2454088926,-0.1678466946,-0.2950845361,-0.8512297273,0.4339735806,1,56.5,-2.3,2685.4,1,0.9208639860,-0.0155997183,0.3895718157,0.0112523595,0.9998463988,0.0134389317,-0.3897216320,-0.0079918262,0.9208980203,1,-218.8,-140.2,2664.2,1,0.9204072952,-0.0379565842,0.3891140223,0.0258657504,0.9990073442,0.0362667032,-0.3901043236,-0.0233154111,0.9204754233,1,-212.7,-528.9,2667.3,1,0.9640890360,0.0714104697,0.2557984889,-0.0601147898,0.9968507290,-0.0517187156,-0.2586861551,0.0344841741,0.9653456807,1,-42.3,-146.4,2692.9,1,0.9609980583,-0.1023076624,0.2569354773,0.1151386350,0.9927198887,-0.0353596620,-0.2514473796,0.0635637641,0.9657814503,1,-70.1,-533.9,2679.5,1,-209.3,365.1,2508.9,1,47.3,-244.5,2610.5,1,-201.9,-815.3,2674.0,1,-38.0,-845.5,2659.5,1,
21,0.9827871919,-0.0609340407,-0.1744027734,0.0514000319,0.9969530106,-0.0586749837,0.1774466634,0.0487007163,0.9829246998,1,-121.2,435.7,2674.8,1,0.9827871919,-0.0609340407,-0.1744027734,0.0514000319,0.9969530106,-0.0586749837,0.1774466634,0.0487007163,0.9829246998,1,-108.2,223.7,2664.4,1,0.9821389914,0.0723541752,-0.1736891568,-0.0617231093,0.9959183931,0.0658543110,0.1777450591,-0.0539574511,0.9825962186,1,-122.3,30.5,2674.9,1,0.5152649283,-0.7743917704,-0.3671776354,0.1657687724,0.5103928447,-0.8438127041,0.8408464193,0.3739205301,0.3913575113,1,-242.3,232.1,2640.1,1,-0.6131614447,-0.7743917704,-0.1560463458,-0.7511472702,0.5103928447,0.4186609387,-0.2445626557,0.3739205301,-0.8946354389,1,-351.8,196.9,2461.4,1,0.1290815324,0.4669300616,0.8748224378,-0.9914187193,0.0791487098,0.1040404737,-0.0206614416,-0.8807450533,0.4731398225,1,25.8,215.3,2688.7,1,-0.0468871742,0.4820305705,0.8748989105,-0.9514018893,0.2453223169,-0.1861488223,-0.3043616414,-0.8411085010,0.4471023381,1,56.5,-20.2,2683.8,1,0.9285681844,-0.0315802433,0.3698159456,0.0298011489,0.9995004535,0.0105243428,-0.3699635565,0.0012483709,0.9290454388,1,-225.8,-149.3,2669.3,1,0.9282975197,-0.0453517996,0.3690621555,0.0361788645,0.9988411069,0.0317412429,-0.3700739741,-0.0161130670,0.9288625121,1,-213.6,-537.6,2668.8,1,0.9708778858,0.0498707332,0.2343266755,-0.0391872488,0.9979785085,-0.0500322282,-0.2363481373,0.0393925682,0.9708696008,1,-49.4,-160.5,2697.4,1,0.9663271904,-0.1061852276,0.2343852967,0.1207986698,0.9914740324,-0.0488560796,-0.2271991372,0.0755243897,0.9709153771,1,-68.8,-548.1,2682.1,1,-199.8,383.1,2522.0,1,44.6,-261.6,2606.6,1,-200.7,-821.2,2673.4,1,-36.9,-845.8,2659.4,1,
22,0.9793363810,-0.0644304454,-0.1917001903,0.0514850952,0.9960919023,-0.0717652664,0.1955748647,0.0604126379,0.9788262248,1,-120.6,439.1,2675.9,1,0.9793363810,-0.0644304454,-0.1917001903,0.0514850952,0.9960919023,-0.0717652664,0.1955748647,0.0604126379,0.9788262248,1,-106.3,218.4,2662.5,1,0.9788322449,0.0736866742,-0.1909390092,-0.0569127537,0.9941406846,0.0918978602,0.1965918988,-0.0790857226,0.9772906899,1,-120.7,25.5,2677.8,1,0.5188967586,-0.7819864750,-0.3453162313,0.1164542884,0.4648546576,-0.8776950240,0.8468675017,0.4152195156,0.3322772384,1,-240.0,226.1,2635.6,1,-0.5937860012,-0.7819864750,-0.1895132363,-0.7581441402,0.4648546576,0.4573047459,-0.2695100307,0.4152195156,-0.8688826561,1,-346.2,202.3,2462.3,1,0.1208183989,0.4795399308,0.8691630363,-0.9924123287,0.0784754679,0.0946537629,-0.0228177216,-0.8740040660,0.4853826165,1,27.3,210.6,2689.3,1,-0.0901545361,0.5031721592,0.8594707251,-0.9380745292,0.2469435334,-0.2429713756,-0.3344971836,-0.8281525373,0.4497498870,1,56.5,-29.2,2683.8,1,0.9348132014,-0.0235505272,0.3543580770,0.0250577796,0.9996859431,0.0003352209,-0.3542546630,0.0085660573,0.9351097345,1,-224.2,-157.0,2669.3,1,0.9340549111,-0.0543451197,0.3529702425,0.0412451625,0.9981560111,0.0445353799,-0.3547396660,-0.0270401761,0.9345740080,1,-215.0,-545.2,2666.0,1,0.9749584794,0.0529226363,0.2159980386,-0.0437251031,0.9979306459,-0.0471437611,-0.2180460393,0.0365186743,0.9752550125,1,-48.4,-168.1,2701.3,1,0.9706564546,-0.1082610190,0.2147220969,0.1258794367,0.9895649552,-0.0701109841,-0.2048911750,0.0950827748,0.9741554856,1,-68.9,-555.6,2687.1,1,-195.6,394.5,2530.7,1,33.7,-267.0,2599.1,1,-200.1,-820.2,2673.4,1,-37.2,-845.7,2659.2,1,
23,0.9759232402,-0.0608108118,-0.2094657421,0.0466233045,0.9963128567,-0.0720205083,0.2130730450,0.0605204999,0.9751600623,1,-119.0,440.1,2674.9,1,0.9759232402,-0.0608108118,-0.2094657421,0.0466233045,0.9963128567,-0.0720205083,0.2130730450,0.0605204999,0.9751600623,1,-105.3,216.0,2661.3,1,0.9752295613,0.0747067630,-0.2081974596,-0.0526586361,0.9925902486,0.1095063537,0.2148356438,-0.0958304405,0.9719373584,1,-119.8,23.4,2679.9,1,0.5257217884,-0.7794648409,-0.3406628668,0.0914665908,0.4499459565,-0.8883594275,0.8457248211,0.4358706474,0.3078413904,1,-238.5,223.2,2632.0,1,-0.5937100649,-0.7794648409,-0.1998572648,-0.7525742650,0.4499459565,0.4808124602,-0.2848514318,0.4358706474,-0.8537425995,1,-343.1,205.0,2463.7,1,0.1095018759,0.4911970794,0.8641381860,-0.9929129481,0.0944505557,0.0721319765,-0.0461873151,-0.8659125566,0.4980584383,1,27.9,208.9,2690.6,1,-0.1398953795,0.5183129907,0.8436710835,-0.9244065881,0.2369660586,-0.2988638580,-0.3548264205,-0.8217048049,0.4459814727,1,55.2,-38.7,2679.1,1,0.9408593774,-0.0195705034,0.3382316828,0.0217083134,0.9997611046,-0.0025386200,-0.3381012082,0.0097309239,0.9410594702,1,-222.6,-162.2,2675.5,1,0.9397790432,-0.0549434200,0.3373374045,0.0466960073,0.9983796477,0.0325207375,-0.3385775983,-0.0148099978,0.9408218861,1,-215.0,-550.4,2671.7,1,0.9786776900,0.0592612699,0.1966673881,-0.0469099730,0.9966575503,-0.0668817014,-0.1999735385,0.0562299639,0.9781864882,1,-47.3,-172.4,2710.8,1,0.9742300510,-0.1116369814,0.1959923506,0.1289770901,0.9885733128,-0.0780235007,-0.1850425005,0.1012913659,0.9774964452,1,-70.4,-559.3,2688.9,1,-189.4,399.8,2537.4,1,19.8,-272.8,2589.3,1,-200.0,-822.6,2675.8,1,-37.8,-847.5,2659.4,1,
