1,0.9839664102,0.1314378679,0.1205576807,0.0158278905,0.6089283228,-0.7930673361,-0.1776500642,0.7822597623,0.5970846415,1,202.9,-66.6,2791.6,1,0.9839664102,0.1314378679,0.1205576807,0.0158278905,0.6089283228,-0.7930673361,-0.1776500642,0.7822597623,0.5970846415,1,176.8,-187.6,2636.2,1,0.9832684398,0.1359953880,0.1211960614,0.0126391575,0.6127818823,-0.7901510000,-0.1817236394,0.7784623504,0.6008101702,1,149.8,-309.4,2481.4,1,0.2816182673,-0.2459259331,-0.9274759293,0.4294120073,0.8967022300,-0.1073796749,0.8580771685,-0.3680292070,0.3581312895,1,38.4,-189.3,2661.7,1,-0.2854717374,-0.2459259331,-0.9262971282,0.2958440185,0.8967022300,-0.3292436600,0.9115822315,-0.3680292070,-0.1832274348,1,-41.1,-310.6,2419.5,1,-0.0671452284,0.0519213565,0.9963913560,-0.4051462114,0.9111881852,-0.0747836307,-0.9117829204,-0.4087055624,-0.0401461981,1,315.2,-185.8,2610.6,1,-0.5381925106,0.0502383858,0.8413233161,-0.3221080005,0.9101852775,-0.2604020834,-0.7788422704,-0.4111434221,-0.4736726880,1,296.3,-300.0,2353.6,1,0.7804883718,0.3926961422,0.4864438474,0.3174270093,0.4214113653,-0.8495013714,-0.5385888815,0.8174363375,0.2042543292,0,32.5,-432.4,2343.3,1,0.7004062533,0.4333689511,0.5671176314,0.1696158797,0.6707423925,-0.7220353484,-0.6932975650,0.6019102335,0.3962859511,0,-133.4,-610.4,1998.0,0,0.9493889213,0.0083042989,0.3139931560,0.2916512787,0.3478432596,-0.8910356760,-0.1166198254,0.9375159144,0.3278165758,0,213.0,-430.0,2310.0,1,0.9493889213,-0.1519035995,0.2749289870,0.2916512787,0.7512906790,-0.5920319557,-0.1166198254,0.6422519684,0.7575699687,0,209.6,-570.4,1931.8,0,33.1,-387.5,2182.5,1,156.4,-383.7,2151.2,1,-299.1,-866.8,1767.9,0,267.7,-857.6,1686.3,0,
2,0.9833222032,0.1309685111,0.1261929274,0.0210797414,0.6071072817,-0.7943402529,-0.1806461960,0.7837525010,0.5942212939,1,202.7,-67.7,2792.7,1,0.9833222032,0.1309685111,0.1261929274,0.0210797414,0.6071072817,-0.7943402529,-0.1806461960,0.7837525010,0.5942212939,1,176.6,-188.7,2636.4,1,0.9828097820,0.1344759762,0.1264955252,0.0187321175,0.6089936495,-0.7929538488,-0.1836682111,0.7816923857,0.5960059166,1,149.9,-309.8,2481.0,1,0.2797421813,-0.2317291945,-0.9316897988,0.4240293801,0.9004764557,-0.0966499597,0.8613613844,-0.3680267930,0.3501612544,1,38.3,-191.3,2662.3,1,-0.2948339283,-0.2317291945,-0.9270245433,0.2955166399,0.9004764557,-0.3190800250,0.9087039828,-0.3680267930,-0.1970111728,1,-41.0,-311.5,2418.2,1,-0.0642862543,0.0461331941,0.9968646169,-0.4041475654,0.9121420979,-0.0682752356,-0.9124319553,-0.4072695673,-0.0399935804,1,314.9,-186.1,2610.6,1,-0.5525172949,0.0444056466,0.8323177099,-0.3192578852,0.9111482501,-0.2605443001,-0.7699344158,-0.4096792042,-0.4892483056,1,296.7,-300.5,2352.2,1,0.7777239084,0.3922534287,0.4912054241,0.3245143890,0.4187050760,-0.8481606245,-0.5383641124,0.8190380335,0.1983450502,0,33.0,-432.6,2342.5,1,0.6980736852,0.4311987758,0.5716298819,0.1771885306,0.6694772840,-0.7213906050,-0.6937559843,0.6048700809,0.3909409940,0,-132.8,-609.5,1996.5,0,0.9476330280,0.0084937727,0.3192483783,0.2971944511,0.3424798250,-0.8912816644,-0.1169064716,0.9394868016,0.3220208883,0,213.3,-429.1,2308.8,1,0.9476330280,-0.1544058025,0.2795541584,0.2971944511,0.7467981577,-0.5949520469,-0.1169064716,0.6468781829,0.7535791397,0,209.9,-567.3,1929.8,0,35.6,-388.3,2182.0,1,153.1,-383.5,2152.1,1,-297.6,-865.4,1765.2,0,268.9,-852.8,1682.5,0,
3,0.9840895534,0.1222310439,0.1289467663,0.0267227665,0.6156724691,-0.7875488997,-0.1756519079,0.7784644961,0.6026105285,1,202.3,-63.9,2793.2,1,0.9840895534,0.1222310439,0.1289467663,0.0267227665,0.6156724691,-0.7875488997,-0.1756519079,0.7784644961,0.6026105285,1,177.8,-187.0,2637.6,1,0.9829639196,0.1312953830,0.1286212951,0.0212636646,0.6138613820,-0.7891274095,-0.1825644374,0.7784187198,0.6006118059,1,151.7,-309.0,2482.8,1,0.2753534913,-0.2160348892,-0.9367547035,0.4209206104,0.9031477571,-0.0845573246,0.8642952442,-0.3710162044,0.3396184146,1,39.5,-190.0,2663.3,1,-0.2857612371,-0.2160348892,-0.9336323738,0.3048658967,0.9031477571,-0.3022927344,0.9085137844,-0.3710162044,-0.1922229677,1,-38.4,-309.1,2418.7,1,-0.0668714121,0.0431535915,0.9968279600,-0.4117925763,0.9088135958,-0.0669681504,-0.9088206887,-0.4149646163,-0.0430033170,1,316.2,-184.0,2611.9,1,-0.5531883836,0.0486210920,0.8316360712,-0.3149955869,0.9119700193,-0.2628467977,-0.7712070942,-0.4073655009,-0.4891758263,1,297.2,-300.6,2354.5,1,0.7772173285,0.3897112012,0.4940226674,0.3243039846,0.4247162342,-0.8452473283,-0.5392218232,0.8171544075,0.2037119269,0,35.4,-433.0,2344.8,1,0.6982917190,0.4280202687,0.5737484694,0.1758127809,0.6744272709,-0.7171037197,-0.6938865185,0.6016198993,0.3956955671,0,-129.2,-612.4,1999.6,0,0.9466963410,0.0060665761,0.3220701814,0.2999735773,0.3477728963,-0.8882960677,-0.1173961982,0.9375591874,0.3274155259,0,215.8,-429.1,2311.3,1,0.9466963410,-0.1579303443,0.2807561457,0.2999735773,0.7498542070,-0.5896902084,-0.1173961982,0.6424769759,0.7572591901,0,213.4,-569.4,1933.1,0,35.9,-388.3,2182.6,1,153.4,-382.5,2154.1,1,-292.8,-870.3,1769.6,0,273.7,-856.1,1687.5,0,
4,0.9856774807,0.1187465936,0.1197462305,0.0215378739,0.6156095266,-0.7877569795,-0.1672603786,0.7790533900,0.6042348742,1,202.0,-64.1,2792.5,1,0.9856774807,0.1187465936,0.1197462305,0.0215378739,0.6156095266,-0.7877569795,-0.1672603786,0.7790533900,0.6042348742,1,178.2,-187.2,2636.7,1,0.9847732782,0.1262817532,0.1194761321,0.0170002542,0.6140134931,-0.7891124487,-0.1730104536,0.7791279554,0.6025172472,1,153.1,-309.3,2481.8,1,0.2679013610,-0.2303732187,-0.9354982972,0.4258140624,0.8993206620,-0.0995225906,0.8642402887,-0.3716861010,0.3390253782,1,39.6,-189.6,2661.0,1,-0.2615210712,-0.2303732187,-0.9373019338,0.3106891513,0.8993206620,-0.3077248931,0.9138265848,-0.3716861010,-0.1636168361,1,-33.8,-306.4,2424.1,1,-0.0666137934,0.0510907695,0.9964699149,-0.4102852643,0.9089474082,-0.0740308166,-0.9095211029,-0.4137684107,-0.0395866483,1,316.8,-184.9,2612.3,1,-0.5530031919,0.0541383140,0.8314183950,-0.3141408563,0.9106919765,-0.2682454586,-0.7716884017,-0.4095230699,-0.4866085052,1,298.1,-300.0,2357.1,1,0.7837712765,0.3835073709,0.4884922802,0.3205707073,0.4238502681,-0.8471040726,-0.5319182277,0.8205321431,0.2092604339,0,37.7,-433.0,2342.8,1,0.7057398558,0.4249462485,0.5668790936,0.1722711772,0.6731979251,-0.7191155553,-0.6872072816,0.6051654816,0.4018966258,0,-124.3,-612.0,1996.1,0,0.9490415454,-0.0015956751,0.3151469827,0.2959044874,0.3486177623,-0.8893290758,-0.1084467545,0.9372636080,0.3313249052,0,218.4,-429.8,2311.0,1,0.9490415454,-0.1610270292,0.2709067464,0.2959044874,0.7511009574,-0.5901591778,-0.1084467545,0.6402480602,0.7604746222,0,219.0,-570.5,1933.0,0,34.2,-387.1,2186.6,1,154.4,-381.7,2156.5,1,-286.8,-869.4,1764.8,0,280.6,-857.6,1688.2,0,
5,0.9859453440,0.1262069345,0.1094695851,0.0101531288,0.6087642908,-0.7932861447,-0.1667593867,0.7832482457,0.5989269018,1,202.8,-68.5,2790.6,1,0.9859453440,0.1262069345,0.1094695851,0.0101531288,0.6087642908,-0.7932861447,-0.1667593867,0.7832482457,0.5989269018,1,177.5,-190.4,2633.8,1,0.9855189919,0.1295046508,0.1094568893,0.0081233243,0.6087160110,-0.7933465838,-0.1693702489,0.7827473283,0.5988492370,1,151.8,-311.4,2478.2,1,0.2724463940,-0.2933764160,-0.9163532257,0.4381912947,0.8857153654,-0.1532862633,0.8565987349,-0.3597756922,0.3698649406,1,38.8,-191.5,2657.7,1,-0.2686576843,-0.2933764160,-0.9174711704,0.2847850323,0.8857153654,-0.3666139245,0.9201741815,-0.3597756922,-0.1544050276,1,-34.7,-309.7,2426.6,1,-0.0646991730,0.0621452108,0.9959678650,-0.3975231349,0.9138447046,-0.0828445330,-0.9153083563,-0.4012802541,-0.0344208367,1,316.2,-189.2,2610.0,1,-0.5544146299,0.0580241382,0.8302153945,-0.3096453249,0.9115673304,-0.2704898119,-0.7724921703,-0.4070358276,-0.4874193966,1,298.2,-299.8,2355.4,1,0.7888582945,0.3846551180,0.4793151617,0.3155286610,0.4157883823,-0.8529722691,-0.5273938179,0.8241119385,0.2066283971,0,35.6,-433.1,2338.2,1,0.7099342942,0.4293562770,0.5582530499,0.1688106805,0.6658200622,-0.7267645001,-0.6837369800,0.6101941466,0.4002085626,0,-126.9,-608.8,1990.0,0,0.9523108006,-0.0015991882,0.3051255345,0.2870523632,0.3437774181,-0.8941017985,-0.1034654230,0.9390497804,0.3278419971,0,216.5,-431.6,2307.1,1,0.9523108006,-0.1559484899,0.2622674406,0.2870523632,0.7493346930,-0.5967398286,-0.1034654230,0.6435662508,0.7583649158,0,217.1,-570.3,1928.3,0,35.1,-383.7,2187.5,1,154.1,-380.3,2154.6,1,-291.0,-863.3,1756.7,0,276.7,-856.8,1682.2,0,
6,0.9848738909,0.1302738041,0.1142461151,0.0113923792,0.6092314720,-0.7929105759,-0.1728978008,0.7822184563,0.5985320210,1,204.3,-67.5,2793.2,1,0.9848738909,0.1302738041,0.1142461151,0.0113923792,0.6092314720,-0.7929105759,-0.1728978008,0.7822184563,0.5985320210,1,178.2,-189.5,2636.6,1,0.9843769073,0.1339830756,0.1142394394,0.0091008600,0.6092299223,-0.7929413915,-0.1758388132,0.7815929055,0.5984925032,1,151.6,-310.6,2481.2,1,0.2714531124,-0.2642216980,-0.9254729152,0.4244653583,0.8958777785,-0.1312711537,0.8637953401,-0.3571972549,0.3553417921,1,39.7,-190.8,2661.3,1,-0.2980847359,-0.2642216980,-0.9172417521,0.2763707936,0.8958777785,-0.3478823900,0.9136545658,-0.3571972549,-0.1940243393,1,-37.1,-310.9,2416.8,1,-0.0699268803,0.0586571433,0.9958260655,-0.3963365555,0.9144633412,-0.0816953778,-0.9154384732,-0.4003949761,-0.0406976007,1,316.8,-188.2,2611.8,1,-0.5539477468,0.0541598499,0.8307879567,-0.3114173114,0.9119641185,-0.2670967579,-0.7721147537,-0.4066793919,-0.4883141518,1,296.9,-300.8,2351.8,1,0.7850334644,0.3896219134,0.4815778732,0.3161164820,0.4165975153,-0.8523595929,-0.5327221155,0.8213654757,0.2038770765,0,34.7,-432.5,2342.0,1,0.7052406669,0.4326435030,0.5616539717,0.1692371368,0.6665784717,-0.7259696722,-0.6884724498,0.6070360541,0.3968788981,0,-129.9,-608.5,1995.0,0,0.9513019919,0.0042056981,0.3082317412,0.2880195379,0.3442274928,-0.8936174512,-0.1098601222,0.9388768673,0.3262529671,0,215.3,-430.9,2309.7,1,0.9513019919,-0.1525221467,0.2678833604,0.2880195379,0.7494886518,-0.5960801244,-0.1098601222,0.6442078352,0.7569194436,0,213.6,-569.7,1930.9,0,40.3,-382.7,2179.5,1,152.9,-381.7,2151.1,1,-295.3,-863.4,1762.9,0,271.9,-856.3,1684.7,0,
7,0.9852944016,0.1329923868,0.1072753742,0.0033118397,0.6128530502,-0.7901899815,-0.1708332896,0.7789250016,0.6034002304,1,205.4,-65.0,2795.0,1,0.9852944016,0.1329923868,0.1072753742,0.0033118397,0.6128530502,-0.7901899815,-0.1708332896,0.7789250016,0.6034002304,1,178.9,-187.2,2639.8,1,0.9851585627,0.1339515299,0.1073292196,0.0026881183,0.6131747961,-0.7899426818,-0.1716255993,0.7785072923,0.6037143469,1,152.3,-309.1,2485.0,1,0.2711409330,-0.2793186605,-0.9211208820,0.4354696572,0.8890284300,-0.1414022744,0.8583989739,-0.3627802432,0.3626868129,1,40.3,-187.6,2663.9,1,-0.2912392020,-0.2793186605,-0.9149649143,0.2815784812,0.8890284300,-0.3610290587,0.9142720103,-0.3627802432,-0.1802698076,1,-36.5,-310.7,2421.1,1,-0.0699973106,0.0656531528,0.9953843951,-0.3975967467,0.9133113623,-0.0881995708,-0.9148864150,-0.4019353390,-0.0378258564,1,317.5,-186.8,2615.6,1,-0.5506520271,0.0612944886,0.8324814439,-0.3101444244,0.9108839035,-0.2722148597,-0.7749792337,-0.4080851376,-0.4825699329,1,297.5,-300.6,2353.7,1,0.7890247703,0.3883816302,0.4760247469,0.3086269498,0.4193911850,-0.8537332416,-0.5312148929,0.8205307722,0.2110449970,0,35.2,-431.2,2346.0,1,0.7090969086,0.4336888492,0.5559635758,0.1612575799,0.6678354740,-0.7266303897,-0.6864237189,0.6049047709,0.4036244750,0,-128.8,-608.4,1999.3,0,0.9533253312,0.0020789646,0.3019379377,0.2821665704,0.3498305082,-0.8933088183,-0.1074842587,0.9368107319,0.3329156637,0,216.0,-430.7,2314.5,1,0.9533253312,-0.1511672437,0.2613796294,0.2821665704,0.7541628480,-0.5929759145,-0.1074842587,0.6390515566,0.7616168857,0,215.2,-571.9,1936.6,0,39.2,-383.9,2183.5,1,154.3,-381.3,2152.2,1,-294.6,-863.7,1768.0,0,273.0,-860.2,1692.2,0,
8,0.9819244146,0.1430649757,0.1239227504,0.0113229929,0.6091549993,-0.7929703593,-0.1889344454,0.7800401449,0.5965242386,1,205.5,-66.5,2792.9,1,0.9819244146,0.1430649757,0.1239227504,0.0113229929,0.6091549993,-0.7929703593,-0.1889344454,0.7800401449,0.5965242386,1,177.0,-187.8,2637.5,1,0.9815399051,0.1452307999,0.1244486868,0.0096940761,0.6120722294,-0.7907424569,-0.1910117418,0.7773516774,0.5993654132,1,148.2,-309.5,2483.0,1,0.2641809583,-0.2684792280,-0.9263516068,0.4310458004,0.8920801282,-0.1356190145,0.8627907634,-0.3634720147,0.3513974547,1,38.9,-189.2,2664.4,1,-0.2763560712,-0.2684792280,-0.9227926135,0.2901338041,0.8920801282,-0.3464323580,0.9162148833,-0.3634720147,-0.1686368585,1,-34.3,-308.7,2425.2,1,-0.0591298044,0.0512329713,0.9969347119,-0.4031874537,0.9123744369,-0.0708010718,-0.9132050872,-0.4061380327,-0.0332920291,1,315.1,-186.5,2610.6,1,-0.5457866788,0.0516805500,0.8363289237,-0.3142294288,0.9126324058,-0.2614612281,-0.7767733335,-0.4055012167,-0.4818630517,1,298.7,-298.8,2356.2,1,0.7763146758,0.4016928971,0.4857760668,0.3152190745,0.4199773669,-0.8510322571,-0.5458685756,0.8137947321,0.1994133145,0,29.2,-432.1,2346.0,1,0.6943337321,0.4410654902,0.5686492324,0.1677138656,0.6692408919,-0.7238706350,-0.6998376846,0.5979781151,0.3907037079,0,-140.4,-609.5,2002.2,0,0.9491456151,0.0182634294,0.3143071830,0.2887301743,0.3475446403,-0.8921028972,-0.1255286485,0.9374855757,0.3245972991,0,209.3,-430.3,2310.9,1,0.9491456151,-0.1434708536,0.2802475095,0.2887301743,0.7515630126,-0.5931171179,-0.1255286485,0.6438704729,0.7547671199,0,202.0,-570.5,1932.8,0,37.5,-384.1,2187.1,1,156.8,-380.5,2154.2,1,-309.1,-865.4,1773.6,0,256.8,-857.8,1686.7,0,
9,0.9817621708,0.1444296688,0.1236247718,0.0117706414,0.6028435230,-0.7977725863,-0.1897484213,0.7846781015,0.5901489258,1,205.6,-66.1,2794.3,1,0.9817621708,0.1444296688,0.1236247718,0.0117706414,0.6028435230,-0.7977725863,-0.1897484213,0.7846781015,0.5901489258,1,176.8,-186.2,2637.9,1,0.9812205434,0.1471120864,0.1247566640,0.0095192129,0.6090593934,-0.7930674553,-0.1926540434,0.7793617249,0.5962212086,1,147.6,-307.3,2483.0,1,0.2645770311,-0.2509684563,-0.9311357737,0.4260665178,0.8966174722,-0.1206003353,0.8651394844,-0.3648177087,0.3441536427,1,38.7,-187.6,2665.0,1,-0.2786701620,-0.2509684563,-0.9270155430,0.2940023541,0.8966174722,-0.3311189413,0.9142786860,-0.3648177087,-0.1760752350,1,-35.6,-307.3,2422.0,1,-0.0620880127,0.0505831018,0.9967880845,-0.4112913609,0.9086771607,-0.0717303678,-0.9093868732,-0.4144239128,-0.0356135666,1,314.9,-184.9,2610.8,1,-0.5466740727,0.0642392263,0.8348777294,-0.2988572419,0.9164169431,-0.2662035823,-0.7821967602,-0.3950358629,-0.4817830026,1,297.4,-300.8,2354.5,1,0.7800491452,0.3629015088,0.5097311139,0.3215896487,0.4662905633,-0.8241075277,-0.5367527008,0.8067685962,0.2470241785,1,28.3,-429.3,2345.7,1,0.7410244942,0.3844096661,0.5505560040,0.2551009357,0.5972755551,-0.7603850365,-0.6211329699,0.7039113045,0.3445325792,1,-120.2,-620.1,2015.6,1,0.9491831064,0.0201677084,0.3140775263,0.2883732319,0.3440010846,-0.8935905695,-0.1260646880,0.9387526512,0.3207041919,0,208.3,-427.5,2310.4,1,0.9491831064,-0.1417197585,0.2810105681,0.2883732319,0.7492764592,-0.5961759090,-0.1260646880,0.6469160318,0.7520686984,0,200.2,-566.3,1931.7,0,36.8,-383.7,2184.3,1,155.3,-378.5,2151.2,1,-265.7,-846.2,1749.1,1,254.4,-852.7,1684.4,0,
10,0.9837368131,0.1438726783,0.1075290516,-0.0018448114,0.6067229509,-0.7949112058,-0.1796063483,0.7817850709,0.5971211791,1,205.8,-63.9,2796.1,1,0.9837368131,0.1438726783,0.1075290516,-0.0018448114,0.6067229509,-0.7949112058,-0.1796063483,0.7817850709,0.5971211791,1,177.2,-184.8,2640.3,1,0.9835659862,0.1443091780,0.1085023135,-0.0025672463,0.6120756865,-0.7907950282,-0.1805306077,0.7775205374,0.6023873687,1,148.5,-306.5,2485.7,1,0.2804352641,-0.2298586667,-0.9319447875,0.4304679036,0.8979120851,-0.0919308737,0.8579355478,-0.3753916621,0.3507529795,1,38.8,-184.5,2665.7,1,-0.2952444553,-0.2298586667,-0.9273595214,0.3032065928,0.8979120851,-0.3190919459,0.9060333967,-0.3753916621,-0.1954088956,1,-41.1,-307.1,2421.3,1,-0.0632612407,0.0665859282,0.9957732558,-0.4043360949,0.9105041027,-0.0865714848,-0.9124200344,-0.4081036747,-0.0306765232,1,315.6,-185.2,2614.9,1,-0.5471568108,0.0775192976,0.8334327936,-0.2900045812,0.9164732695,-0.2756339312,-0.7851858139,-0.3925142884,-0.4789736569,1,297.5,-300.4,2354.8,1,0.7916239500,0.3411101103,0.5069274902,0.3116393387,0.4882205725,-0.8151819706,-0.5255591869,0.8032960892,0.2801837623,1,29.5,-428.0,2347.7,1,0.7732249498,0.3521343470,0.5273752213,0.2811861634,0.5550269485,-0.7828661799,-0.5683814883,0.7536222339,0.3301453590,1,-108.0,-624.8,2023.8,1,0.9538388848,0.0124835679,0.3000592291,0.2770003378,0.3494407833,-0.8950765133,-0.1160266846,0.9368752837,0.3298522532,0,210.0,-428.4,2314.6,1,0.9538388848,-0.1412300617,0.2650385797,0.2770003378,0.7546892166,-0.5947394371,-0.1160266846,0.6407013535,0.7589727044,0,205.0,-569.4,1936.7,0,35.6,-385.9,2185.9,1,155.3,-375.8,2150.7,1,-241.6,-835.4,1737.8,1,259.0,-857.9,1691.7,0,
11,0.9740480781,0.1572220474,0.1628236622,0.0339978114,0.6095823050,-0.7919934392,-0.2237732410,0.7769753337,0.5884172320,1,206.7,-63.4,2795.4,1,0.9740480781,0.1572220474,0.1628236622,0.0339978114,0.6095823050,-0.7919934392,-0.2237732410,0.7769753337,0.5884172320,1,175.3,-185.3,2640.1,1,0.9732135534,0.1616089642,0.1635172814,0.0307972506,0.6131920815,-0.7893332839,-0.2278308272,0.7732257247,0.5917897224,1,143.2,-307.2,2486.5,1,0.2665690184,-0.1893455088,-0.9450339675,0.4091348648,0.9100164175,-0.0669233575,0.8726680875,-0.3688066602,0.3200500309,1,38.6,-189.6,2672.1,1,-0.2731040120,-0.1893455088,-0.9431661963,0.3119728565,0.9100164175,-0.2730256617,0.9099929333,-0.3688066602,-0.1894584894,1,-37.8,-306.8,2422.2,1,-0.0474319346,0.1296852082,0.9904201031,-0.4239813089,0.8951696157,-0.1375179291,-0.9044280052,-0.4264423251,0.0125244791,1,312.0,-180.9,2608.1,1,-0.5457584262,0.1296852082,0.8278462887,-0.2946265936,0.8951696157,-0.3344644904,-0.7844379544,-0.4264423251,-0.4503376484,1,298.8,-299.0,2356.4,1,0.7722881436,0.3147554100,0.5518152714,0.3657325208,0.4899463654,-0.7913231254,-0.5194331408,0.8129462600,0.2632634640,1,21.9,-432.0,2353.7,1,0.7633063793,0.3203499317,0.5610162616,0.3506655097,0.5238882303,-0.7762569189,-0.5425836444,0.7892509699,0.2875515521,1,-104.1,-628.1,2028.3,1,0.9375223517,0.0464201905,0.3448144794,0.3086636662,0.3463754952,-0.8858615756,-0.1605571508,0.9369467497,0.3104065359,0,200.2,-426.4,2312.0,1,0.9375223517,-0.1344359070,0.3209031522,0.3086636662,0.7470041513,-0.5888221860,-0.1605571508,0.6510850787,0.7418285608,0,181.5,-566.0,1934.2,0,33.2,-387.8,2185.7,1,156.9,-375.5,2152.4,1,-225.9,-827.3,1728.2,1,232.9,-851.6,1685.4,0,
12,0.9824510217,0.1522029638,0.1078160331,-0.0047970749,0.5984645486,-0.8011349440,-0.1864591837,0.7865586281,0.5886922479,1,207.7,-67.4,2796.1,1,0.9824510217,0.1522029638,0.1078160331,-0.0047970749,0.5984645486,-0.8011349440,-0.1864591837,0.7865586281,0.5886922479,1,177.3,-186.7,2639.3,1,0.9817862511,0.1558791846,0.1086160913,-0.0073886178,0.6025910974,-0.7980158925,-0.1898451596,0.7826784849,0.5927673578,1,146.4,-306.5,2483.8,1,0.2810622752,-0.1918610334,-0.9403155446,0.4264739454,0.9027199149,-0.0567161106,0.8597232103,-0.3850793242,0.3355442286,1,39.5,-185.6,2666.0,1,-0.2761749029,-0.1918610334,-0.9417625666,0.3268523514,0.9027199149,-0.2797575593,0.9038224220,-0.3850793242,-0.1865983456,1,-40.2,-306.5,2422.3,1,-0.0642929152,0.1826171577,0.9810796976,-0.3975355327,0.8970538378,-0.1930282861,-0.9153316021,-0.4024243951,0.0149225974,1,315.2,-187.8,2612.6,1,-0.5491324663,0.1559131742,0.8210631013,-0.2937882543,0.8837272525,-0.3643001318,-0.7823950648,-0.4412676990,-0.4394778907,1,296.9,-300.7,2352.7,1,0.7934634686,0.3198658526,0.5177852511,0.3170312643,0.5089946389,-0.8002597690,-0.5195257068,0.7991309762,0.3024611473,1,25.6,-425.7,2345.7,1,0.7890799046,0.3225947022,0.5227671862,0.3097920120,0.5258887410,-0.7921299934,-0.5304543376,0.7870029807,0.3150309920,1,-101.9,-628.7,2027.0,1,0.9546585083,0.0235440489,0.2967705727,0.2715082765,0.3400256336,-0.9003698230,-0.1221079603,0.9401214123,0.3182159662,0,205.4,-427.1,2310.9,1,0.9546585083,-0.1297522038,0.2679392993,0.2715082765,0.7486309409,-0.6048429012,-0.1221079603,0.6501662135,0.7499157190,0,195.9,-564.2,1931.8,0,31.6,-391.4,2187.4,1,154.1,-377.0,2149.3,1,-224.9,-829.2,1726.9,1,245.5,-850.4,1683.3,0,
13,0.9845979810,0.1465624720,0.0953219011,-0.0117279412,0.5993539095,-0.8003982306,-0.1744398922,0.7869525552,0.5918415189,1,208.1,-68.0,2796.9,1,0.9845979810,0.1465624720,0.0953219011,-0.0117279412,0.5993539095,-0.8003982306,-0.1744398922,0.7869525552,0.5918415189,1,178.9,-187.5,2640.0,1,0.9843640327,0.1474905610,0.0963014439,-0.0126857962,0.6046536565,-0.7963874936,-0.1756886542,0.7827135324,0.5970703363,1,149.6,-307.8,2484.4,1,0.2854642868,-0.2690936923,-0.9198362231,0.4353981018,0.8914247751,-0.1256595403,0.8537790179,-0.3646236360,0.3716328144,1,40.5,-185.7,2664.7,1,-0.2435603291,-0.2690936923,-0.9318084121,0.3032971025,0.8914247751,-0.3367086351,0.9212433100,-0.3646236360,-0.1355003715,1,-39.5,-307.9,2425.1,1,-0.0683755577,0.1930844039,0.9787968397,-0.3904626071,0.8976516724,-0.2043535858,-0.9180760980,-0.3961563408,0.0140148019,1,317.3,-189.3,2615.2,1,-0.5463690758,0.1570059806,0.8226967454,-0.3015854955,0.8795012236,-0.3681355715,-0.7813622952,-0.4492513239,-0.4331815541,1,297.9,-300.1,2354.8,1,0.7973068357,0.3267414272,0.5074858069,0.3033813834,0.5099194646,-0.8049483895,-0.5217868686,0.7957525849,0.3074350059,1,30.1,-426.8,2344.9,1,0.7950851321,0.3281293511,0.5100693703,0.2998493016,0.5183669329,-0.8008658886,-0.5271906853,0.7897005081,0.3137564659,1,-100.0,-629.9,2028.1,1,0.9575836658,0.0117298346,0.2879164517,0.2666295171,0.3428583741,-0.9007534981,-0.1092802584,0.9393138885,0.3251880705,0,210.5,-429.2,2312.7,1,0.9575836658,-0.1356023848,0.2542547286,0.2666295171,0.7515888214,-0.6033431292,-0.1092802584,0.6455433369,0.7558647990,0,205.8,-567.5,1933.9,0,23.7,-386.6,2185.9,1,155.8,-378.5,2151.7,1,-225.2,-827.8,1726.6,1,257.7,-854.8,1687.1,0,
14,0.9840654731,0.1405148506,0.1089528427,0.0043492862,0.5935549140,-0.8047817349,-0.1777532846,0.7924317718,0.5834857821,1,208.1,-65.6,2797.9,1,0.9840654731,0.1405148506,0.1089528427,0.0043492862,0.5935549140,-0.8047817349,-0.1777532846,0.7924317718,0.5834857821,1,180.1,-183.8,2640.1,1,0.9834591150,0.1436646730,0.1103116870,0.0017998574,0.6012370586,-0.7990686893,-0.1811214238,0.7860499024,0.5910334587,1,151.5,-303.3,2483.8,1,0.2938305736,-0.2441683710,-0.9241457582,0.4355501533,0.8948207498,-0.0979380012,0.8508582115,-0.3737346530,0.3692732751,1,41.8,-184.0,2665.5,1,-0.2425436229,-0.2441683710,-0.9389112592,0.3167980015,0.8948207498,-0.3145390451,0.9169577956,-0.3737346530,-0.1396810114,1,-40.9,-306.6,2426.1,1,-0.0694026500,0.1768901199,0.9817805886,-0.4105991721,0.8918613791,-0.1897146106,-0.9091708064,-0.4162850082,0.0107333912,1,318.4,-183.5,2614.6,1,-0.5429606438,0.1576600820,0.8248254657,-0.2985803485,0.8817905784,-0.3650961220,-0.7848843932,-0.4445095062,-0.4317033887,1,298.8,-299.4,2358.0,1,0.7876290679,0.3268651664,0.5223022699,0.3135306239,0.5171167254,-0.7964225411,-0.5304140449,0.7910432816,0.3048139215,1,32.8,-423.0,2344.2,1,0.7864937782,0.3275486827,0.5235832334,0.3117180169,0.5213318467,-0.7943834066,-0.5331598520,0.7879879475,0.3079214394,1,-97.2,-628.8,2029.4,1,0.9532657862,0.0123907616,0.3018787205,0.2803406119,0.3363110125,-0.8990573287,-0.1126651540,0.9416694641,0.3171201646,0,213.2,-422.7,2310.9,1,0.9532657862,-0.1421646476,0.2665961683,0.2803406119,0.7452328205,-0.6050100923,-0.1126651540,0.6514731646,0.7502594590,0,208.2,-558.3,1931.1,0,22.1,-388.9,2187.8,1,157.6,-377.0,2153.9,1,-222.4,-827.9,1728.3,1,262.5,-843.2,1682.1,0,
15,0.9824801087,0.1459819227,0.1158540845,0.0076628728,0.5894743800,-0.8077507019,-0.1862100214,0.7944867611,0.5780282021,1,208.6,-68.1,2794.3,1,0.9824801087,0.1459819227,0.1158540845,0.0076628728,0.5894743800,-0.8077507019,-0.1862100214,0.7944867611,0.5780282021,1,179.5,-185.3,2636.3,1,0.9816811085,0.1499002427,0.1176099479,0.0044535249,0.5990521908,-0.8006976247,-0.1904792637,0.7865535021,0.5874106288,1,149.7,-304.4,2480.0,1,0.3026937544,-0.2609283328,-0.9166749120,0.4334310889,0.8942713141,-0.1114286333,0.8488309383,-0.3635866642,0.3837847710,1,41.4,-185.9,2663.1,1,-0.2304859161,-0.2609283328,-0.9374393821,0.3080305457,0.8942713141,-0.3246475756,0.9230349064,-0.3635866642,-0.1257430464,1,-40.1,-302.7,2434.4,1,-0.0591527522,0.1067913473,0.9925203323,-0.4107403159,0.9035933018,-0.1217026711,-0.9098314643,-0.4148671627,-0.0095865168,1,317.6,-184.7,2609.5,1,-0.5499152541,0.1067913473,0.8283651471,-0.2939491868,0.9035933018,-0.3116295934,-0.7817845345,-0.4148671627,-0.4655085206,1,301.3,-298.1,2358.3,1,0.7844071388,0.3221184909,0.5300425887,0.3208673596,0.5205875635,-0.7912222743,-0.5308009386,0.7907137871,0.3049952686,1,29.9,-423.9,2341.1,1,0.7838431001,0.3224559128,0.5306714773,0.3199516237,0.5226954222,-0.7902027965,-0.5321850777,0.7891842127,0.3065408766,1,-98.2,-631.0,2026.6,1,0.9515585899,0.0206681155,0.3067720532,0.2827344537,0.3332446814,-0.8994494081,-0.1208200753,0.9426138401,0.3112582564,0,210.0,-423.1,2306.1,1,0.9515585899,-0.1375480443,0.2749850750,0.2827344537,0.7428834438,-0.6067827940,-0.1208200753,0.6551371813,0.7457867265,0,201.6,-557.5,1925.9,0,19.8,-382.8,2194.6,1,158.3,-374.5,2155.0,1,-221.5,-830.8,1725.0,1,254.2,-841.5,1675.5,0,
16,0.9820882678,0.1354938447,0.1309351474,0.0249868929,0.5951157212,-0.8032515049,-0.1867571920,0.7921355367,0.5810706019,1,208.9,-64.9,2797.0,1,0.9820882678,0.1354938447,0.1309351474,0.0249868929,0.5951157212,-0.8032515049,-0.1867571920,0.7921355367,0.5810706019,1,181.9,-183.7,2638.9,1,0.9810519218,0.1415234506,0.1323186010,0.0205035675,0.6032790542,-0.7972666025,-0.1926569492,0.7848729491,0.5889463425,1,153.8,-303.6,2482.9,1,0.3099663854,-0.2634025514,-0.9135315418,0.4251359105,0.8978418112,-0.1146276817,0.8504000902,-0.3528443277,0.3902826607,1,43.9,-186.5,2666.0,1,-0.2606535554,-0.2634025514,-0.9288050532,0.2859178782,0.8978418112,-0.3348596692,0.9221229553,-0.3528443277,-0.1587141454,1,-43.1,-305.8,2427.6,1,-0.0744704604,0.0901635587,0.9931387901,-0.4190882444,0.9008597136,-0.1132111773,-0.9048863053,-0.4246436954,-0.0293009542,1,319.9,-180.8,2611.8,1,-0.5534130335,0.1025603488,0.8265684247,-0.2881630659,0.9075282216,-0.3055398762,-0.7814704180,-0.4072762430,-0.4726838470,1,298.8,-299.9,2354.6,1,0.7762278914,0.3273876309,0.5387834311,0.3303039670,0.5167372227,-0.7898619771,-0.5370004773,0.7910751700,0.2929684222,1,35.7,-425.4,2344.5,1,0.7759364843,0.3275595605,0.5390985608,0.3298429847,0.5177918673,-0.7893638015,-0.5377045274,0.7903140783,0.2937304080,1,-94.5,-630.9,2029.9,1,0.9464049935,0.0170849208,0.3225300610,0.2984367013,0.3355912268,-0.8934842348,-0.1235033646,0.9418527484,0.3125064373,0,215.6,-421.6,2309.2,1,0.9464049935,-0.1486290842,0.2867524028,0.2984367013,0.7419076562,-0.6004236937,-0.1235033646,0.6538214087,0.7465015054,0,208.7,-557.0,1929.3,0,24.6,-380.0,2188.1,1,154.9,-374.8,2151.5,1,-219.8,-828.8,1727.9,1,265.6,-840.6,1679.3,0,
17,0.9856352210,0.1305444539,0.1071512699,0.0072718407,0.6010587215,-0.7991717458,-0.1687316447,0.7884709835,0.5914753675,1,208.8,-62.2,2797.4,1,0.9856352210,0.1305444539,0.1071512699,0.0072718407,0.6010587215,-0.7991717458,-0.1687316447,0.7884709835,0.5914753675,1,182.8,-181.8,2640.5,1,0.9851705432,0.1329615712,0.1084446982,0.0051381686,0.6088970304,-0.7932326198,-0.1715011150,0.7820266485,0.5991842151,1,156.4,-302.8,2485.1,1,0.3029313385,-0.3013474643,-0.9041141272,0.4502201974,0.8814042211,-0.1429278851,0.8399609327,-0.3637530804,0.4026776552,1,44.3,-182.5,2664.6,1,-0.2535248101,-0.3013474643,-0.9191924930,0.2936908007,0.8814042211,-0.3699625731,0.9216674566,-0.3637530804,-0.1349548697,1,-40.2,-308.1,2430.4,1,-0.0778624192,0.1130759567,0.9905307889,-0.4085943699,0.9026526213,-0.1351623386,-0.9093888402,-0.4152493775,-0.0240805205,1,321.4,-181.0,2616.4,1,-0.5612251759,0.1049422622,0.8209831715,-0.3005359471,0.8983857632,-0.3202830255,-0.7711707950,-0.4264858663,-0.4726577699,1,299.0,-299.0,2353.9,1,0.7879981399,0.3317050934,0.5186816454,0.3076939881,0.5175304413,-0.7984276414,-0.5332760215,0.7887547016,0.3057493567,1,39.6,-424.4,2345.4,1,0.7878543139,0.3317913115,0.5188449621,0.3074692786,0.5180570483,-0.7981725931,-0.5336180329,0.7883726358,0.3061378598,1,-92.3,-630.2,2031.7,1,0.9529434443,0.0015441425,0.3031441867,0.2840682864,0.3446125090,-0.8947331309,-0.1058488712,0.9387437701,0.3279576004,0,220.3,-423.4,2313.9,1,0.9529434443,-0.1521951109,0.2621744275,0.2840682864,0.7502846122,-0.5969742537,-0.1058488712,0.6433581114,0.7582125664,0,219.7,-562.4,1935.3,0,25.7,-384.4,2190.9,1,153.1,-377.1,2153.4,1,-219.1,-828.2,1730.3,1,277.9,-849.2,1689.3,0,
18,0.9861150384,0.1305765212,0.1026006937,0.0027001712,0.6051502824,-0.7961066961,-0.1660416722,0.7853298187,0.5963951945,1,208.7,-61.1,2796.6,1,0.9861150384,0.1305765212,0.1026006937,0.0027001712,0.6051502824,-0.7961066961,-0.1660416722,0.7853298187,0.5963951945,1,182.6,-182.0,2639.6,1,0.9858184457,0.1320431530,0.1035692096,0.0013267146,0.6110102534,-0.7916215658,-0.1678100675,0.7805325389,0.6021699905,1,156.4,-303.5,2484.5,1,0.2988649309,-0.3129239082,-0.9015311599,0.4605811834,0.8746928573,-0.1509218365,0.8357898593,-0.3701230288,0.4055418670,1,43.9,-182.2,2663.2,1,-0.2457650900,-0.3129239082,-0.9174302220,0.3018507659,0.8746928573,-0.3792077899,0.9211328030,-0.3701230288,-0.1205126420,1,-38.5,-309.2,2432.8,1,-0.0739923194,0.1174076721,0.9903234839,-0.4141734242,0.8997349739,-0.1376130581,-0.9071854949,-0.4203479886,-0.0179463364,1,321.4,-181.8,2616.0,1,-0.5572585464,0.1125817150,0.8226714134,-0.2988470197,0.8971783519,-0.3252099454,-0.7746956944,-0.4270789027,-0.4663155675,1,300.5,-298.8,2359.9,1,0.7910753489,0.3332813382,0.5129554868,0.3034520447,0.5142952800,-0.8021329045,-0.5311465263,0.7902049422,0.3057114184,1,39.7,-425.1,2344.7,1,0.7910035849,0.3333249688,0.5130378604,0.3033412099,0.5145589113,-0.8020057678,-0.5313167572,0.7900149226,0.3059067130,1,-92.8,-629.6,2030.5,1,0.9542556405,-0.0008753522,0.2989907265,0.2806377113,0.3475934267,-0.8946626782,-0.1031440645,0.9376449585,0.3319386244,0,220.6,-424.9,2313.9,1,0.9542556405,-0.1522007436,0.2573541403,0.2806377113,0.7528721690,-0.5953368545,-0.1031440645,0.6403267980,0.7611457705,0,220.9,-565.1,1935.7,0,25.4,-387.7,2193.4,1,155.6,-376.5,2158.5,1,-220.3,-826.3,1728.5,1,279.1,-852.9,1690.9,0,
19,0.9865291715,0.1366226524,0.0899691656,-0.0104771294,0.6016232967,-0.7987112403,-0.1632495970,0.7870092988,0.5949503779,1,210.5,-63.4,2796.2,1,0.9865291715,0.1366226524,0.0899691656,-0.0104771294,0.6016232967,-0.7987112403,-0.1632495970,0.7870092988,0.5949503779,1,183.4,-182.9,2639.8,1,0.9862277508,0.1378661692,0.0913661271,-0.0118073374,0.6096972823,-0.7925464511,-0.1649710089,0.7805525064,0.6029281616,1,156.0,-304.1,2484.6,1,0.2912964225,-0.2941780984,-0.9102777839,0.4554072917,0.8794472218,-0.1384803504,0.8412791491,-0.3742083013,0.3901506662,1,44.6,-181.3,2663.0,1,-0.2413726002,-0.2941780984,-0.9247694612,0.3104789853,0.8794472218,-0.3607982993,0.9194248319,-0.3742083013,-0.1209383458,1,-36.6,-308.2,2428.5,1,-0.0780017301,0.1315868944,0.9882310629,-0.4005927742,0.9035716653,-0.1519332230,-0.9129300117,-0.4077292681,-0.0177673940,1,322.2,-184.6,2616.6,1,-0.5515585542,0.1175736934,0.8258084655,-0.2992178202,0.8962397575,-0.3274492621,-0.7786217332,-0.4277040660,-0.4591485560,1,300.2,-297.2,2359.8,1,0.7977811694,0.3310813606,0.5039150715,0.2945429981,0.5152480602,-0.8048377633,-0.5261080265,0.7905090451,0.3135374784,1,38.1,-424.3,2344.6,1,0.7977460027,0.3311030865,0.5039564371,0.2944882810,0.5153799057,-0.8047733903,-0.5261919498,0.7904140353,0.3136362731,1,-93.6,-629.1,2030.2,1,0.9581671953,0.0010028996,0.2862073481,0.2679727376,0.3481006622,-0.8983410001,-0.1005299240,0.9374566078,0.3332698941,0,219.0,-426.4,2314.3,1,0.9581671953,-0.1441107243,0.2472807318,0.2679727376,0.7551836967,-0.5982375741,-0.1005299240,0.6394761205,0.7622099519,0,218.6,-566.9,1936.1,0,26.2,-388.9,2189.5,1,156.8,-375.0,2157.4,1,-220.1,-826.2,1728.1,1,273.7,-855.6,1691.7,0,
20,0.9906423092,0.1208156049,0.0634936318,-0.0228668209,0.6055546403,-0.7954751253,-0.1345546693,0.7865794301,0.6026507020,1,208.9,-62.3,2797.5,1,0.9906423092,0.1208156049,0.0634936318,-0.0228668209,0.6055546403,-0.7954751253,-0.1345546693,0.7865794301,0.6026507020,1,184.9,-182.4,2641.5,1,0.9901432991,0.1244222373,0.0643067136,-0.0253416020,0.6107179523,-0.7914426327,-0.1377463192,0.7820119858,0.6078513265,1,160.2,-303.8,2486.1,1,0.2963760793,-0.2741097212,-0.9148907661,0.4569502175,0.8818711042,-0.1161891073,0.8386642337,-0.3836238384,0.3866199851,1,45.6,-178.8,2660.9,1,-0.2458545864,-0.2741097212,-0.9297415614,0.3213886619,0.8818711042,-0.3449822366,0.9144752026,-0.3836238384,-0.1287162900,1,-36.3,-305.1,2429.0,1,-0.0835046321,0.1549637169,0.9843847156,-0.3944199979,0.9020242691,-0.1754567325,-0.9151282907,-0.4029124677,-0.0142024159,1,324.2,-185.9,2622.2,1,-0.5478107333,0.1385794729,0.8250449300,-0.2897362709,0.8937284946,-0.3424941599,-0.7848288417,-0.4266674221,-0.4494425654,1,300.5,-298.1,2361.9,1,0.8065046072,0.3405919373,0.4832675159,0.2675893307,0.5186027288,-0.8120635152,-0.5272061229,0.7842501998,0.3271167278,1,44.7,-422.9,2343.3,1,0.8064869642,0.3406027853,0.4832892418,0.2675625086,0.5186684132,-0.8120304346,-0.5272466540,0.7842020392,0.3271667957,1,-90.8,-629.1,2031.5,1,0.9640432000,-0.0201123543,0.2649834454,0.2549178600,0.3517193794,-0.9007276893,-0.0750840604,0.9358894229,0.3441996574,0,226.3,-427.6,2318.0,1,0.9640432000,-0.1515460312,0.2182991952,0.2549178600,0.7594583035,-0.5985314846,-0.0750840604,0.6326586008,0.7707824111,0,234.4,-569.4,1940.6,0,27.6,-388.7,2191.3,1,158.0,-373.4,2157.9,1,-221.0,-827.4,1731.7,1,292.3,-859.7,1698.7,0,
21,0.9891862273,0.1204346493,0.0837022960,-0.0067497580,0.6074821353,-0.7943046689,-0.1465094537,0.7851502895,0.6017258763,1,208.4,-62.9,2795.1,1,0.9891862273,0.1204346493,0.0837022960,-0.0067497580,0.6074821353,-0.7943046689,-0.1465094537,0.7851502895,0.6017258763,1,184.5,-183.4,2639.4,1,0.9888091087,0.1228418127,0.0846545398,-0.0086426875,0.6136577129,-0.7895248532,-0.1489355713,0.7799577713,0.6078520417,1,160.1,-305.4,2484.3,1,0.2841267586,-0.2566061318,-0.9238101840,0.4462527037,0.8881872892,-0.1094618589,0.8486050367,-0.3811517358,0.3668689430,1,45.4,-182.2,2660.3,1,-0.2344955653,-0.2566061318,-0.9376380444,0.3253614604,0.8881872892,-0.3244430125,0.9160522819,-0.3811517358,-0.1247862279,1,-31.9,-303.6,2429.5,1,-0.0776173696,0.1342536807,0.9879025817,-0.4067845643,0.9003949761,-0.1543217897,-0.9102207422,-0.4138415754,-0.0152739594,1,323.6,-184.7,2618.4,1,-0.5454000831,0.1317310184,0.8277594447,-0.2859498560,0.8990812302,-0.3314899802,-0.7878904939,-0.4174923599,-0.4526905119,1,302.0,-297.7,2365.5,1,0.7973822355,0.3420340717,0.4971863627,0.2830613256,0.5156382322,-0.8086986542,-0.5329707861,0.7855761647,0.3143441379,1,45.0,-426.7,2343.0,1,0.7973731756,0.3420395553,0.4971970916,0.2830477059,0.5156711340,-0.8086824417,-0.5329915881,0.7855522037,0.3143688142,1,-91.0,-631.7,2030.6,1,0.9586322904,-0.0155400075,0.2842228711,0.2712738812,0.3523406386,-0.8956933022,-0.0862241909,0.9357427955,0.3419807255,0,226.3,-428.2,2315.6,1,0.9586322904,-0.1573427618,0.2372074872,0.2712738812,0.7574324608,-0.5938910246,-0.0862241909,0.6336713433,0.7687821984,0,232.6,-570.4,1938.2,0,29.0,-388.2,2191.4,1,160.2,-372.0,2160.6,1,-221.8,-828.8,1730.3,1,292.7,-859.9,1695.9,0,
22,0.9891344905,0.1208000183,0.0837870389,-0.0059394836,0.6022995114,-0.7982481122,-0.1468932778,0.7890771031,0.5964727402,1,209.7,-64.4,2798.5,1,0.9891344905,0.1208000183,0.0837870389,-0.0059394836,0.6022995114,-0.7982481122,-0.1468932778,0.7890771031,0.5964727402,1,185.7,-184.1,2641.7,1,0.9887356162,0.1229955480,0.0852876753,-0.0079264427,0.6120577455,-0.7907733321,-0.1494625807,0.7811897397,0.6061382294,1,161.3,-305.7,2486.4,1,0.2802650928,-0.2297148854,-0.9320313931,0.4374288917,0.8948368430,-0.0890112668,0.8544632792,-0.3827507198,0.3512754440,1,46.6,-182.9,2662.7,1,-0.2305982709,-0.2297148854,-0.9455450773,0.3320276141,0.8948368430,-0.2983700633,0.9146485925,-0.3827507198,-0.1300761402,1,-30.5,-303.3,2427.7,1,-0.0851169750,0.1343430728,0.9872725010,-0.3961925805,0.9046013355,-0.1572510302,-0.9142135978,-0.4045347571,-0.0237712022,1,324.9,-185.2,2620.6,1,-0.5472263694,0.1239803508,0.8277512789,-0.2907049656,0.8992463946,-0.3268739283,-0.7848783135,-0.4195054173,-0.4560496211,1,300.7,-297.6,2361.2,1,0.7969157100,0.3442429304,0.4964092374,0.2843960524,0.5111899376,-0.8110510111,-0.5329579711,0.7875161171,0.3094739616,1,46.1,-426.7,2344.8,1,0.7969111800,0.3442457318,0.4964146018,0.2843892872,0.5112063885,-0.8110430241,-0.5329684019,0.7875042558,0.3094862998,1,-90.7,-629.9,2031.7,1,0.9584699273,-0.0152104348,0.2847876549,0.2718797028,0.3502757847,-0.8963193297,-0.0861208141,0.9365230799,0.3398642242,0,227.5,-428.2,2317.4,1,0.9584699273,-0.1573674828,0.2378462404,0.2718797028,0.7560262680,-0.5954038501,-0.0861208141,0.6353422403,0.7674134970,0,233.7,-569.4,1939.6,0,29.5,-389.6,2189.9,1,158.4,-373.2,2157.2,1,-222.4,-825.4,1730.6,1,293.8,-858.5,1696.7,0,
23,0.9876539111,0.1270541847,0.0916349143,-0.0029071097,0.5997249484,-0.8002009392,-0.1566246152,0.7900552154,0.5926900506,1,210.1,-65.0,2796.6,1,0.9876539111,0.1270541847,0.0916349143,-0.0029071097,0.5997249484,-0.8002009392,-0.1566246152,0.7900552154,0.5926900506,1,184.9,-183.9,2640.0,1,0.9874485731,0.1276741475,0.0929766744,-0.0038809099,0.6081159115,-0.7938387394,-0.1578932852,0.7835140824,0.6009786725,1,159.5,-304.8,2484.2,1,0.2786700130,-0.2366835326,-0.9307652116,0.4356071949,0.8948801756,-0.0971380621,0.8559143543,-0.3783785701,0.3524773419,1,46.0,-183.4,2662.2,1,-0.2221913040,-0.2340324372,-0.9464987516,0.3408897519,0.8908511996,-0.3002970815,0.9134687781,-0.3893751204,-0.1181601286,1,-29.8,-301.8,2429.6,1,-0.0801401734,0.1274197102,0.9886059761,-0.3993563652,0.9046121836,-0.1489672512,-0.9132863879,-0.4067443609,-0.0216099042,1,323.9,-184.5,2617.8,1,-0.5512220860,0.1164596230,0.8261908889,-0.2952633202,0.8989074826,-0.3237049878,-0.7803677320,-0.4223771989,-0.4611113966,1,301.3,-296.8,2360.9,1,0.7926951647,0.3415047228,0.5049840808,0.2918000221,0.5147457123,-0.8061572909,-0.5352449417,0.7863913178,0.3083853722,1,43.5,-425.4,2343.0,1,0.7926928997,0.3415060937,0.5049867034,0.2917965949,0.5147539377,-0.8061532974,-0.5352501869,0.7863853574,0.3083914816,1,-92.2,-630.0,2030.3,1,0.9568273425,-0.0083536273,0.2905369103,0.2754639685,0.3450076282,-0.8972676992,-0.0927420110,0.9385626912,0.3324138522,0,224.7,-426.1,2314.0,1,0.9568273425,-0.1543769538,0.2462706417,0.2754639685,0.7519872785,-0.5988612175,-0.0927420110,0.6408454776,0.7620472312,0,228.1,-565.3,1935.4,0,28.0,-390.4,2192.1,1,158.0,-373.6,2158.0,1,-222.8,-826.8,1729.6,1,287.1,-852.7,1690.4,0,
