1,-0.0968987271,0.0053579775,-0.9952798486,-0.2433093637,0.9695178866,0.0289074723,0.9650964737,0.2449619919,-0.0926414058,1,-34.5,330.7,2939.3,1,-0.0968987271,0.0053579775,-0.9952798486,-0.2433093637,0.9695178866,0.0289074723,0.9650964737,0.2449619919,-0.0926414058,1,-35.5,140.7,2891.3,1,-0.0966721699,0.0117258681,-0.9952471852,-0.2175154388,0.9755116105,0.0326214544,0.9712576866,0.2196352184,-0.0917542726,1,-37.8,-48.6,2848.7,1,-0.8644199371,-0.4841439724,-0.1355829984,-0.2729076147,0.6783161163,-0.6822086573,0.4222553670,-0.5527131557,-0.7184765935,1,-22.3,170.4,2758.8,1,-0.3770143092,-0.4841439724,0.7895978689,-0.7317532301,0.6783161163,0.0665164515,-0.5678005219,-0.5527131557,-0.6100088358,1,187.6,236.6,2656.3,1,0.0750836357,0.6002523303,-0.7962785959,-0.9941917658,0.1068064421,-0.0132324509,0.0771048740,0.7926471233,0.6047853827,0,-48.7,111.1,3023.8,1,0.1777104884,0.6033826470,-0.7773984671,-0.9837996364,0.0899799168,-0.1550545692,-0.0236069877,0.7923591733,0.6095979810,0,-29.4,-144.9,3043.7,0,0.0312595032,0.2085290998,-0.9775164723,0.0653288960,0.9754769206,0.2101831287,0.9973740578,-0.0704302937,0.0168699455,1,-30.5,-208.0,2711.1,1,0.0253984630,0.0274561867,-0.9993003011,-0.1766713262,0.9840116501,0.0225458015,0.9839421511,0.1759750843,0.0298431031,1,-111.5,-586.7,2738.4,1,-0.1040241644,0.0086837271,-0.9945368767,-0.0279809851,0.9995405078,0.0116541032,0.9941810966,0.0290404297,-0.1037333906,1,-46.2,-251.9,2883.6,1,-0.1016023383,-0.0762980655,-0.9918949604,-0.0603156835,0.9956927896,-0.0704119131,0.9929949641,0.0526728071,-0.1057666838,1,-49.6,-639.8,2872.4,1,293.9,443.0,2816.4,1,16.9,-401.4,3037.5,0,-121.7,-952.2,2673.0,1,-25.5,-954.3,2855.7,1,
2,-0.1395454705,0.0012785243,-0.9902148247,-0.2244603485,0.9739280343,0.0328894444,0.9644400477,0.2268535495,-0.1356202662,1,-35.1,334.9,2935.1,1,-0.1395454705,0.0012785243,-0.9902148247,-0.2244603485,0.9739280343,0.0328894444,0.9644400477,0.2268535495,-0.1356202662,1,-35.3,143.8,2890.6,1,-0.1394470483,0.0063097468,-0.9902094007,-0.1991239041,0.9793744683,0.0342824906,0.9700021744,0.2019549459,-0.1353144497,1,-36.6,-46.3,2851.5,1,-0.8528262973,-0.5048068762,-0.1336315572,-0.2813209891,0.6597368121,-0.6968542933,0.4399384558,-0.5567022562,-0.7046536207,1,-16.3,170.9,2758.4,1,-0.3861950338,-0.5048068762,0.7720255256,-0.7493680716,0.6597368121,0.0565232933,-0.5378670096,-0.5567022562,-0.6330732107,1,184.6,237.2,2654.7,1,0.0670492351,0.5659091473,-0.8217366934,-0.9928652644,0.1192364842,0.0011027391,0.0986050442,0.8157998919,0.5698662400,0,-54.3,116.6,3022.9,1,0.1739529967,0.5689678788,-0.8037511110,-0.9847512841,0.1024071351,-0.1406331658,0.0022940915,0.8159584999,0.5781058669,0,-37.1,-139.1,3048.3,0,-0.0202558115,0.1950962842,-0.9805749059,0.0424451269,0.9800596833,0.1941169947,0.9988934398,-0.0376886278,-0.0281327926,1,-31.4,-218.4,2719.2,1,-0.0297000129,0.0420526341,-0.9986738563,-0.1670635045,0.9848518968,0.0464389883,0.9854987264,0.1682211906,-0.0222246516,1,-107.1,-598.6,2733.8,1,-0.1471083909,-0.0064443462,-0.9890993834,-0.0553614385,0.9984648824,0.0017285205,0.9875698686,0.0550122447,-0.1472393274,1,-48.7,-257.3,2892.9,1,-0.1467595547,-0.0644885078,-0.9870678186,-0.0607867502,0.9965745807,-0.0560717024,0.9873027205,0.0517715849,-0.1501768827,1,-46.2,-644.7,2871.6,1,293.4,448.4,2806.3,1,8.3,-395.8,3048.9,0,-122.3,-954.6,2673.0,1,-26.0,-957.3,2855.3,1,
3,-0.2724488676,0.0044729211,-0.9621598721,-0.1992052943,0.9780602455,0.0609545708,0.9413229227,0.2082743496,-0.2655803561,1,-35.3,342.6,2921.6,1,-0.2724488676,0.0044729211,-0.9621598721,-0.1992052943,0.9780602455,0.0609545708,0.9413229227,0.2082743496,-0.2655803561,1,-36.2,150.5,2880.7,1,-0.2722796798,0.0076005268,-0.9621881247,-0.1717196256,0.9835322499,0.0563622937,0.9467714429,0.1805728972,-0.2664906979,1,-38.0,-40.3,2845.6,1,-0.8410938382,-0.5204468369,-0.1472965628,-0.2798188925,0.6517289281,-0.7049473524,0.4628850520,-0.5517105460,-0.6937960386,1,0.6,173.8,2752.7,1,-0.3753001094,-0.5204468369,0.7669973373,-0.7549474239,0.6517289281,0.0728274062,-0.5377771258,-0.5517105460,-0.6375039220,1,187.4,235.9,2649.9,1,0.0234006774,0.4561901987,-0.8895745873,-0.9919134378,0.1216214150,0.0362769514,0.1247405037,0.8815320134,0.4553472102,0,-73.0,127.3,3008.7,1,0.1414185762,0.4586587548,-0.8772872686,-0.9889720082,0.1048361659,-0.1046122387,0.0439901128,0.8824066520,0.4684264660,0,-67.0,-127.9,3040.8,0,-0.1512438804,0.2276071906,-0.9619356990,0.0666618869,0.9732632637,0.2198062837,0.9862461686,-0.0308800898,-0.1623728424,1,-25.4,-218.5,2725.5,1,-0.1613218784,0.0227427538,-0.9866397381,-0.1728965789,0.9836216569,0.0509428717,0.9716388583,0.1788048297,-0.1547475457,1,-113.7,-596.0,2737.5,1,-0.2782029212,-0.0020866254,-0.9605200291,-0.0474854596,0.9988047481,0.0115837911,0.9593478441,0.0488333814,-0.2779695094,1,-50.4,-254.1,2899.0,1,-0.2751385868,-0.0763397366,-0.9583689570,-0.0908920392,0.9944430590,-0.0531190187,0.9570984244,0.0724930167,-0.2805483341,1,-49.6,-641.8,2880.1,1,293.8,450.0,2802.4,1,-30.2,-385.5,3052.2,0,-121.9,-952.3,2672.7,1,-25.3,-957.4,2857.1,1,
4,-0.2465676963,0.0006007788,-0.9691253901,-0.2386466265,0.9691686630,0.0613179766,0.9392827749,0.2463975400,-0.2388223112,1,-34.5,344.3,2938.8,1,-0.2465676963,0.0006007788,-0.9691253901,-0.2386466265,0.9691686630,0.0613179766,0.9392827749,0.2463975400,-0.2388223112,1,-34.6,153.8,2890.3,1,-0.2465234548,0.0027968991,-0.9691327810,-0.2133252621,0.9753124118,0.0570794120,0.9453668594,0.2208119184,-0.2398407310,1,-35.4,-35.3,2847.5,1,-0.8429889679,-0.5105531812,-0.1694256514,-0.2396271080,0.6383891106,-0.7314630151,0.4816102684,-0.5760163069,-0.6604973674,1,-1.1,182.8,2762.0,1,-0.3765221536,-0.5105531812,0.7730242610,-0.7682507634,0.6383891106,0.0474347025,-0.5177082419,-0.5760163069,-0.6326005459,1,188.4,236.7,2653.8,1,0.0365632996,0.4771754444,-0.8780471087,-0.9957694411,0.0915141255,0.0082679791,0.0842989907,0.8740301728,0.4785027802,0,-68.1,124.8,3018.7,1,0.1530010253,0.4798497558,-0.8639068007,-0.9882259369,0.0747008920,-0.1335264146,0.0004619901,0.8741647601,0.4856292605,0,-58.6,-131.3,3040.4,0,-0.1162542030,0.2521427274,-0.9606815577,0.0681547895,0.9669851661,0.2455496341,0.9908783436,-0.0369288698,-0.1296008229,1,-15.6,-215.9,2726.6,1,-0.1252466291,0.0185842123,-0.9919515848,-0.1904891282,0.9807720780,0.0424264669,0.9736668468,0.1942697614,-0.1192983016,1,-113.4,-591.0,2740.9,1,-0.2540523708,-0.0395303257,-0.9663823247,-0.0601448230,0.9978763461,-0.0250071250,0.9653186202,0.0517697744,-0.2558903992,1,-63.9,-246.4,2894.5,1,-0.2532190979,-0.0735214055,-0.9646111727,-0.0716648027,0.9957938790,-0.0570854545,0.9647508860,0.0546735413,-0.2574229240,1,-48.6,-633.4,2874.4,1,292.6,449.5,2797.2,1,-18.8,-388.7,3040.5,0,-120.3,-955.3,2668.8,1,-24.7,-957.8,2856.6,1,
5,-0.2226698995,-0.0053326222,-0.9748793244,-0.2698603272,0.9612474442,0.0563801043,0.9367996454,0.2756353915,-0.2154799402,1,-34.2,337.0,2946.4,1,-0.2226698995,-0.0053326222,-0.9748793244,-0.2698603272,0.9612474442,0.0563801043,0.9367996454,0.2756353915,-0.2154799402,1,-33.2,149.0,2892.4,1,-0.2227876484,-0.0033950140,-0.9748610854,-0.2438254356,0.9684052467,0.0523495562,0.9438828230,0.2493587583,-0.2165765166,1,-32.7,-38.8,2844.1,1,-0.8472866416,-0.5101913810,-0.1476824582,-0.2581005692,0.6385087371,-0.7250453234,0.4642083943,-0.5762042999,-0.6726806164,1,-2.9,182.2,2764.0,1,-0.3763653636,-0.5101913810,0.7733394504,-0.7681536078,0.6385087371,0.0473986194,-0.5179663301,-0.5762042999,-0.6322179437,1,189.7,240.9,2658.5,1,0.0502710454,0.4955570698,-0.8671193719,-0.9972356558,0.0724723265,-0.0163967069,0.0547166578,0.8655466437,0.4978304505,0,-63.5,115.8,3020.9,1,0.1649305373,0.4984441996,-0.8510882854,-0.9857987165,0.0556578115,-0.1584394872,-0.0316035338,0.8651332855,0.5005453229,0,-50.6,-140.8,3035.0,0,-0.0850214288,0.2442523986,-0.9659773111,0.0767157972,0.9682145119,0.2380658835,0.9934213758,-0.0538650155,-0.1010570005,1,-14.2,-205.4,2720.5,1,-0.0959877297,0.0293648262,-0.9949492812,-0.1854274273,0.9815400839,0.0468581803,0.9779586196,0.1889886856,-0.0887707621,1,-109.0,-581.1,2741.4,1,-0.2335237414,-0.0214542635,-0.9721143842,-0.0379950628,0.9991943240,-0.0129246404,0.9716084599,0.0339173377,-0.2341507524,1,-58.1,-243.4,2888.8,1,-0.2307295501,-0.0759380236,-0.9700501561,-0.0769898593,0.9952490330,-0.0595983714,0.9699672461,0.0609329194,-0.2354798168,1,-49.8,-631.1,2875.6,1,293.1,451.9,2800.7,1,-7.6,-397.6,3026.7,0,-120.2,-956.1,2669.2,1,-25.0,-956.4,2855.7,1,
6,-0.2064089179,0.0214349013,-0.9782310128,-0.2411587387,0.9678043723,0.0720914602,0.9482815266,0.2507892847,-0.1945942491,1,-31.6,340.4,2938.2,1,-0.2064089179,0.0214349013,-0.9782310128,-0.2411587387,0.9678043723,0.0720914602,0.9482815266,0.2507892847,-0.1945942491,1,-35.8,150.3,2888.9,1,-0.2060309350,0.0119229052,-0.9784728289,-0.2191559076,0.9739635587,0.0580142513,0.9536886215,0.2263908386,-0.1980536431,1,-38.2,-38.6,2845.0,1,-0.8558440208,-0.5116605163,-0.0757262185,-0.3018350005,0.6129437685,-0.7302023768,0.4200316668,-0.6020825505,-0.6790213585,1,-7.8,180.2,2758.9,1,-0.3721998036,-0.5116605163,0.7743841410,-0.7897174358,0.6129437685,0.0254221112,-0.4876614511,-0.6020825505,-0.6322048306,1,187.7,249.1,2663.0,1,0.0416097455,0.5138272643,-0.8568840027,-0.9960956573,0.0881659240,0.0044985898,0.0778594613,0.8533512354,0.5154896975,0,-63.9,120.4,3018.9,1,0.1546729952,0.5165466666,-0.8421732783,-0.9879034162,0.0712895170,-0.1377122998,-0.0110967066,0.8532862067,0.5213247538,0,-53.2,-136.0,3038.9,0,-0.0667940453,0.2335482389,-0.9700483084,0.0894441605,0.9697067738,0.2273072004,0.9937496185,-0.0715823919,-0.0856601670,1,-12.4,-204.8,2711.4,1,-0.0816556141,0.0447550267,-0.9956552386,-0.1784761250,0.9821865559,0.0587867759,0.9805501699,0.1825009584,-0.0722133368,1,-103.0,-581.1,2739.2,1,-0.2140455544,-0.0157849398,-0.9766961336,-0.0110207796,0.9998447895,-0.0137438253,0.9767615199,0.0078221485,-0.2141862959,1,-52.2,-248.4,2879.9,1,-0.2101622075,-0.0653353557,-0.9754809737,-0.0774820372,0.9957392216,-0.0499991067,0.9745913744,0.0650743321,-0.2143290788,1,-46.0,-636.3,2876.9,1,288.7,463.4,2795.3,1,-12.8,-393.5,3036.0,0,-120.0,-954.1,2669.9,1,-25.0,-957.2,2855.9,1,
7,-0.1955303401,0.0287641622,-0.9802757502,-0.2457853705,0.9662309885,0.0773775354,0.9493984580,0.2560670972,-0.1818576604,1,-28.4,339.7,2946.6,1,-0.1955303401,0.0287641622,-0.9802757502,-0.2457853705,0.9662309885,0.0773775354,0.9493984580,0.2560670972,-0.1818576604,1,-34.1,149.5,2896.2,1,-0.1948034614,0.0202030689,-0.9806342125,-0.2169823945,0.9741292596,0.0631727129,0.9565407634,0.2250866145,-0.1853800565,1,-38.1,-39.5,2852.5,1,-0.8460553885,-0.5304075480,-0.0534610376,-0.3250280023,0.5927280784,-0.7369058728,0.4225482643,-0.6060868502,-0.6738780737,1,-7.5,179.2,2765.6,1,-0.3710110784,-0.5304075480,0.7622457743,-0.8051401973,0.5927280784,0.0205596555,-0.4627094865,-0.6060868502,-0.6469610929,1,187.0,253.9,2668.5,1,0.0372966379,0.5253518224,-0.8500673175,-0.9962018728,0.0865243673,0.0097648194,0.0786814988,0.8464744091,0.5265835524,0,-60.7,119.9,3026.7,1,0.1492809057,0.5279858708,-0.8360299468,-0.9887242317,0.0696015507,-0.1325897425,-0.0118165361,0.8463962078,0.5324226022,0,-51.1,-136.7,3046.9,0,-0.0580767021,0.1964032203,-0.9788017273,0.0697830245,0.9788570404,0.1922737807,0.9958701730,-0.0571371168,-0.0705543980,1,-22.2,-207.9,2715.9,1,-0.0752530620,0.0612496547,-0.9952815771,-0.1745236814,0.9818968177,0.0736216605,0.9817731380,0.1792404652,-0.0632012263,1,-98.3,-587.5,2738.0,1,-0.2009721100,-0.0227377526,-0.9793330431,-0.0333428495,0.9993100762,-0.0163591765,0.9790293574,0.0293660183,-0.2015915960,1,-59.0,-247.1,2886.4,1,-0.1979401857,-0.0818009973,-0.9767948985,-0.0720996782,0.9950274229,-0.0687174052,0.9775588512,0.0568246618,-0.2028537393,1,-50.1,-634.9,2875.0,1,286.5,469.8,2792.5,1,-12.1,-394.5,3043.9,0,-121.0,-951.5,2671.6,1,-23.8,-955.7,2856.6,1,
8,-0.1498090625,-0.0076787011,-0.9886851311,-0.2557600737,0.9662351012,0.0312493313,0.9550623298,0.2575476170,-0.1467146873,1,-32.2,335.9,2949.3,1,-0.1498090625,-0.0076787011,-0.9886851311,-0.2557600737,0.9662351012,0.0312493313,0.9550623298,0.2575476170,-0.1467146873,1,-30.7,146.2,2898.7,1,-0.1499624401,-0.0029189021,-0.9886873960,-0.2276922315,0.9732182026,0.0316627435,0.9621161819,0.2298646569,-0.1466107965,1,-30.2,-42.6,2854.0,1,-0.8552841544,-0.5177153349,0.0214435048,-0.3679783344,0.5777363181,-0.7285689116,0.3648025990,-0.6310241818,-0.6846367717,1,-10.3,177.2,2767.5,1,-0.3626244068,-0.5177153349,0.7749028206,-0.8162134886,0.5777363181,0.0040315078,-0.4497766793,-0.6310241818,-0.6320675611,1,193.8,265.0,2680.4,1,0.0729033276,0.5550342798,-0.8286266327,-0.9948282242,0.0993865877,-0.0209543463,0.0707239956,0.8258687854,0.5594093800,0,-51.2,115.2,3029.9,1,0.1808897853,0.5582231283,-0.8097319603,-0.9832094908,0.0825134963,-0.1627595574,-0.0240423270,0.8255776763,0.5637760758,0,-32.4,-140.9,3048.2,0,-0.0242725182,0.1974232048,-0.9800178409,0.0468126424,0.9794557095,0.1961505413,0.9986087680,-0.0411161594,-0.0330157578,1,-24.6,-209.1,2723.3,1,-0.0374958776,0.0541759692,-0.9978271723,-0.1798940450,0.9818502665,0.0600684918,0.9829711318,0.1817554832,-0.0270694029,1,-101.2,-589.1,2739.2,1,-0.1607825607,-0.0272849035,-0.9866126180,-0.0561028942,0.9982542396,-0.0184640903,0.9853940606,0.0523831211,-0.1620326489,1,-59.4,-247.9,2894.4,1,-0.1600287706,-0.0787902772,-0.9839628339,-0.0657238215,0.9954478741,-0.0690208077,0.9849219322,0.0536244810,-0.1644787043,1,-48.8,-635.3,2874.1,1,289.4,480.2,2799.0,1,14.8,-397.2,3041.9,0,-121.2,-951.1,2672.2,1,-23.3,-957.8,2856.7,1,
9,-0.2677226663,-0.0545434020,-0.9619509578,-0.2340757102,0.9721667171,0.0100234756,0.9346299767,0.2278528512,-0.2730383277,1,-43.8,337.1,2939.6,1,-0.2677226663,-0.0545434020,-0.9619509578,-0.2340757102,0.9721667171,0.0100234756,0.9346299767,0.2278528512,-0.2730383277,1,-33.1,146.4,2894.9,1,-0.2685549259,-0.0206695050,-0.9630425572,-0.2125137597,0.9764069915,0.0383054391,0.9395297766,0.2149469107,-0.2666114569,1,-29.3,-43.0,2853.4,1,-0.8435286283,-0.5282204151,0.0971733332,-0.4289542735,0.5537083149,-0.7137263417,0.3231991529,-0.6437315345,-0.6936512589,1,3.3,175.4,2767.7,1,-0.3221550286,-0.5282204151,0.7856203318,-0.8321310282,0.5537083149,0.0310644377,-0.4514133930,-0.6437315345,-0.6179285049,1,205.2,278.0,2690.3,1,0.0520354025,0.4512722492,-0.8908679485,-0.9944599271,0.1050019935,-0.0048970641,0.0913330019,0.8861873150,0.4542360008,0,-69.5,117.5,3022.2,1,0.1701618880,0.4542341530,-0.8744805455,-0.9853559136,0.0882441923,-0.1458997428,0.0108951824,0.8865011334,0.4625981152,0,-56.1,-138.5,3045.7,0,-0.1414203495,0.2246997505,-0.9641111493,0.0790178329,0.9733539820,0.2152632177,0.9867910147,-0.0457393788,-0.1554073393,1,-16.3,-211.1,2723.3,1,-0.1589891613,0.0488043092,-0.9860733151,-0.1755584478,0.9814623594,0.0768821985,0.9715459943,0.1853369474,-0.1474738717,1,-103.5,-588.7,2741.0,1,-0.2803088427,0.0145562915,-0.9597994685,-0.0440724678,0.9986354113,0.0280166119,0.9588975906,0.0501540340,-0.2792848051,1,-43.1,-251.7,2895.4,1,-0.2775898576,-0.0819258466,-0.9572001100,-0.0792422369,0.9949146509,-0.0621734001,0.9574260116,0.0585919693,-0.2826701999,1,-48.7,-639.0,2875.9,1,289.5,495.9,2808.5,1,-11.7,-395.3,3048.6,0,-121.4,-948.9,2673.0,1,-22.6,-956.7,2857.2,1,
10,-0.2795027196,-0.0401485451,-0.9593051076,-0.2460341603,0.9687607884,0.0311401207,0.9280869961,0.2447255701,-0.2806491852,1,-44.1,333.6,2947.3,1,-0.2795027196,-0.0401485451,-0.9593051076,-0.2460341603,0.9687607884,0.0311401207,0.9280869961,0.2447255701,-0.2806491852,1,-36.2,143.5,2899.3,1,-0.2802452743,-0.0236347392,-0.9596374035,-0.2234185487,0.9738489389,0.0412607156,0.9335666895,0.2259639204,-0.2781969905,1,-31.7,-45.5,2855.5,1,-0.8422272801,-0.5291696787,0.1031146944,-0.4301697612,0.5443226695,-0.7201852798,0.3249725401,-0.6509165168,-0.6860762239,1,1.9,174.0,2772.3,1,-0.3383776844,-0.5291696787,0.7781259418,-0.8388586640,0.5443226695,0.0053821336,-0.4263996482,-0.6509165168,-0.6280851960,1,205.2,277.8,2693.8,1,0.0518759526,0.4400508106,-0.8964731693,-0.9953416586,0.0958310589,-0.0105566569,0.0812645108,0.8928447366,0.4429722130,0,-74.3,113.1,3026.3,1,0.1714296937,0.4430426359,-0.8799574375,-0.9851940870,0.0790200084,-0.1521463096,0.0021269429,0.8930112123,0.4500293434,0,-61.0,-143.3,3047.2,0,-0.1505842507,0.2716763318,-0.9505347610,0.0800742805,0.9616912007,0.2621795833,0.9853489399,-0.0366332717,-0.1665698290,1,-1.6,-213.5,2728.4,1,-0.1656415761,0.0354673639,-0.9855480194,-0.1830378175,0.9808837175,0.0660627708,0.9690511227,0.1913353056,-0.1559832543,1,-106.9,-586.3,2742.6,1,-0.2922608852,-0.0037099936,-0.9563314319,-0.0497327000,0.9986983538,0.0113242725,0.9550446272,0.0508705862,-0.2920649648,1,-49.3,-251.5,2895.3,1,-0.2903801799,-0.0758381262,-0.9539014101,-0.0757458881,0.9955482483,-0.0560911335,0.9539087415,0.0559663586,-0.2948319018,1,-47.9,-638.9,2875.5,1,292.3,493.6,2803.5,1,-16.3,-400.2,3047.7,0,-120.2,-952.7,2671.1,1,-23.8,-955.4,2857.8,1,
11,-0.2568171322,-0.0395747274,-0.9656494260,-0.2441136092,0.9694193006,0.0251934621,0.9351221919,0.2421982884,-0.2586242259,1,-44.1,328.1,2946.1,1,-0.2568171322,-0.0395747274,-0.9656494260,-0.2441136092,0.9694193006,0.0251934621,0.9351221919,0.2421982884,-0.2586242259,1,-36.3,138.7,2898.8,1,-0.2576431930,-0.0288011506,-0.9658107758,-0.2206235081,0.9749042392,0.0297820102,0.9407152534,0.2207536995,-0.2575316727,1,-30.8,-50.5,2856.0,1,-0.8415825367,-0.5164104104,0.1583008319,-0.4606088400,0.5330980420,-0.7096801996,0.2820963562,-0.6701691747,-0.6865091920,1,-1.2,168.8,2770.6,1,-0.3081188500,-0.5164104104,0.7989887595,-0.8458541036,0.5330980420,0.0183654614,-0.4354234934,-0.6701691747,-0.6010653973,1,211.9,285.4,2699.2,1,0.0642703101,0.4582381546,-0.8865027428,-0.9942047596,0.1061138958,-0.0172277037,0.0861758664,0.8824724555,0.4624025226,0,-71.4,108.6,3027.0,1,0.1821538806,0.4614251256,-0.8682780862,-0.9832608700,0.0892890990,-0.1588253230,0.0042417739,0.8826745152,0.4699656367,0,-54.9,-147.5,3049.2,0,-0.1333643645,0.2664313614,-0.9545827508,0.0723152831,0.9632353783,0.2587432563,0.9884252548,-0.0345237888,-0.1477283388,1,-2.2,-214.5,2728.4,1,-0.1482959241,0.0413075164,-0.9880799651,-0.1774213463,0.9818054438,0.0676734820,0.9728977084,0.1853421777,-0.1382689178,1,-105.6,-588.2,2741.8,1,-0.2711280584,-0.0111011360,-0.9624792933,-0.0350892358,0.9993828535,-0.0016422261,0.9619035125,0.0333274081,-0.2713502645,1,-52.2,-254.5,2895.0,1,-0.2666873932,-0.0783051699,-0.9605967402,-0.0984935462,0.9936900139,-0.0536583923,0.9587371349,0.0803025663,-0.2727171481,1,-47.9,-642.3,2882.1,1,290.8,502.1,2810.7,1,-7.4,-403.9,3050.3,0,-121.1,-957.3,2672.2,1,-23.4,-953.3,2856.9,1,
12,-0.2397853732,-0.0401353016,-0.9699959159,-0.2597337067,0.9653754234,0.0242626891,0.9354364872,0.2577584684,-0.2419074029,1,-40.9,335.6,2951.1,1,-0.2397853732,-0.0401353016,-0.9699959159,-0.2597337067,0.9653754234,0.0242626891,0.9354364872,0.2577584684,-0.2419074029,1,-33.0,146.1,2900.5,1,-0.2408532500,-0.0370080508,-0.9698557258,-0.2329110801,0.9722768664,0.0207405295,0.9422006607,0.2308855653,-0.2427956313,1,-25.9,-42.6,2855.7,1,-0.8477503061,-0.5030502677,0.1681067348,-0.4582920671,0.5351907611,-0.7096049786,0.2669978142,-0.6786098480,-0.6842520237,1,-0.2,177.9,2771.9,1,-0.2987191379,-0.5030502677,0.8109915853,-0.8444721103,0.5351907611,0.0209223740,-0.4445602000,-0.6786098480,-0.5846835971,1,212.7,293.0,2704.9,1,0.0773689970,0.4701441228,-0.8791919947,-0.9941436052,0.1031126603,-0.0323457047,0.0754486844,0.8765456676,0.4753684998,0,-65.9,114.3,3029.0,1,0.1939820796,0.4735383689,-0.8591462970,-0.9809707999,0.0863122344,-0.1739151925,-0.0082006836,0.8765338659,0.4812703431,0,-46.0,-141.8,3048.5,0,-0.1185018942,0.2674739063,-0.9562504888,0.0641279593,0.9630872607,0.2614392936,0.9908808470,-0.0303413421,-0.1312802285,1,-2.2,-220.0,2729.1,1,-0.1324359924,0.0432184041,-0.9902489185,-0.1725970954,0.9827804565,0.0659756064,0.9760486484,0.1796516329,-0.1226961315,1,-106.0,-593.7,2740.9,1,-0.2562119067,0.0040089181,-0.9666123390,-0.0477093942,0.9987201691,0.0167880151,0.9654425383,0.0504177809,-0.2556927502,1,-48.2,-259.5,2897.3,1,-0.2536658049,-0.0838340744,-0.9636521935,-0.0794917941,0.9946741462,-0.0656079426,0.9640200734,0.0599599481,-0.2589789331,1,-49.8,-647.0,2877.7,1,289.8,510.9,2819.6,1,4.6,-397.6,3046.3,0,-121.9,-955.9,2674.7,1,-23.7,-956.6,2859.0,1,
13,-0.2449282706,-0.0629315823,-0.9674966335,-0.2232064009,0.9747468233,-0.0068969731,0.9434983134,0.2142621875,-0.2527897656,1,-46.8,333.6,2940.0,1,-0.2449282706,-0.0629315823,-0.9674966335,-0.2232064009,0.9747468233,-0.0068969731,0.9434983134,0.2142621875,-0.2527897656,1,-34.5,142.6,2898.0,1,-0.2462622821,-0.0550768189,-0.9676370621,-0.2011140734,0.9795571566,-0.0045720418,0.9481076002,0.1934795082,-0.2523047030,1,-23.8,-47.4,2860.5,1,-0.8437585235,-0.4931727648,0.2117832750,-0.4814548492,0.5210629106,-0.7047656775,0.2372188419,-0.6966161728,-0.6770917177,1,-0.8,170.0,2768.7,1,-0.2798884511,-0.4931727648,0.8236765862,-0.8532333374,0.5210629106,0.0220521912,-0.4400628507,-0.6966161728,-0.5666309595,1,217.0,294.3,2707.4,1,0.0927268416,0.4597685635,-0.8831843734,-0.9891363978,0.1441497505,-0.0288093556,0.1140651703,0.8762612343,0.4681403935,0,-68.1,115.1,3027.4,1,0.2101060003,0.4634365737,-0.8608611822,-0.9771883488,0.1274252087,-0.1698992103,0.0309579074,0.8769204021,0.4796376228,0,-44.3,-139.5,3056.7,0,-0.1319567859,0.2785470188,-0.9513143301,0.0896932483,0.9591248631,0.2683926225,0.9871892333,-0.0499102399,-0.1515468210,1,2.8,-210.4,2726.6,1,-0.1500063688,0.0433620475,-0.9877336621,-0.1909584701,0.9789556265,0.0719774067,0.9700685143,0.1994131804,-0.1385692358,1,-105.3,-582.7,2745.9,1,-0.2649194598,0.0219472181,-0.9640207291,-0.0288050976,0.9991146326,0.0306620151,0.9638401866,0.0358916782,-0.2640527189,1,-40.3,-252.1,2895.1,1,-0.2608053386,-0.0748318210,-0.9624867439,-0.0902348161,0.9945161343,-0.0528710969,0.9611650705,0.0730607510,-0.2661275566,1,-48.8,-639.8,2881.2,1,289.1,514.1,2820.8,1,10.5,-394.2,3064.8,0,-121.8,-955.8,2669.9,1,-24.9,-957.1,2857.9,1,
14,-0.2101062536,-0.0098346239,-0.9776290655,-0.2534461319,0.9663139582,0.0447483473,0.9442565441,0.2571782470,-0.2055211514,1,-39.2,326.9,2947.0,1,-0.2101062536,-0.0098346239,-0.9776290655,-0.2534461319,0.9663139582,0.0447483473,0.9442565441,0.2571782470,-0.2055211514,1,-37.3,137.7,2896.6,1,-0.2111013234,-0.0364280865,-0.9767851233,-0.2116409093,0.9773033261,0.0092921034,0.9542768598,0.2086892724,-0.2140197009,1,-30.3,-51.9,2856.2,1,-0.8446322083,-0.4858774841,0.2247654051,-0.4920916259,0.5393118858,-0.6833655834,0.2108132839,-0.6877977848,-0.6946164370,1,-8.4,166.6,2766.4,1,-0.2853582799,-0.4858774841,0.8261317611,-0.8416904211,0.5393118858,0.0264560431,-0.4583970904,-0.6877977848,-0.5628555417,1,215.8,297.3,2710.5,1,0.0858012140,0.4953965843,-0.8644191027,-0.9915642142,0.1270628870,-0.0256020352,0.0971524268,0.8593236804,0.5021196604,0,-66.1,108.7,3026.8,1,0.1998834759,0.4988944530,-0.8432976604,-0.9797716141,0.1102924645,-0.1669823974,0.0097027877,0.8596161008,0.5108482838,0,-44.0,-146.6,3051.8,0,-0.1031186506,0.2948351800,-0.9499677420,0.0411143415,0.9555063248,0.2920911908,0.9938189983,-0.0089372490,-0.1106524840,1,8.9,-219.4,2738.2,1,-0.1156811491,0.0416584052,-0.9924124479,-0.1875780523,0.9802264571,0.0630120263,0.9754139185,0.1934441030,-0.1055795252,1,-105.4,-589.9,2741.6,1,-0.2280677110,0.0421038903,-0.9727345109,-0.0622380599,0.9963908792,0.0577201955,0.9716539979,0.0737052187,-0.2246241271,1,-35.3,-255.4,2907.8,1,-0.2267871052,-0.0848893002,-0.9702377915,-0.0775665939,0.9946042299,-0.0688904822,0.9708506465,0.0596345700,-0.2321479917,1,-51.6,-641.8,2879.2,1,290.4,517.2,2830.3,1,8.1,-402.0,3054.4,0,-121.1,-958.4,2668.9,1,-24.6,-957.9,2860.3,1,
15,-0.2299627364,-0.0206933096,-0.9729794264,-0.2517762780,0.9670017362,0.0389409065,0.9400669336,0.2539280951,-0.2275844514,1,-39.9,326.1,2951.0,1,-0.2299627364,-0.0206933096,-0.9729794264,-0.2517762780,0.9670017362,0.0389409065,0.9400669336,0.2539280951,-0.2275844514,1,-35.8,136.1,2901.1,1,-0.2309222221,-0.0324672759,-0.9724303484,-0.2167063355,0.9760543704,0.0188727975,0.9485321641,0.2150899619,-0.2324285209,1,-29.6,-53.3,2859.4,1,-0.8291705251,-0.5169548392,0.2126828283,-0.5105765462,0.5454983711,-0.6646375656,0.2275694609,-0.6596887112,-0.7162562013,1,-4.3,165.7,2771.6,1,-0.2925422490,-0.5169548392,0.8044729829,-0.8368360996,0.5454983711,0.0462266691,-0.4627358019,-0.6596887112,-0.5921877623,1,216.5,301.7,2711.0,1,0.0761776790,0.4799741507,-0.8739689589,-0.9928965569,0.1168599054,-0.0223655757,0.0913970321,0.8694645166,0.4854668081,0,-67.4,106.5,3030.6,1,0.1919855475,0.4833366573,-0.8541236520,-0.9813781381,0.1000496149,-0.1639724821,0.0062008300,0.8696986437,0.4935441017,0,-47.8,-149.3,3054.1,0,-0.1160720885,0.2548857033,-0.9599794745,0.0541210212,0.9666994810,0.2501260936,0.9917652011,-0.0229224078,-0.1260014921,1,-4.4,-222.5,2730.4,1,-0.1310982853,0.0491276160,-0.9901513457,-0.1790541112,0.9811724424,0.0723892897,0.9750655890,0.1867807955,-0.1198335215,1,-103.2,-597.2,2739.3,1,-0.2458058447,0.0386370011,-0.9685487747,-0.0399623401,0.9979518056,0.0499518923,0.9684949517,0.0509839393,-0.2437583506,1,-42.2,-260.5,2901.2,1,-0.2407306135,-0.1005434170,-0.9653702974,-0.0936549753,0.9923851490,-0.0800026432,0.9660629034,0.0711526424,-0.2483138889,1,-57.2,-647.6,2881.4,1,294.5,524.7,2834.3,1,2.3,-405.2,3055.7,0,-121.2,-958.1,2670.6,1,-25.8,-957.8,2859.2,1,
16,-0.2474127114,-0.0467543192,-0.9677814841,-0.2454661876,0.9692742825,0.0159268361,0.9373010993,0.2414981276,-0.2512874007,1,-43.4,337.8,2953.0,1,-0.2474127114,-0.0467543192,-0.9677814841,-0.2454661876,0.9692742825,0.0159268361,0.9373010993,0.2414981276,-0.2512874007,1,-34.2,147.4,2905.5,1,-0.2488291115,-0.0473441333,-0.9673895836,-0.2161805928,0.9763220549,0.0078240493,0.9441133738,0.2110777050,-0.2531722188,1,-25.0,-42.1,2864.6,1,-0.8472741842,-0.4918931127,0.2004187107,-0.4787458181,0.5437886119,-0.6892724037,0.2300629318,-0.6799522638,-0.6962298155,1,-0.2,176.9,2776.6,1,-0.2817713916,-0.4918931127,0.8237997293,-0.8383640051,0.5437886119,0.0379447564,-0.4666376710,-0.6799522638,-0.5656095743,1,222.3,302.7,2716.2,1,0.0847075358,0.4600259662,-0.8838556409,-0.9917265773,0.1247903630,-0.0300953127,0.0964520350,0.8790923953,0.4667906761,0,-68.2,117.8,3034.4,1,0.2021778077,0.4635612071,-0.8626906276,-0.9792529941,0.1080134436,-0.1714547127,0.0137024401,0.8794566989,0.4757815897,0,-46.3,-137.7,3059.3,0,-0.1363455206,0.2709808946,-0.9528794289,0.0613933355,0.9623244405,0.2648822069,0.9887571931,-0.0223849434,-0.1478450447,1,-2.6,-223.3,2732.8,1,-0.1503141820,0.0373333953,-0.9879330993,-0.1877107024,0.9800316095,0.0655950159,0.9706546068,0.1953054816,-0.1403047889,1,-107.7,-596.6,2741.4,1,-0.2660235763,0.0305305831,-0.9634829164,-0.0404097177,0.9982665181,0.0427901670,0.9631191492,0.0503172651,-0.2643286884,1,-44.0,-262.1,2902.6,1,-0.2601156831,-0.1001392826,-0.9603707194,-0.1044778228,0.9916871190,-0.0751069486,0.9599084258,0.0808009505,-0.2684157193,1,-55.8,-649.5,2883.0,1,298.4,529.0,2842.2,1,6.4,-393.1,3062.9,0,-121.4,-956.4,2669.7,1,-24.5,-959.2,2857.8,1,
17,-0.3766855896,-0.0372108556,-0.9255934954,-0.2663775682,0.9613410830,0.0697587729,0.8872152567,0.2728344798,-0.3720354736,1,-35.2,349.5,2954.5,1,-0.3766855896,-0.0372108556,-0.9255934954,-0.2663775682,0.9613410830,0.0697587729,0.8872152567,0.2728344798,-0.3720354736,1,-27.8,160.0,2900.7,1,-0.3777715266,-0.0330367871,-0.9253093004,-0.2365268320,0.9696482420,0.0619458146,0.8951780200,0.2422618419,-0.3741195798,1,-21.0,-28.0,2853.6,1,-0.8402656913,-0.5089432001,0.1868968904,-0.4824265540,0.5445277095,-0.6861152649,0.2474231571,-0.6666831374,-0.7030756474,1,23.3,191.8,2779.6,1,-0.2907360196,-0.5089432001,0.8102156520,-0.8377183080,0.5445277095,0.0414442420,-0.4622776508,-0.6666831374,-0.5846648216,1,221.3,305.4,2721.3,1,0.0318166204,0.3473562598,-0.9371933341,-0.9974894524,0.0703872666,-0.0077756443,0.0632655621,0.9350878596,0.3487236798,0,-79.0,128.2,3021.8,1,0.1584081054,0.3501231372,-0.9232121706,-0.9873695970,0.0534696579,-0.1491384059,-0.0028529675,0.9351763129,0.3541709781,0,-70.8,-128.3,3038.1,0,-0.2462052852,0.2873101532,-0.9256542921,0.0789335594,0.9578243494,0.2763005495,0.9659981728,-0.0050385296,-0.2584998310,1,6.5,-212.2,2739.1,1,-0.2629636526,0.0401366800,-0.9639705420,-0.1563470811,0.9841554761,0.0836273879,0.9520534277,0.1727049500,-0.2525218725,1,-105.0,-583.8,2741.1,1,-0.3890870214,0.0423914455,-0.9202251434,-0.0468290448,0.9967389107,0.0657162815,0.9200099707,0.0686626136,-0.3858329952,1,-40.0,-249.7,2904.5,1,-0.3846132159,-0.1007048562,-0.9175680876,-0.0956177711,0.9930302501,-0.0689072683,0.9181121588,0.0612331703,-0.3915617168,1,-56.5,-637.3,2877.8,1,300.6,534.0,2847.4,1,-29.5,-385.6,3037.3,0,-120.3,-958.7,2675.3,1,-23.7,-960.4,2857.8,1,
18,-0.4206021726,-0.0602066480,-0.9052452445,-0.2929096222,0.9533733130,0.0726863891,0.8586604595,0.2957271039,-0.4186259806,1,-36.7,346.5,2954.7,1,-0.4206021726,-0.0602066480,-0.9052452445,-0.2929096222,0.9533733130,0.0726863891,0.8586604595,0.2957271039,-0.4186259806,1,-24.9,159.0,2896.6,1,-0.4222029448,-0.0503200926,-0.9051036239,-0.2651744783,0.9616391659,0.0702324733,0.8668490052,0.2696627378,-0.4193504751,1,-14.8,-27.5,2844.3,1,-0.8462733030,-0.4867575467,0.2165376097,-0.4808464348,0.5228955150,-0.7038230896,0.2293646634,-0.6997480989,-0.6765681505,1,32.5,195.0,2778.9,1,-0.2661953568,-0.4867575467,0.8319898844,-0.8517419100,0.5228955150,0.0334061831,-0.4513044655,-0.6997480989,-0.5537841916,1,229.4,306.9,2725.6,1,0.0330678970,0.2983163893,-0.9538940191,-0.9988046885,0.0442371033,-0.0207902752,0.0359954312,0.9534413218,0.2994226515,0,-82.2,123.1,3014.2,1,0.1632311642,0.3011453152,-0.9395036101,-0.9863148928,0.0274123922,-0.1625775695,-0.0232054312,0.9531841874,0.3014986813,0,-73.7,-133.9,3023.5,0,-0.2658250928,0.3077314496,-0.9135854244,0.1461027116,0.9495952725,0.2773495913,0.9528856277,-0.0597508326,-0.2973866463,1,19.4,-195.2,2727.0,1,-0.2967871726,0.0502975807,-0.9536181092,-0.1712610871,0.9796178341,0.1049691662,0.9394609928,0.1944711804,-0.2821240127,1,-99.8,-563.1,2750.2,1,-0.4329698682,0.0288459510,-0.9009467363,0.0114811622,0.9995832443,0.0264865067,0.9013352990,0.0011239442,-0.4331206083,1,-48.6,-236.3,2884.0,1,-0.4219960868,-0.1107775643,-0.8998042345,-0.1211336628,0.9904969931,-0.0651329681,0.8984686732,0.0815107226,-0.4314047396,1,-59.8,-623.8,2883.5,1,301.4,537.3,2847.6,1,-31.2,-391.0,3017.4,0,-120.1,-957.9,2671.8,1,-21.9,-962.3,2855.7,1,
19,-0.3878717422,-0.0778126717,-0.9184229374,-0.3010112643,0.9524898529,0.0464252159,0.8711760640,0.2944626808,-0.3928664029,1,-41.6,343.2,2954.3,1,-0.3878717422,-0.0778126717,-0.9184229374,-0.3010112643,0.9524898529,0.0464252159,0.8711760640,0.2944626808,-0.3928664029,1,-26.4,156.6,2896.7,1,-0.3896445334,-0.0695008487,-0.9183391333,-0.2780022025,0.9595099092,0.0453375913,0.8780044913,0.2729658484,-0.3931891620,1,-12.7,-29.5,2843.7,1,-0.8540687561,-0.4626851976,0.2376741469,-0.4738176763,0.5034826994,-0.7224970460,0.2146238685,-0.7296763659,-0.6492372155,1,26.6,194.4,2777.2,1,-0.2706408203,-0.4626851976,0.8442013860,-0.8640046716,0.5034826994,-0.0010435344,-0.4245579541,-0.7296763659,-0.5360251069,1,225.3,304.6,2727.3,1,0.0611737669,0.3240979612,-0.9440435767,-0.9975663424,0.0515533760,-0.0469433255,0.0334543996,0.9446178079,0.3264629245,0,-79.4,118.9,3016.2,1,0.1894659102,0.3273923993,-0.9256980419,-0.9814416170,0.0347421728,-0.1885878593,-0.0295814648,0.9442495704,0.3278989792,0,-63.7,-137.9,3024.8,0,-0.2289676368,0.3340358138,-0.9143270254,0.1790714413,0.9377039075,0.2977327704,0.9568214417,-0.0955586806,-0.2745201290,1,32.9,-190.4,2714.9,1,-0.2661109269,0.0534324907,-0.9624603391,-0.1855114251,0.9769590497,0.1055295095,0.9459230900,0.2066299468,-0.2500671446,1,-96.5,-553.7,2751.9,1,-0.4054072797,0.0651217401,-0.9118136168,0.0514160618,0.9975047112,0.0483813770,0.9126890898,-0.0272677038,-0.4077439606,1,-42.7,-237.2,2868.2,1,-0.3876322210,-0.1366281658,-0.9116325974,-0.1210745946,0.9879336357,-0.0965818465,0.9138283134,0.0729373172,-0.3994970918,1,-68.0,-623.7,2878.8,1,297.7,535.9,2840.9,1,-14.3,-393.7,3017.1,0,-118.9,-963.3,2665.3,1,-21.1,-962.6,2853.8,1,
20,-0.3431963325,-0.0292452704,-0.9388082623,-0.2839833200,0.9559667110,0.0740348473,0.8953042626,0.2920143604,-0.3363894522,1,-33.2,329.4,2952.2,1,-0.3431963325,-0.0292452704,-0.9388082623,-0.2839833200,0.9559667110,0.0740348473,0.8953042626,0.2920143604,-0.3363894522,1,-27.5,143.2,2895.3,1,-0.3435731530,-0.0532349721,-0.9376158714,-0.2752288282,0.9602616429,0.0463321246,0.8978900909,0.2739773989,-0.3445719182,1,-17.1,-43.2,2842.1,1,-0.8381513953,-0.4811439216,0.2569100261,-0.5076432824,0.5158426166,-0.6900758743,0.1995006800,-0.7088066936,-0.6766036749,1,19.3,180.7,2773.0,1,-0.2854612172,-0.4811439216,0.8288621306,-0.8566720486,0.5158426166,0.0044010687,-0.4296799302,-0.7088066936,-0.5594356060,1,220.8,302.7,2725.0,1,0.0605332330,0.3732862771,-0.9257392287,-0.9976136684,0.0534792803,-0.0436685644,0.0332069919,0.9261735082,0.3756327629,0,-74.3,105.7,3017.5,1,0.1853992194,0.3765185773,-0.9076678157,-0.9819843173,0.0366571881,-0.1853728890,-0.0365237892,0.9256835580,0.3765315413,0,-58.7,-151.3,3026.1,0,-0.1832249761,0.3336710930,-0.9247119427,0.1672320217,0.9375051856,0.3051515520,0.9687424898,-0.0987300649,-0.2275748551,1,35.7,-190.8,2712.3,1,-0.2171311229,0.0579530112,-0.9744206071,-0.1858198345,0.9775284529,0.0995442718,0.9582927823,0.2026808411,-0.2014830410,1,-93.7,-554.4,2750.6,1,-0.3563709855,0.0804093108,-0.9308781028,0.0609782562,0.9961675406,0.0627045184,0.9323526025,-0.0344172530,-0.3599084318,1,-34.1,-240.2,2868.5,1,-0.3385047019,-0.1290064454,-0.9320793748,-0.1215341389,0.9882543087,-0.0926437229,0.9330830574,0.0819191262,-0.3502074182,1,-65.3,-626.5,2881.9,1,296.9,531.0,2839.5,1,-10.3,-407.3,3016.6,0,-118.2,-966.4,2665.1,1,-21.3,-963.5,2854.0,1,
21,-0.3250330985,-0.0321114212,-0.9451572895,-0.2729054391,0.9600902796,0.0612315424,0.9054700732,0.2778408527,-0.3208245039,1,-31.1,324.8,2952.1,1,-0.3250330985,-0.0321114212,-0.9451572895,-0.2729054391,0.9600902796,0.0612315424,0.9054700732,0.2778408527,-0.3208245039,1,-24.8,137.7,2897.9,1,-0.3257029355,-0.0444576479,-0.9444263577,-0.2560586929,0.9657111764,0.0428469777,0.9101381898,0.2557839453,-0.3259187341,1,-16.1,-49.6,2848.3,1,-0.8202067614,-0.5166769028,0.2455725074,-0.5294037461,0.5228768587,-0.6680804491,0.2167775482,-0.6779711246,-0.7023978233,1,19.6,172.7,2773.8,1,-0.2995409071,-0.5166769028,0.8020724654,-0.8522061110,0.5228768587,0.0185616426,-0.4289754927,-0.6779711246,-0.5969381928,1,216.8,300.0,2721.7,1,0.0580364317,0.3926175237,-0.9178688526,-0.9969483018,0.0708769411,-0.0327190459,0.0522096679,0.9169666767,0.3955328465,0,-69.2,102.8,3022.0,1,0.1816395521,0.3957883716,-0.9001992345,-0.9831521511,0.0540367588,-0.1746193469,-0.0204684604,0.9167505503,0.3989354074,0,-54.3,-153.9,3035.5,0,-0.1770741194,0.3037190735,-0.9361621141,0.1441542953,0.9489386678,0.2805975378,0.9735832214,-0.0852652267,-0.2118148804,1,24.0,-204.9,2708.9,1,-0.2075889558,0.0640878901,-0.9761145115,-0.1714006364,0.9800315499,0.1007966101,0.9630829096,0.1882309169,-0.1924590319,1,-93.8,-572.9,2741.9,1,-0.3385122418,0.0726693496,-0.9381517172,0.0576954111,0.9967404008,0.0563894697,0.9391915202,-0.0350385234,-0.3416015208,1,-37.5,-254.0,2869.0,1,-0.3193836808,-0.1339463443,-0.9381111264,-0.1252185106,0.9872443676,-0.0983306020,0.9393159151,0.0860636905,-0.3320823014,1,-65.7,-640.8,2882.6,1,296.5,526.8,2835.9,1,-6.9,-410.4,3030.1,0,-119.2,-962.2,2667.2,1,-22.0,-962.4,2854.5,1,
22,-0.3435000181,-0.0552661680,-0.9375251532,-0.2686080337,0.9623471498,0.0416859463,0.8999208212,0.2661459148,-0.3454112113,1,-34.3,327.5,2952.5,1,-0.3435000181,-0.0552661680,-0.9375251532,-0.2686080337,0.9623471498,0.0416859463,0.8999208212,0.2661459148,-0.3454112113,1,-23.5,139.0,2900.4,1,-0.3445427120,-0.0567465946,-0.9370539784,-0.2506437302,0.9674972296,0.0335682854,0.9046922326,0.2464324087,-0.3475672901,1,-12.5,-48.7,2852.6,1,-0.8160191774,-0.5288746953,0.2332472056,-0.5279432535,0.5176433325,-0.6732914448,0.2353479564,-0.6725599766,-0.7016226649,1,23.5,173.2,2776.9,1,-0.2889313698,-0.5288746953,0.7980039120,-0.8549396396,0.5176433325,0.0335206240,-0.4308095872,-0.6725599766,-0.6017193198,1,219.2,299.9,2720.5,1,0.0632210895,0.3712185025,-0.9263908267,-0.9960570931,0.0813565403,-0.0353746600,0.0622362234,0.9249745607,0.3748982847,0,-70.5,104.8,3023.8,1,0.1884356439,0.3745035231,-0.9078761339,-0.9820547104,0.0645324960,-0.1772119105,-0.0077789696,0.9249771237,0.3799431920,0,-54.2,-151.8,3039.9,0,-0.2041047364,0.3124809265,-0.9277375340,0.1386453509,0.9473617077,0.2885884047,0.9690814018,-0.0697242245,-0.2366850376,1,21.7,-214.1,2717.4,1,-0.2329847366,0.0512148850,-0.9711308479,-0.1859629601,0.9778376818,0.0961830989,0.9545344114,0.2030035555,-0.2182971984,1,-99.5,-581.7,2744.4,1,-0.3632972240,0.0786467567,-0.9283478856,0.0196569171,0.9968559742,0.0767580643,0.9314659238,0.0096375337,-0.3637009561,1,-36.6,-259.9,2880.0,1,-0.3491938114,-0.1374590546,-0.9269135594,-0.1011331528,0.9889325500,-0.1085566878,0.9315770268,0.0558343604,-0.3592307866,1,-67.1,-646.4,2876.3,1,295.9,527.0,2834.9,1,-5.1,-407.9,3037.8,0,-119.4,-960.9,2665.7,1,-23.0,-963.6,2858.4,1,
23,-0.3649176657,-0.0550385192,-0.9294115901,-0.2635214031,0.9635366201,0.0464078337,0.8929678798,0.2618548572,-0.3661153316,1,-31.5,327.1,2950.2,1,-0.3649176657,-0.0550385192,-0.9294115901,-0.2635214031,0.9635366201,0.0464078337,0.8929678798,0.2618548572,-0.3661153316,1,-20.7,138.4,2899.0,1,-0.3660926223,-0.0532092340,-0.9290559888,-0.2425415367,0.9693136215,0.0400581136,0.8984151483,0.2399996370,-0.3677640259,1,-10.4,-49.8,2852.4,1,-0.8031827211,-0.5516979694,0.2247817367,-0.5491386652,0.5393522978,-0.6383931637,0.2309636921,-0.6361827254,-0.7361571193,1,29.3,171.5,2776.3,1,-0.3188309371,-0.5516979694,0.7706984878,-0.8412184715,0.5393522978,0.0380863473,-0.4366901517,-0.6361827254,-0.6360607147,1,217.8,300.4,2722.1,1,0.0526983626,0.3520652652,-0.9344907403,-0.9962367415,0.0830194950,-0.0249031503,0.0688134134,0.9322863221,0.3551153243,0,-70.7,105.3,3021.6,1,0.1795419604,0.3551952541,-0.9173881412,-0.9837493300,0.0661652684,-0.1669115573,0.0014130420,0.9324475527,0.3613025248,0,-57.1,-151.4,3039.3,0,-0.2228268832,0.3326217234,-0.9163574576,0.1478474885,0.9406479597,0.3054873049,0.9635815024,-0.0674103647,-0.2587789595,1,29.4,-214.1,2723.9,1,-0.2552431524,0.0504730716,-0.9655585885,-0.1957638413,0.9752554297,0.1027296707,0.9468513131,0.2152425051,-0.2390464544,1,-99.7,-579.0,2750.0,1,-0.3820259571,0.0958255455,-0.9191700816,0.0381807759,0.9953969717,0.0879036635,0.9233625531,-0.0015131454,-0.3839261830,1,-32.3,-258.9,2885.7,1,-0.3607507348,-0.1500544995,-0.9205121398,-0.1432149410,0.9841796160,-0.1043068171,0.9216009974,0.0942023173,-0.3765335679,1,-69.5,-645.0,2886.3,1,302.4,523.5,2837.9,1,-10.3,-408.0,3039.7,0,-119.5,-961.2,2665.7,1,-20.9,-963.5,2855.8,1,
